1000
1000
-1.3672,0.1958
-1.2707,0.1895
-1.0652,0.1511
-0.9277,0.1422
-0.8280,0.1378
-0.7520,0.1328
-0.6913,0.1269
-0.6430,0.1227
-0.6033,0.1192
-0.5694,0.1159
-0.5404,0.1127
-0.5153,0.1098
-0.4931,0.1067
-0.4731,0.1036
-0.4553,0.1009
-0.4392,0.0984
-0.4247,0.0961
-0.4114,0.0941
-0.3992,0.0922
-0.3879,0.0903
-0.3775,0.0886
-0.3678,0.0871
-0.3589,0.0857
-0.3505,0.0843
-0.3427,0.0830
-0.3354,0.0818
-0.3285,0.0806
-0.3220,0.0794
-0.3158,0.0782
-0.3099,0.0770
-0.3043,0.0759
-0.2990,0.0749
-0.2940,0.0739
-0.2892,0.0729
-0.2846,0.0720
-0.2802,0.0711
-0.2761,0.0703
-0.2720,0.0694
-0.2682,0.0685
-0.2644,0.0677
-0.2608,0.0669
-0.2574,0.0661
-0.2541,0.0654
-0.2509,0.0647
-0.2478,0.0640
-0.2448,0.0633
-0.2420,0.0627
-0.2392,0.0621
-0.2365,0.0615
-0.2339,0.0609
-0.2314,0.0604
-0.2290,0.0598
-0.2266,0.0593
-0.2243,0.0587
-0.2220,0.0582
-0.2198,0.0577
-0.2177,0.0572
-0.2156,0.0567
-0.2136,0.0562
-0.2116,0.0557
-0.2097,0.0552
-0.2078,0.0547
-0.2060,0.0543
-0.2042,0.0538
-0.2024,0.0534
-0.2007,0.0529
-0.1990,0.0525
-0.1974,0.0521
-0.1957,0.0517
-0.1942,0.0513
-0.1926,0.0509
-0.1911,0.0505
-0.1896,0.0501
-0.1881,0.0497
-0.1867,0.0494
-0.1853,0.0490
-0.1839,0.0487
-0.1826,0.0483
-0.1812,0.0480
-0.1799,0.0476
-0.1786,0.0473
-0.1773,0.0469
-0.1761,0.0466
-0.1749,0.0463
-0.1737,0.0459
-0.1725,0.0456
-0.1713,0.0453
-0.1701,0.0449
-0.1689,0.0446
-0.1678,0.0443
-0.1667,0.0439
-0.1655,0.0436
-0.1644,0.0433
-0.1634,0.0430
-0.1623,0.0426
-0.1612,0.0423
-0.1602,0.0420
-0.1592,0.0417
-0.1582,0.0414
-0.1571,0.0411
-0.1561,0.0408
-0.1552,0.0405
-0.1542,0.0402
-0.1532,0.0399
-0.1523,0.0396
-0.1514,0.0393
-0.1504,0.0390
-0.1495,0.0388
-0.1486,0.0385
-0.1477,0.0382
-0.1468,0.0380
-0.1460,0.0377
-0.1451,0.0375
-0.1442,0.0372
-0.1434,0.0370
-0.1425,0.0367
-0.1417,0.0365
-0.1409,0.0362
-0.1401,0.0360
-0.1393,0.0358
-0.1385,0.0355
-0.1377,0.0353
-0.1369,0.0350
-0.1361,0.0348
-0.1353,0.0346
-0.1345,0.0344
-0.1338,0.0341
-0.1330,0.0339
-0.1323,0.0337
-0.1315,0.0335
-0.1308,0.0332
-0.1300,0.0330
-0.1293,0.0328
-0.1286,0.0326
-0.1279,0.0324
-0.1271,0.0322
-0.1264,0.0320
-0.1257,0.0318
-0.1250,0.0316
-0.1243,0.0314
-0.1236,0.0312
-0.1230,0.0310
-0.1223,0.0308
-0.1216,0.0306
-0.1209,0.0304
-0.1203,0.0302
-0.1196,0.0300
-0.1189,0.0298
-0.1183,0.0296
-0.1176,0.0294
-0.1169,0.0292
-0.1163,0.0291
-0.1156,0.0289
-0.1150,0.0287
-0.1143,0.0285
-0.1137,0.0283
-0.1131,0.0281
-0.1124,0.0279
-0.1118,0.0278
-0.1112,0.0276
-0.1105,0.0274
-0.1099,0.0272
-0.1093,0.0270
-0.1086,0.0268
-0.1080,0.0267
-0.1074,0.0265
-0.1068,0.0263
-0.1061,0.0261
-0.1055,0.0260
-0.1049,0.0258
-0.1043,0.0256
-0.1037,0.0254
-0.1031,0.0253
-0.1024,0.0251
-0.1018,0.0249
-0.1012,0.0247
-0.1006,0.0246
-0.1000,0.0244
-0.0994,0.0242
-0.0988,0.0240
-0.0982,0.0239
-0.0976,0.0237
-0.0970,0.0235
-0.0964,0.0233
-0.0958,0.0232
-0.0951,0.0230
-0.0945,0.0228
-0.0939,0.0227
-0.0933,0.0225
-0.0927,0.0223
-0.0921,0.0221
-0.0915,0.0219
-0.0909,0.0218
-0.0903,0.0216
-0.0896,0.0214
-0.0890,0.0212
-0.0884,0.0210
-0.0878,0.0208
-0.0872,0.0207
-0.0866,0.0205
-0.0859,0.0203
-0.0853,0.0201
-0.0847,0.0200
-0.0841,0.0198
-0.0835,0.0196
-0.0828,0.0195
-0.0822,0.0193
-0.0816,0.0191
-0.0810,0.0189
-0.0803,0.0187
-0.0797,0.0186
-0.0791,0.0184
-0.0784,0.0182
-0.0778,0.0180
-0.0771,0.0179
-0.0765,0.0177
-0.0759,0.0175
-0.0752,0.0173
-0.0746,0.0171
-0.0739,0.0169
-0.0733,0.0168
-0.0727,0.0166
-0.0720,0.0164
-0.0714,0.0163
-0.0707,0.0161
-0.0700,0.0159
-0.0694,0.0158
-0.0687,0.0156
-0.0681,0.0155
-0.0674,0.0153
-0.0667,0.0152
-0.0661,0.0150
-0.0654,0.0149
-0.0647,0.0147
-0.0640,0.0146
-0.0633,0.0144
-0.0626,0.0143
-0.0619,0.0141
-0.0612,0.0140
-0.0605,0.0138
-0.0597,0.0137
-0.0590,0.0135
-0.0583,0.0134
-0.0575,0.0132
-0.0568,0.0131
-0.0560,0.0129
-0.0552,0.0128
-0.0545,0.0126
-0.0537,0.0124
-0.0529,0.0123
-0.0521,0.0121
-0.0512,0.0120
-0.0504,0.0118
-0.0496,0.0117
-0.0487,0.0115
-0.0479,0.0114
-0.0470,0.0112
-0.0461,0.0110
-0.0452,0.0109
-0.0443,0.0107
-0.0434,0.0105
-0.0424,0.0103
-0.0415,0.0102
-0.0405,0.0100
-0.0395,0.0098
-0.0385,0.0097
-0.0374,0.0095
-0.0364,0.0093
-0.0353,0.0092
-0.0341,0.0090
-0.0330,0.0088
-0.0318,0.0087
-0.0305,0.0085
-0.0292,0.0083
-0.0278,0.0081
-0.0264,0.0078
-0.0249,0.0076
-0.0233,0.0073
-0.0216,0.0071
-0.0197,0.0067
-0.0177,0.0064
0.0000,0.0000
0.0000,0.0000
0.0000,0.0000
0.0000,0.0000
0.0000,0.0000
0.0000,0.0000
0.0000,0.0000
0.0000,0.0000
0.0000,0.0000
0.0000,0.0000
0.0000,0.0000
0.0000,0.0000
0.0000,0.0000
0.0000,0.0000
0.0000,0.0000
0.0000,0.0000
0.0000,0.0000
0.0000,0.0000
0.0000,0.0000
0.0000,0.0000
0.0000,0.0000
0.0000,0.0000
0.0000,0.0000
0.0000,0.0000
0.0000,0.0000
0.0000,0.0000
0.0000,0.0000
0.0000,0.0000
0.0000,0.0000
0.0000,0.0000
0.0000,0.0000
0.0000,0.0000
0.0000,0.0000
0.0000,0.0000
0.0000,0.0000
0.0000,0.0000
0.0000,0.0000
0.0000,0.0000
0.0000,0.0000
0.0000,0.0000
0.0000,0.0000
0.0000,0.0000
0.0000,0.0000
0.0000,0.0000
0.0000,0.0000
0.0000,0.0000
0.0000,0.0000
0.0000,0.0000
0.0000,0.0000
0.0000,0.0000
0.0000,0.0000
0.0000,0.0000
0.0000,0.0000
0.0000,0.0000
0.0000,0.0000
0.0000,0.0000
0.0000,0.0000
0.0000,0.0000
0.0000,0.0000
0.0000,0.0000
0.0000,0.0000
0.0000,0.0000
0.0000,0.0000
0.0000,0.0000
0.0000,0.0000
0.0000,0.0000
0.0000,0.0000
0.0000,0.0000
0.0000,0.0000
0.0000,0.0000
0.0000,0.0000
0.0000,0.0000
0.0000,0.0000
0.0000,0.0000
0.0000,0.0000
0.0000,0.0000
0.0000,0.0000
0.0000,0.0000
0.0000,0.0000
0.0000,0.0000
0.0000,0.0000
0.0000,0.0000
0.0000,0.0000
0.0000,0.0000
0.0000,0.0000
0.0000,0.0000
0.0000,0.0000
0.0000,0.0000
0.0000,0.0000
0.0000,0.0000
0.0000,0.0000
0.0000,0.0000
0.0000,0.0000
0.0000,0.0000
0.0000,0.0000
0.0000,0.0000
0.0000,0.0000
0.0000,0.0000
0.0000,0.0000
0.0000,0.0000
0.0000,0.0000
0.0000,0.0000
0.0000,0.0000
0.0000,0.0000
0.0000,0.0000
0.0000,0.0000
0.0000,0.0000
0.0000,0.0000
0.0000,0.0000
0.0000,0.0000
0.0000,0.0000
0.0000,0.0000
0.0000,0.0000
0.0000,0.0000
0.0000,0.0000
0.0000,0.0000
0.0000,0.0000
0.0000,0.0000
0.0000,0.0000
0.0000,0.0000
0.0000,0.0000
0.0000,0.0000
0.0000,0.0000
0.0000,0.0000
0.0000,0.0000
0.0000,0.0000
0.0000,0.0000
0.0000,0.0000
0.0000,0.0000
0.0000,0.0000
0.0000,0.0000
0.0000,0.0000
0.0000,0.0000
0.0000,0.0000
0.0000,0.0000
0.0000,0.0000
0.0000,0.0000
0.0000,0.0000
0.0000,0.0000
0.0000,0.0000
0.0000,0.0000
0.0000,0.0000
0.0000,0.0000
0.0000,0.0000
0.0000,0.0000
0.0000,0.0000
0.0000,0.0000
0.0000,0.0000
0.0000,0.0000
0.0000,0.0000
0.0000,0.0000
0.0000,0.0000
0.0000,0.0000
0.0000,0.0000
0.0000,0.0000
0.0000,0.0000
0.0000,0.0000
0.0000,0.0000
0.0000,0.0000
0.0000,0.0000
0.0000,0.0000
0.0000,0.0000
0.0000,0.0000
0.0000,0.0000
0.0000,0.0000
0.0000,0.0000
0.0000,0.0000
0.0000,0.0000
0.0000,0.0000
0.0000,0.0000
0.0000,0.0000
0.0000,0.0000
0.0000,0.0000
0.0000,0.0000
0.0000,0.0000
0.0000,0.0000
0.0000,0.0000
0.0000,0.0000
0.0000,0.0000
0.0000,0.0000
0.0000,0.0000
0.0000,0.0000
0.0000,0.0000
0.0000,0.0000
0.0000,0.0000
0.0000,0.0000
0.0000,0.0000
0.0000,0.0000
0.0000,0.0000
0.0000,0.0000
0.0000,0.0000
0.0000,0.0000
0.0000,0.0000
0.0000,0.0000
0.0000,0.0000
0.0000,0.0000
0.0000,0.0000
0.0000,0.0000
0.0000,0.0000
0.0000,0.0000
0.0000,0.0000
0.0000,0.0000
0.0000,0.0000
0.0000,0.0000
0.0000,0.0000
0.0000,0.0000
0.0000,0.0000
0.0000,0.0000
0.0000,0.0000
0.0000,0.0000
0.0000,0.0000
0.0000,0.0000
0.0000,0.0000
0.0000,0.0000
0.0000,0.0000
0.0000,0.0000
0.0000,0.0000
0.0000,0.0000
0.0000,0.0000
0.0000,0.0000
0.0000,0.0000
0.0000,0.0000
0.0000,0.0000
0.0000,0.0000
0.0000,0.0000
0.0000,0.0000
0.0000,0.0000
0.0000,0.0000
0.0000,0.0000
0.0000,0.0000
0.0000,0.0000
0.0000,0.0000
0.0000,0.0000
0.0000,0.0000
0.0000,0.0000
0.0000,0.0000
0.0000,0.0000
0.0000,0.0000
0.0000,0.0000
0.0000,0.0000
0.0000,0.0000
0.0000,0.0000
0.0000,0.0000
0.0000,0.0000
0.0000,0.0000
0.0000,0.0000
0.0000,0.0000
0.0000,0.0000
0.0000,0.0000
0.0000,0.0000
0.0000,0.0000
0.0000,0.0000
0.0000,0.0000
0.0000,0.0000
0.0000,0.0000
0.0000,0.0000
0.0000,0.0000
0.0000,0.0000
0.0000,0.0000
0.0000,0.0000
0.0000,0.0000
0.0000,0.0000
0.0000,0.0000
0.0000,0.0000
0.0000,0.0000
0.0000,0.0000
0.0000,0.0000
0.0000,0.0000
0.0000,0.0000
0.0000,0.0000
0.0000,0.0000
0.0000,0.0000
0.0000,0.0000
0.0000,0.0000
0.0000,0.0000
0.0000,0.0000
0.0000,0.0000
0.0000,0.0000
0.0000,0.0000
0.0000,0.0000
0.0000,0.0000
0.0000,0.0000
0.0000,0.0000
0.0000,0.0000
0.0000,0.0000
0.0000,0.0000
0.0000,0.0000
0.0000,0.0000
0.0000,0.0000
0.0000,0.0000
0.0000,0.0000
0.0000,0.0000
0.0000,0.0000
0.0000,0.0000
0.0000,0.0000
0.0000,0.0000
0.0000,0.0000
0.0000,0.0000
0.0000,0.0000
0.0000,0.0000
0.0000,0.0000
0.0000,0.0000
0.0000,0.0000
0.0000,0.0000
0.0000,0.0000
0.0000,0.0000
0.0000,0.0000
0.0000,0.0000
0.0000,0.0000
0.0000,0.0000
0.0000,0.0000
0.0000,0.0000
0.0000,0.0000
0.0000,0.0000
0.0000,0.0000
0.0000,0.0000
0.0000,0.0000
0.0000,0.0000
0.0000,0.0000
0.0000,0.0000
0.0000,0.0000
0.0000,0.0000
0.0000,0.0000
0.0000,0.0000
0.0000,0.0000
0.0000,0.0000
0.0000,0.0000
0.0000,0.0000
0.0000,0.0000
0.0000,0.0000
0.0000,0.0000
0.0000,0.0000
0.0000,0.0000
0.0000,0.0000
0.0000,0.0000
0.0000,0.0000
0.0000,0.0000
0.0000,0.0000
0.0000,0.0000
0.0000,0.0000
0.0000,0.0000
0.0000,0.0000
0.0000,0.0000
0.0000,0.0000
0.0000,0.0000
0.0000,0.0000
0.0000,0.0000
0.0000,0.0000
0.0000,0.0000
0.0000,0.0000
0.0000,0.0000
0.0000,0.0000
0.0000,0.0000
0.0000,0.0000
0.0000,0.0000
0.0000,0.0000
0.0000,0.0000
0.0000,0.0000
0.0000,0.0000
0.0000,0.0000
0.0000,0.0000
0.0000,0.0000
0.0000,0.0000
0.0000,0.0000
0.0000,0.0000
0.0000,0.0000
0.0000,0.0000
0.0000,0.0000
0.0000,0.0000
0.0000,0.0000
0.0000,0.0000
0.0000,0.0000
0.0000,0.0000
0.0000,0.0000
0.0000,0.0000
0.0000,0.0000
0.0000,0.0000
0.0000,0.0000
0.0000,0.0000
0.0000,0.0000
0.0000,0.0000
0.0000,0.0000
0.0000,0.0000
0.0000,0.0000
0.0000,0.0000
0.0000,0.0000
0.0000,0.0000
0.0000,0.0000
0.0000,0.0000
0.0000,0.0000
0.0000,0.0000
0.0000,0.0000
0.0000,0.0000
0.0000,0.0000
0.0000,0.0000
0.0000,0.0000
0.0000,0.0000
0.0000,0.0000
0.0000,0.0000
0.0000,0.0000
0.0000,0.0000
0.0000,0.0000
0.0000,0.0000
0.0000,0.0000
0.0000,0.0000
0.0000,0.0000
0.0000,0.0000
0.0000,0.0000
0.0000,0.0000
0.0000,0.0000
0.0000,0.0000
0.0000,0.0000
0.0000,0.0000
0.0000,0.0000
0.0000,0.0000
0.0000,0.0000
0.0000,0.0000
0.0000,0.0000
0.0000,0.0000
0.0000,0.0000
0.0000,0.0000
0.0000,0.0000
0.0000,0.0000
0.0000,0.0000
0.0000,0.0000
0.0000,0.0000
0.0000,0.0000
0.0000,0.0000
0.0000,0.0000
0.0000,0.0000
0.0000,0.0000
0.0000,0.0000
0.0000,0.0000
0.0000,0.0000
0.0000,0.0000
0.0000,0.0000
0.0000,0.0000
0.0000,0.0000
0.0000,0.0000
0.0000,0.0000
0.0000,0.0000
0.0000,0.0000
0.0000,0.0000
0.0000,0.0000
0.0000,0.0000
0.0000,0.0000
0.0000,0.0000
0.0000,0.0000
0.0000,0.0000
0.0000,0.0000
0.0000,0.0000
0.0000,0.0000
0.0000,0.0000
0.0000,0.0000
0.0000,0.0000
0.0000,0.0000
0.0000,0.0000
0.0000,0.0000
0.0000,0.0000
0.0000,0.0000
0.0000,0.0000
0.0000,0.0000
0.0000,0.0000
0.0000,0.0000
0.0000,0.0000
0.0000,0.0000
0.0000,0.0000
0.0000,0.0000
0.0000,0.0000
0.0000,0.0000
0.0000,0.0000
0.0000,0.0000
0.0000,0.0000
0.0000,0.0000
0.0000,0.0000
0.0000,0.0000
0.0000,0.0000
0.0000,0.0000
0.0000,0.0000
0.0000,0.0000
0.0000,0.0000
0.0000,0.0000
0.0000,0.0000
0.0000,0.0000
0.0000,0.0000
0.0000,0.0000
0.0000,0.0000
0.0000,0.0000
0.0000,0.0000
0.0000,0.0000
0.0000,0.0000
0.0000,0.0000
0.0000,0.0000
0.0000,0.0000
0.0000,0.0000
0.0000,0.0000
0.0000,0.0000
0.0000,0.0000
0.0000,0.0000
0.0000,0.0000
0.0000,0.0000
0.0000,0.0000
0.0000,0.0000
0.0000,0.0000
0.0000,0.0000
0.0000,0.0000
0.0000,0.0000
0.0000,0.0000
0.0000,0.0000
0.0000,0.0000
0.0000,0.0000
0.0000,0.0000
0.0000,0.0000
0.0000,0.0000
0.0000,0.0000
0.0000,0.0000
0.0000,0.0000
0.0000,0.0000
0.0000,0.0000
0.0000,0.0000
0.0000,0.0000
0.0000,0.0000
0.0000,0.0000
0.0000,0.0000
0.0000,0.0000
0.0000,0.0000
0.0000,0.0000
0.0000,0.0000
0.0000,0.0000
0.0000,0.0000
0.0000,0.0000
0.0000,0.0000
0.0000,0.0000
0.0000,0.0000
0.0000,0.0000
0.0000,0.0000
0.0000,0.0000
0.0000,0.0000
0.0000,0.0000
0.0000,0.0000
0.0000,0.0000
0.0000,0.0000
0.0000,0.0000
0.0000,0.0000
0.0000,0.0000
0.0000,0.0000
0.0000,0.0000
0.0000,0.0000
0.0000,0.0000
0.0000,0.0000
0.0000,0.0000
0.0000,0.0000
0.0000,0.0000
0.0000,0.0000
0.0000,0.0000
0.0000,0.0000
0.0000,0.0000
0.0000,0.0000
0.0000,0.0000
0.0000,0.0000
0.0000,0.0000
0.0000,0.0000
0.0000,0.0000
0.0000,0.0000
0.0000,0.0000
0.0000,0.0000
0.0000,0.0000
0.0000,0.0000
0.0000,0.0000
0.0000,0.0000
0.0000,0.0000
0.0000,0.0000
0.0000,0.0000
0.0000,0.0000
0.0000,0.0000
0.0000,0.0000
0.0000,0.0000
0.0000,0.0000
0.0000,0.0000
0.0000,0.0000
0.0000,0.0000
0.0000,0.0000
0.0000,0.0000
0.0000,0.0000
0.0000,0.0000
0.0000,0.0000
0.0000,0.0000
0.0000,0.0000
0.0000,0.0000
0.0000,0.0000
0.0000,0.0000
0.0000,0.0000
0.0000,0.0000
0.0000,0.0000
0.0000,0.0000
0.0000,0.0000
0.0000,0.0000
0.0000,0.0000
0.0000,0.0000
0.0000,0.0000
0.0000,0.0000
0.0000,0.0000
0.0000,0.0000
0.0000,0.0000
0.0000,0.0000
0.0000,0.0000
0.0000,0.0000
0.0000,0.0000
0.0000,0.0000
0.0000,0.0000
0.0000,0.0000
0.0000,0.0000
0.0000,0.0000
0.0000,0.0000
0.0000,0.0000
0.0000,0.0000
0.0000,0.0000
0.0000,0.0000
0.0000,0.0000
0.0000,0.0000
0.0000,0.0000
0.0000,0.0000
0.0000,0.0000
0.0000,0.0000
0.0000,0.0000
0.0000,0.0000
0.0000,0.0000
0.0000,0.0000
0.0000,0.0000
0.0000,0.0000
0.0000,0.0000
0.0000,0.0000
0.0000,0.0000
0.0000,0.0000
0.0000,0.0000
0.0000,0.0000
0.0000,0.0000
0.0000,0.0000
0.0000,0.0000
0.0000,0.0000
0.0000,0.0000
0.0000,0.0000
0.0000,0.0000
0.0000,0.0000
0.0000,0.0000
0.0000,0.0000
0.0000,0.0000
0.0000,0.0000
0.0000,0.0000
0.0000,0.0000
0.0000,0.0000
0.0000,0.0000
0.0000,0.0000
0.0000,0.0000
0.0000,0.0000
0.0000,0.0000
0.0000,0.0000
0.0000,0.0000
0.0000,0.0000
0.0000,0.0000
0.0000,0.0000
0.0000,0.0000
0.0000,0.0000
0.0000,0.0000
0.0000,0.0000
0.0000,0.0000
0.0000,0.0000
0.0000,0.0000
0.0000,0.0000
0.0000,0.0000
0.0000,0.0000
0.0000,0.0000
0.0000,0.0000
0.0000,0.0000
0.0000,0.0000
0.0000,0.0000
0.0000,0.0000
0.0000,0.0000
0.0000,0.0000
0.0000,0.0000
0.0000,0.0000
0.0000,0.0000
0.0000,0.0000
0.0000,0.0000
0.0000,0.0000
0.0000,0.0000
0.0000,0.0000
0.0000,0.0000
0.0000,0.0000
0.0000,0.0000
0.0000,0.0000
0.0000,0.0000
0.0000,0.0000
0.0000,0.0000
0.0000,0.0000
0.0000,0.0000
0.0000,0.0000
0.0000,0.0000
0.0000,0.0000
0.0000,0.0000
0.0000,0.0000
0.0000,0.0000
0.0000,0.0000
0.0000,0.0000
0.0000,0.0000
0.0000,0.0000
0.0000,0.0000
0.0000,0.0000
0.0000,0.0000
0.0000,0.0000
0.0000,0.0000
0.0000,0.0000
0.0000,0.0000
0.0000,0.0000
0.0000,0.0000
0.0000,0.0000
0.0000,0.0000
0.0000,0.0000
0.0000,0.0000
-0.9722
-0.9531
-0.6756
-0.6366
-0.6138
-0.5893
-0.5670
-0.5534
-0.5400
-0.5191
-0.4380
-0.4102
-0.4088
-0.3917
-0.3398
-0.3053
-0.2923
-0.2905
-0.2768
-0.2761
-0.2705
-0.2696
-0.2670
-0.2568
-0.1919
-0.1888
-0.1794
-0.1684
-0.1548
-0.1301
-0.1171
-0.0713
-0.0638
-0.0585
-0.0403
-0.0291
-0.0279
-0.0087
-0.0078
0.0178
0.0221
0.0402
0.0468
0.0490
0.0520
0.0569
0.0603
0.0685
0.0749
0.0823
0.0829
0.0953
0.0974
0.0998
0.1119
0.1128
0.1191
0.1264
0.1279
0.1402
0.1425
0.1596
0.1606
0.1661
0.1692
0.1729
0.1844
0.1860
0.1864
0.1895
0.1987
0.2062
0.2230
0.2268
0.2289
0.2315
0.2343
0.2350
0.2520
0.2638
0.2655
0.2678
0.2702
0.2801
0.2895
0.2898
0.2913
0.2956
0.2990
0.3067
0.3074
0.3149
0.3173
0.3177
0.3262
0.3280
0.3383
0.3460
0.3505
0.3513
0.3521
0.3534
0.3546
0.3560
0.3582
0.3594
0.3628
0.3672
0.3704
0.3708
0.3741
0.3742
0.3840
0.3857
0.3863
0.3876
0.3893
0.4009
0.4140
0.4200
0.4244
0.4314
0.4354
0.4374
0.4378
0.4422
0.4426
0.4449
0.4513
0.4536
0.4546
0.4555
0.4599
0.4668
0.4713
0.4726
0.4770
0.4810
0.4856
0.4868
0.4906
0.4958
0.4972
0.4993
0.5024
0.5082
0.5086
0.5157
0.5161
0.5172
0.5173
0.5175
0.5181
0.5203
0.5204
0.5212
0.5213
0.5230
0.5240
0.5404
0.5467
0.5583
0.5631
0.5655
0.5680
0.5707
0.5716
0.5731
0.5759
0.5889
0.5903
0.5923
0.5932
0.5999
0.6124
0.6183
0.6199
0.6269
0.6339
0.6361
0.6362
0.6365
0.6434
0.6437
0.6473
0.6474
0.6488
0.6502
0.6506
0.6568
0.6581
0.6668
0.6685
0.6718
0.6758
0.6761
0.6771
0.6840
0.6854
0.6873
0.7043
0.7058
0.7076
0.7078
0.7083
0.7261
0.7304
0.7318
0.7329
0.7353
0.7390
0.7398
0.7424
0.7466
0.7466
0.7487
0.7562
0.7570
0.7629
0.7633
0.7633
0.7656
0.7657
0.7673
0.7677
0.7695
0.7732
0.7745
0.7757
0.7771
0.7803
0.7807
0.7817
0.7838
0.7869
0.7924
0.7924
0.7943
0.7958
0.7983
0.8015
0.8051
0.8069
0.8075
0.8125
0.8135
0.8160
0.8181
0.8183
0.8241
0.8271
0.8336
0.8427
0.8465
0.8472
0.8508
0.8512
0.8517
0.8543
0.8577
0.8597
0.8620
0.8662
0.8667
0.8686
0.8699
0.8767
0.8789
0.8812
0.8829
0.8831
0.8838
0.8857
0.8868
0.8902
0.8909
0.8934
0.8943
0.8988
0.9009
0.9048
0.9086
0.9106
0.9109
0.9126
0.9224
0.9229
0.9233
0.9242
0.9270
0.9288
0.9289
0.9354
0.9362
0.9370
0.9385
0.9439
0.9453
0.9458
0.9470
0.9480
0.9500
0.9535
0.9553
0.9582
0.9620
0.9662
0.9715
0.9789
0.9797
0.9811
0.9820
0.9834
0.9847
0.9863
0.9882
0.9895
0.9923
0.9925
0.9955
0.9961
0.9978
0.9990
1.0069
1.0131
1.0134
1.0150
1.0235
1.0236
1.0241
1.0242
1.0260
1.0317
1.0337
1.0371
1.0390
1.0469
1.0509
1.0515
1.0557
1.0613
1.0670
1.0704
1.0713
1.0762
1.0771
1.0796
1.0839
1.0848
1.0850
1.0889
1.0900
1.0934
1.0944
1.0961
1.1044
1.1077
1.1101
1.1102
1.1124
1.1138
1.1174
1.1178
1.1195
1.1248
1.1269
1.1286
1.1303
1.1320
1.1326
1.1352
1.1353
1.1395
1.1411
1.1416
1.1461
1.1486
1.1501
1.1505
1.1579
1.1596
1.1633
1.1645
1.1646
1.1669
1.1719
1.1730
1.1747
1.1747
1.1748
1.1755
1.1758
1.1791
1.1805
1.1806
1.1834
1.1837
1.1874
1.1875
1.1877
1.1916
1.1944
1.1960
1.2103
1.2173
1.2190
1.2197
1.2213
1.2224
1.2232
1.2253
1.2269
1.2287
1.2302
1.2334
1.2335
1.2343
1.2353
1.2355
1.2407
1.2420
1.2464
1.2491
1.2492
1.2508
1.2514
1.2524
1.2530
1.2538
1.2586
1.2592
1.2607
1.2641
1.2695
1.2700
1.2725
1.2745
1.2754
1.2770
1.2805
1.2840
1.2857
1.2871
1.2902
1.2918
1.2939
1.2954
1.2979
1.3024
1.3048
1.3050
1.3081
1.3104
1.3111
1.3119
1.3119
1.3120
1.3120
1.3131
1.3164
1.3215
1.3276
1.3300
1.3310
1.3359
1.3438
1.3446
1.3447
1.3488
1.3518
1.3520
1.3543
1.3552
1.3556
1.3598
1.3602
1.3615
1.3632
1.3649
1.3650
1.3668
1.3670
1.3742
1.3812
1.3834
1.3868
1.3872
1.3896
1.3901
1.3914
1.3917
1.3964
1.3972
1.3978
1.3982
1.4014
1.4018
1.4061
1.4077
1.4088
1.4089
1.4108
1.4119
1.4247
1.4289
1.4290
1.4293
1.4300
1.4321
1.4334
1.4334
1.4345
1.4348
1.4355
1.4381
1.4389
1.4390
1.4396
1.4452
1.4480
1.4481
1.4489
1.4517
1.4571
1.4603
1.4617
1.4666
1.4678
1.4727
1.4728
1.4734
1.4735
1.4755
1.4793
1.4798
1.4826
1.4846
1.4855
1.4877
1.4892
1.4936
1.4946
1.4989
1.5001
1.5061
1.5081
1.5092
1.5160
1.5168
1.5198
1.5243
1.5259
1.5272
1.5303
1.5311
1.5316
1.5323
1.5325
1.5329
1.5344
1.5423
1.5427
1.5428
1.5441
1.5455
1.5468
1.5474
1.5497
1.5521
1.5541
1.5563
1.5573
1.5583
1.5627
1.5679
1.5682
1.5722
1.5729
1.5776
1.5784
1.5825
1.5835
1.5840
1.5933
1.5943
1.5993
1.6001
1.6016
1.6041
1.6058
1.6059
1.6108
1.6129
1.6166
1.6170
1.6239
1.6288
1.6291
1.6344
1.6392
1.6409
1.6419
1.6468
1.6477
1.6497
1.6502
1.6509
1.6514
1.6608
1.6610
1.6640
1.6668
1.6685
1.6693
1.6695
1.6807
1.6807
1.6817
1.6826
1.6830
1.6854
1.6877
1.6878
1.6879
1.6883
1.6911
1.6915
1.6919
1.6933
1.6943
1.6945
1.6949
1.6971
1.7024
1.7046
1.7104
1.7106
1.7127
1.7196
1.7203
1.7205
1.7255
1.7261
1.7302
1.7312
1.7349
1.7396
1.7404
1.7443
1.7457
1.7500
1.7518
1.7531
1.7564
1.7588
1.7619
1.7628
1.7644
1.7675
1.7710
1.7734
1.7751
1.7805
1.7812
1.7820
1.7851
1.7880
1.7888
1.7890
1.7896
1.7906
1.7907
1.7934
1.7953
1.8048
1.8064
1.8080
1.8080
1.8102
1.8103
1.8122
1.8200
1.8245
1.8268
1.8271
1.8329
1.8373
1.8382
1.8391
1.8414
1.8420
1.8444
1.8490
1.8526
1.8560
1.8591
1.8641
1.8666
1.8698
1.8712
1.8715
1.8718
1.8744
1.8771
1.8775
1.8780
1.8804
1.8813
1.8887
1.8925
1.8939
1.8942
1.8953
1.8976
1.8991
1.9040
1.9055
1.9118
1.9256
1.9264
1.9303
1.9376
1.9384
1.9398
1.9453
1.9457
1.9476
1.9561
1.9658
1.9664
1.9689
1.9693
1.9702
1.9719
1.9720
1.9731
1.9763
1.9785
1.9795
1.9821
1.9907
1.9994
1.9994
2.0001
2.0022
2.0023
2.0116
2.0122
2.0193
2.0226
2.0280
2.0432
2.0476
2.0479
2.0487
2.0495
2.0537
2.0575
2.0585
2.0608
2.0618
2.0622
2.0763
2.0783
2.0797
2.0833
2.0925
2.0974
2.1054
2.1082
2.1118
2.1178
2.1192
2.1214
2.1253
2.1259
2.1351
2.1354
2.1373
2.1375
2.1446
2.1495
2.1603
2.1648
2.1694
2.1777
2.1819
2.1823
2.1913
2.1916
2.1920
2.1939
2.1948
2.1952
2.2007
2.2027
2.2028
2.2038
2.2046
2.2051
2.2078
2.2132
2.2145
2.2146
2.2148
2.2162
2.2176
2.2184
2.2203
2.2293
2.2319
2.2360
2.2417
2.2467
2.2509
2.2517
2.2543
2.2621
2.2634
2.2704
2.2752
2.2869
2.2886
2.2944
2.2959
2.3013
2.3021
2.3107
2.3155
2.3196
2.3214
2.3234
2.3238
2.3287
2.3319
2.3337
2.3409
2.3451
2.3478
2.3516
2.3519
2.3590
2.3593
2.3618
2.3637
2.3669
2.3710
2.3764
2.3879
2.3935
2.4024
2.4050
2.4145
2.4307
2.4365
2.4400
2.4428
2.4466
2.4523
2.4617
2.4718
2.4842
2.4856
2.4891
2.4990
2.5149
2.5167
2.5206
2.5211
2.5400
2.5430
2.5534
2.5586
2.5742
2.5846
2.5873
2.5877
2.6013
2.6033
2.6146
2.6179
2.6191
2.6306
2.6335
2.6380
2.6600
2.6629
2.6675
2.6750
2.6801
2.6807
2.6830
2.6859
2.7133
2.7201
2.7258
2.7267
2.7280
2.7330
2.7365
2.7373
2.7582
2.7613
2.7691
2.7742
2.7753
2.7793
2.7844
2.7846
2.7874
2.7887
2.7908
2.7954
2.8165
2.8228
2.8269
2.8324
2.8334
2.8365
2.8426
2.8447
2.8465
2.8620
2.8652
2.8759
2.8780
2.8826
2.8915
2.8971
2.8995
2.9064
2.9100
2.9109
2.9134
2.9204
2.9412
2.9478
2.9598
2.9742
2.9793
2.9884
2.9921
2.9947
3.0130
3.0161
3.0234
3.0315
3.0675
3.0753
3.0777
3.0787
3.0915
3.1022
3.1062
3.1211
3.1551
3.1603
3.1703
3.1793
3.1837
3.1839
3.2329
3.2627
3.2759
3.2833
3.3314
3.3506
3.3838
3.3956
3.4151
3.4486
3.4757
3.4787
3.5064
3.5164
3.5363
3.5519
3.6394
3.6673
3.6689
3.7046
3.7268
3.7807
3.7899
3.9088
3.9249
3.9974
4.0026
4.0800
4.0913
4.1255
4.1858
4.3130
4.3469
4.3765
4.5270
4.6125
4.8696
4.9197
5.8088
