1000
1000
-1.7309,0.2053
-1.6379,0.2017
-1.4206,0.1533
-1.2648,0.1420
-1.1481,0.1374
-1.0584,0.1344
-0.9860,0.1325
-0.9272,0.1313
-0.8778,0.1299
-0.8358,0.1288
-0.7990,0.1270
-0.7665,0.1250
-0.7378,0.1231
-0.7121,0.1211
-0.6888,0.1190
-0.6675,0.1169
-0.6481,0.1149
-0.6303,0.1130
-0.6139,0.1113
-0.5989,0.1097
-0.5849,0.1082
-0.5717,0.1067
-0.5594,0.1052
-0.5478,0.1038
-0.5370,0.1024
-0.5267,0.1011
-0.5169,0.0997
-0.5076,0.0984
-0.4989,0.0972
-0.4905,0.0960
-0.4826,0.0948
-0.4750,0.0937
-0.4678,0.0927
-0.4609,0.0917
-0.4544,0.0907
-0.4480,0.0897
-0.4419,0.0887
-0.4361,0.0878
-0.4304,0.0869
-0.4250,0.0860
-0.4198,0.0852
-0.4147,0.0843
-0.4098,0.0835
-0.4051,0.0827
-0.4005,0.0820
-0.3961,0.0812
-0.3918,0.0805
-0.3877,0.0798
-0.3837,0.0791
-0.3798,0.0784
-0.3760,0.0777
-0.3724,0.0771
-0.3688,0.0764
-0.3654,0.0758
-0.3620,0.0752
-0.3587,0.0747
-0.3555,0.0741
-0.3524,0.0736
-0.3494,0.0730
-0.3464,0.0725
-0.3435,0.0720
-0.3406,0.0714
-0.3379,0.0710
-0.3352,0.0705
-0.3325,0.0700
-0.3300,0.0695
-0.3274,0.0691
-0.3250,0.0686
-0.3225,0.0682
-0.3202,0.0678
-0.3179,0.0674
-0.3156,0.0670
-0.3134,0.0666
-0.3112,0.0663
-0.3091,0.0659
-0.3071,0.0656
-0.3050,0.0652
-0.3030,0.0649
-0.3011,0.0645
-0.2991,0.0642
-0.2972,0.0638
-0.2953,0.0635
-0.2935,0.0631
-0.2917,0.0628
-0.2899,0.0625
-0.2882,0.0622
-0.2865,0.0619
-0.2848,0.0615
-0.2832,0.0613
-0.2816,0.0610
-0.2800,0.0607
-0.2784,0.0604
-0.2768,0.0601
-0.2753,0.0598
-0.2738,0.0596
-0.2723,0.0593
-0.2709,0.0590
-0.2694,0.0588
-0.2680,0.0585
-0.2666,0.0582
-0.2653,0.0580
-0.2639,0.0577
-0.2626,0.0575
-0.2613,0.0572
-0.2600,0.0570
-0.2587,0.0568
-0.2575,0.0565
-0.2562,0.0563
-0.2550,0.0561
-0.2538,0.0558
-0.2526,0.0556
-0.2514,0.0554
-0.2503,0.0551
-0.2491,0.0549
-0.2480,0.0547
-0.2468,0.0545
-0.2457,0.0543
-0.2446,0.0540
-0.2436,0.0538
-0.2425,0.0536
-0.2414,0.0534
-0.2404,0.0532
-0.2394,0.0530
-0.2383,0.0528
-0.2373,0.0526
-0.2363,0.0524
-0.2354,0.0522
-0.2344,0.0521
-0.2334,0.0519
-0.2325,0.0517
-0.2316,0.0515
-0.2306,0.0513
-0.2297,0.0511
-0.2288,0.0510
-0.2279,0.0508
-0.2270,0.0506
-0.2262,0.0505
-0.2253,0.0503
-0.2244,0.0501
-0.2236,0.0500
-0.2228,0.0498
-0.2219,0.0496
-0.2211,0.0495
-0.2203,0.0493
-0.2195,0.0492
-0.2187,0.0490
-0.2180,0.0489
-0.2172,0.0488
-0.2164,0.0486
-0.2157,0.0485
-0.2149,0.0483
-0.2142,0.0482
-0.2134,0.0481
-0.2127,0.0479
-0.2120,0.0478
-0.2113,0.0477
-0.2106,0.0475
-0.2099,0.0474
-0.2092,0.0473
-0.2085,0.0472
-0.2078,0.0470
-0.2071,0.0469
-0.2065,0.0468
-0.2058,0.0467
-0.2052,0.0466
-0.2045,0.0464
-0.2039,0.0463
-0.2033,0.0462
-0.2026,0.0461
-0.2020,0.0460
-0.2014,0.0459
-0.2008,0.0458
-0.2002,0.0457
-0.1996,0.0456
-0.1990,0.0455
-0.1984,0.0454
-0.1978,0.0453
-0.1972,0.0452
-0.1967,0.0451
-0.1961,0.0450
-0.1955,0.0449
-0.1950,0.0448
-0.1944,0.0447
-0.1939,0.0446
-0.1933,0.0445
-0.1928,0.0444
-0.1922,0.0443
-0.1917,0.0442
-0.1912,0.0441
-0.1907,0.0440
-0.1901,0.0439
-0.1896,0.0438
-0.1891,0.0437
-0.1886,0.0436
-0.1881,0.0435
-0.1876,0.0434
-0.1871,0.0433
-0.1866,0.0432
-0.1861,0.0431
-0.1856,0.0430
-0.1851,0.0429
-0.1847,0.0429
-0.1842,0.0428
-0.1837,0.0427
-0.1832,0.0426
-0.1828,0.0425
-0.1823,0.0424
-0.1818,0.0423
-0.1814,0.0422
-0.1809,0.0422
-0.1805,0.0421
-0.1801,0.0420
-0.1796,0.0419
-0.1792,0.0418
-0.1787,0.0417
-0.1783,0.0416
-0.1779,0.0416
-0.1774,0.0415
-0.1770,0.0414
-0.1766,0.0413
-0.1762,0.0412
-0.1758,0.0412
-0.1753,0.0411
-0.1749,0.0410
-0.1745,0.0409
-0.1741,0.0408
-0.1737,0.0408
-0.1733,0.0407
-0.1729,0.0406
-0.1725,0.0405
-0.1721,0.0404
-0.1717,0.0404
-0.1713,0.0403
-0.1709,0.0402
-0.1706,0.0401
-0.1702,0.0400
-0.1698,0.0400
-0.1694,0.0399
-0.1690,0.0398
-0.1687,0.0397
-0.1683,0.0397
-0.1679,0.0396
-0.1676,0.0395
-0.1672,0.0394
-0.1668,0.0393
-0.1665,0.0393
-0.1661,0.0392
-0.1658,0.0391
-0.1654,0.0390
-0.1651,0.0390
-0.1647,0.0389
-0.1644,0.0388
-0.1640,0.0388
-0.1637,0.0387
-0.1634,0.0386
-0.1630,0.0386
-0.1627,0.0385
-0.1624,0.0384
-0.1620,0.0384
-0.1617,0.0383
-0.1614,0.0382
-0.1611,0.0382
-0.1607,0.0381
-0.1604,0.0380
-0.1601,0.0380
-0.1598,0.0379
-0.1595,0.0378
-0.1591,0.0378
-0.1588,0.0377
-0.1585,0.0376
-0.1582,0.0376
-0.1579,0.0375
-0.1576,0.0374
-0.1573,0.0374
-0.1570,0.0373
-0.1567,0.0373
-0.1564,0.0372
-0.1561,0.0371
-0.1558,0.0371
-0.1555,0.0370
-0.1552,0.0370
-0.1549,0.0369
-0.1546,0.0369
-0.1544,0.0368
-0.1541,0.0367
-0.1538,0.0367
-0.1535,0.0366
-0.1532,0.0366
-0.1530,0.0365
-0.1527,0.0365
-0.1524,0.0364
-0.1521,0.0364
-0.1519,0.0363
-0.1516,0.0363
-0.1513,0.0362
-0.1511,0.0361
-0.1508,0.0361
-0.1505,0.0360
-0.1503,0.0360
-0.1500,0.0359
-0.1497,0.0359
-0.1495,0.0358
-0.1492,0.0358
-0.1490,0.0357
-0.1487,0.0357
-0.1484,0.0356
-0.1482,0.0356
-0.1479,0.0355
-0.1477,0.0355
-0.1474,0.0354
-0.1472,0.0354
-0.1469,0.0353
-0.1467,0.0353
-0.1464,0.0352
-0.1462,0.0352
-0.1459,0.0351
-0.1457,0.0351
-0.1455,0.0350
-0.1452,0.0350
-0.1450,0.0349
-0.1447,0.0349
-0.1445,0.0348
-0.1443,0.0348
-0.1440,0.0347
-0.1438,0.0347
-0.1436,0.0346
-0.1433,0.0346
-0.1431,0.0345
-0.1429,0.0345
-0.1426,0.0344
-0.1424,0.0344
-0.1422,0.0343
-0.1419,0.0343
-0.1417,0.0342
-0.1415,0.0342
-0.1413,0.0341
-0.1411,0.0341
-0.1408,0.0340
-0.1406,0.0340
-0.1404,0.0340
-0.1402,0.0339
-0.1400,0.0339
-0.1397,0.0338
-0.1395,0.0338
-0.1393,0.0337
-0.1391,0.0337
-0.1389,0.0336
-0.1387,0.0336
-0.1385,0.0336
-0.1382,0.0335
-0.1380,0.0335
-0.1378,0.0334
-0.1376,0.0334
-0.1374,0.0333
-0.1372,0.0333
-0.1370,0.0333
-0.1368,0.0332
-0.1366,0.0332
-0.1364,0.0331
-0.1362,0.0331
-0.1360,0.0330
-0.1358,0.0330
-0.1356,0.0330
-0.1354,0.0329
-0.1352,0.0329
-0.1350,0.0328
-0.1348,0.0328
-0.1346,0.0328
-0.1344,0.0327
-0.1342,0.0327
-0.1340,0.0327
-0.1338,0.0326
-0.1337,0.0326
-0.1335,0.0325
-0.1333,0.0325
-0.1331,0.0325
-0.1329,0.0324
-0.1327,0.0324
-0.1325,0.0324
-0.1323,0.0323
-0.1322,0.0323
-0.1320,0.0322
-0.1318,0.0322
-0.1316,0.0322
-0.1314,0.0321
-0.1313,0.0321
-0.1311,0.0321
-0.1309,0.0320
-0.1307,0.0320
-0.1305,0.0320
-0.1304,0.0319
-0.1302,0.0319
-0.1300,0.0319
-0.1298,0.0318
-0.1297,0.0318
-0.1295,0.0317
-0.1293,0.0317
-0.1292,0.0317
-0.1290,0.0316
-0.1288,0.0316
-0.1286,0.0316
-0.1285,0.0315
-0.1283,0.0315
-0.1281,0.0315
-0.1280,0.0314
-0.1278,0.0314
-0.1276,0.0314
-0.1275,0.0313
-0.1273,0.0313
-0.1271,0.0313
-0.1270,0.0312
-0.1268,0.0312
-0.1267,0.0312
-0.1265,0.0311
-0.1263,0.0311
-0.1262,0.0311
-0.1260,0.0311
-0.1259,0.0310
-0.1257,0.0310
-0.1255,0.0310
-0.1254,0.0309
-0.1252,0.0309
-0.1251,0.0309
-0.1249,0.0308
-0.1248,0.0308
-0.1246,0.0308
-0.1245,0.0307
-0.1243,0.0307
-0.1241,0.0307
-0.1240,0.0306
-0.1238,0.0306
-0.1237,0.0306
-0.1235,0.0305
-0.1234,0.0305
-0.1232,0.0305
-0.1231,0.0304
-0.1229,0.0304
-0.1228,0.0304
-0.1226,0.0303
-0.1225,0.0303
-0.1223,0.0303
-0.1222,0.0302
-0.1220,0.0302
-0.1219,0.0302
-0.1217,0.0302
-0.1216,0.0301
-0.1215,0.0301
-0.1213,0.0301
-0.1212,0.0300
-0.1210,0.0300
-0.1209,0.0300
-0.1207,0.0299
-0.1206,0.0299
-0.1204,0.0299
-0.1203,0.0298
-0.1202,0.0298
-0.1200,0.0298
-0.1199,0.0297
-0.1197,0.0297
-0.1196,0.0297
-0.1195,0.0297
-0.1193,0.0296
-0.1192,0.0296
-0.1190,0.0296
-0.1189,0.0295
-0.1188,0.0295
-0.1186,0.0295
-0.1185,0.0294
-0.1184,0.0294
-0.1182,0.0294
-0.1181,0.0293
-0.1179,0.0293
-0.1178,0.0293
-0.1177,0.0293
-0.1175,0.0292
-0.1174,0.0292
-0.1173,0.0292
-0.1171,0.0291
-0.1170,0.0291
-0.1169,0.0291
-0.1168,0.0291
-0.1166,0.0290
-0.1165,0.0290
-0.1164,0.0290
-0.1162,0.0289
-0.1161,0.0289
-0.1160,0.0289
-0.1159,0.0289
-0.1157,0.0288
-0.1156,0.0288
-0.1155,0.0288
-0.1153,0.0287
-0.1152,0.0287
-0.1151,0.0287
-0.1150,0.0287
-0.1148,0.0286
-0.1147,0.0286
-0.1146,0.0286
-0.1145,0.0286
-0.1143,0.0285
-0.1142,0.0285
-0.1141,0.0285
-0.1140,0.0284
-0.1138,0.0284
-0.1137,0.0284
-0.1136,0.0284
-0.1135,0.0283
-0.1134,0.0283
-0.1132,0.0283
-0.1131,0.0282
-0.1130,0.0282
-0.1129,0.0282
-0.1128,0.0282
-0.1126,0.0281
-0.1125,0.0281
-0.1124,0.0281
-0.1123,0.0280
-0.1122,0.0280
-0.1121,0.0280
-0.1119,0.0280
-0.1118,0.0279
-0.1117,0.0279
-0.1116,0.0279
-0.1115,0.0279
-0.1114,0.0278
-0.1112,0.0278
-0.1111,0.0278
-0.1110,0.0278
-0.1109,0.0277
-0.1108,0.0277
-0.1107,0.0277
-0.1106,0.0276
-0.1105,0.0276
-0.1103,0.0276
-0.1102,0.0276
-0.1101,0.0275
-0.1100,0.0275
-0.1099,0.0275
-0.1098,0.0275
-0.1097,0.0274
-0.1096,0.0274
-0.1095,0.0274
-0.1094,0.0274
-0.1092,0.0273
-0.1091,0.0273
-0.1090,0.0273
-0.1089,0.0273
-0.1088,0.0272
-0.1087,0.0272
-0.1086,0.0272
-0.1085,0.0272
-0.1084,0.0272
-0.1083,0.0271
-0.1082,0.0271
-0.1081,0.0271
-0.1080,0.0271
-0.1079,0.0270
-0.1078,0.0270
-0.1077,0.0270
-0.1076,0.0270
-0.1075,0.0269
-0.1073,0.0269
-0.1072,0.0269
-0.1071,0.0269
-0.1070,0.0269
-0.1069,0.0268
-0.1068,0.0268
-0.1067,0.0268
-0.1066,0.0268
-0.1065,0.0267
-0.1064,0.0267
-0.1063,0.0267
-0.1062,0.0267
-0.1061,0.0267
-0.1060,0.0266
-0.1059,0.0266
-0.1058,0.0266
-0.1057,0.0266
-0.1057,0.0265
-0.1056,0.0265
-0.1055,0.0265
-0.1054,0.0265
-0.1053,0.0265
-0.1052,0.0264
-0.1051,0.0264
-0.1050,0.0264
-0.1049,0.0264
-0.1048,0.0264
-0.1047,0.0263
-0.1046,0.0263
-0.1045,0.0263
-0.1044,0.0263
-0.1043,0.0263
-0.1042,0.0262
-0.1041,0.0262
-0.1040,0.0262
-0.1039,0.0262
-0.1038,0.0261
-0.1037,0.0261
-0.1037,0.0261
-0.1036,0.0261
-0.1035,0.0261
-0.1034,0.0260
-0.1033,0.0260
-0.1032,0.0260
-0.1031,0.0260
-0.1030,0.0260
-0.1029,0.0259
-0.1028,0.0259
-0.1027,0.0259
-0.1026,0.0259
-0.1026,0.0259
-0.1025,0.0258
-0.1024,0.0258
-0.1023,0.0258
-0.1022,0.0258
-0.1021,0.0258
-0.1020,0.0257
-0.1019,0.0257
-0.1018,0.0257
-0.1018,0.0257
-0.1017,0.0257
-0.1016,0.0256
-0.1015,0.0256
-0.1014,0.0256
-0.1013,0.0256
-0.1012,0.0256
-0.1011,0.0255
-0.1011,0.0255
-0.1010,0.0255
-0.1009,0.0255
-0.1008,0.0255
-0.1007,0.0255
-0.1006,0.0254
-0.1005,0.0254
-0.1005,0.0254
-0.1004,0.0254
-0.1003,0.0254
-0.1002,0.0253
-0.1001,0.0253
-0.1000,0.0253
-0.0999,0.0253
-0.0999,0.0253
-0.0998,0.0252
-0.0997,0.0252
-0.0996,0.0252
-0.0995,0.0252
-0.0994,0.0252
-0.0994,0.0251
-0.0993,0.0251
-0.0992,0.0251
-0.0991,0.0251
-0.0990,0.0251
-0.0989,0.0251
-0.0989,0.0250
-0.0988,0.0250
-0.0987,0.0250
-0.0986,0.0250
-0.0985,0.0250
-0.0985,0.0249
-0.0984,0.0249
-0.0983,0.0249
-0.0982,0.0249
-0.0981,0.0249
-0.0981,0.0249
-0.0980,0.0248
-0.0979,0.0248
-0.0978,0.0248
-0.0977,0.0248
-0.0977,0.0248
-0.0976,0.0247
-0.0975,0.0247
-0.0974,0.0247
-0.0973,0.0247
-0.0973,0.0247
-0.0972,0.0247
-0.0971,0.0246
-0.0970,0.0246
-0.0970,0.0246
-0.0969,0.0246
-0.0968,0.0246
-0.0967,0.0246
-0.0966,0.0245
-0.0966,0.0245
-0.0965,0.0245
-0.0964,0.0245
-0.0963,0.0245
-0.0963,0.0244
-0.0962,0.0244
-0.0961,0.0244
-0.0960,0.0244
-0.0960,0.0244
-0.0959,0.0244
-0.0958,0.0243
-0.0957,0.0243
-0.0957,0.0243
-0.0956,0.0243
-0.0955,0.0243
-0.0954,0.0243
-0.0954,0.0242
-0.0953,0.0242
-0.0952,0.0242
-0.0951,0.0242
-0.0951,0.0242
-0.0950,0.0242
-0.0949,0.0241
-0.0949,0.0241
-0.0948,0.0241
-0.0947,0.0241
-0.0946,0.0241
-0.0946,0.0241
-0.0945,0.0240
-0.0944,0.0240
-0.0943,0.0240
-0.0943,0.0240
-0.0942,0.0240
-0.0941,0.0240
-0.0941,0.0239
-0.0940,0.0239
-0.0939,0.0239
-0.0939,0.0239
-0.0938,0.0239
-0.0937,0.0239
-0.0936,0.0238
-0.0936,0.0238
-0.0935,0.0238
-0.0934,0.0238
-0.0934,0.0238
-0.0933,0.0238
-0.0932,0.0237
-0.0932,0.0237
-0.0931,0.0237
-0.0930,0.0237
-0.0929,0.0237
-0.0929,0.0237
-0.0928,0.0237
-0.0927,0.0236
-0.0927,0.0236
-0.0926,0.0236
-0.0925,0.0236
-0.0925,0.0236
-0.0924,0.0236
-0.0923,0.0235
-0.0923,0.0235
-0.0922,0.0235
-0.0921,0.0235
-0.0921,0.0235
-0.0920,0.0235
-0.0919,0.0235
-0.0919,0.0234
-0.0918,0.0234
-0.0917,0.0234
-0.0917,0.0234
-0.0916,0.0234
-0.0915,0.0234
-0.0915,0.0234
-0.0914,0.0233
-0.0913,0.0233
-0.0913,0.0233
-0.0912,0.0233
-0.0912,0.0233
-0.0911,0.0233
-0.0910,0.0233
-0.0910,0.0232
-0.0909,0.0232
-0.0908,0.0232
-0.0908,0.0232
-0.0907,0.0232
-0.0906,0.0232
-0.0906,0.0232
-0.0905,0.0231
-0.0905,0.0231
-0.0904,0.0231
-0.0903,0.0231
-0.0903,0.0231
-0.0902,0.0231
-0.0901,0.0231
-0.0901,0.0230
-0.0900,0.0230
-0.0900,0.0230
-0.0899,0.0230
-0.0898,0.0230
-0.0898,0.0230
-0.0897,0.0230
-0.0896,0.0229
-0.0896,0.0229
-0.0895,0.0229
-0.0895,0.0229
-0.0894,0.0229
-0.0893,0.0229
-0.0893,0.0229
-0.0892,0.0228
-0.0892,0.0228
-0.0891,0.0228
-0.0890,0.0228
-0.0890,0.0228
-0.0889,0.0228
-0.0888,0.0228
-0.0888,0.0227
-0.0887,0.0227
-0.0887,0.0227
-0.0886,0.0227
-0.0886,0.0227
-0.0885,0.0227
-0.0884,0.0227
-0.0884,0.0226
-0.0883,0.0226
-0.0883,0.0226
-0.0882,0.0226
-0.0881,0.0226
-0.0881,0.0226
-0.0880,0.0226
-0.0880,0.0226
-0.0879,0.0225
-0.0878,0.0225
-0.0878,0.0225
-0.0877,0.0225
-0.0877,0.0225
-0.0876,0.0225
-0.0876,0.0225
-0.0875,0.0224
-0.0874,0.0224
-0.0874,0.0224
-0.0873,0.0224
-0.0873,0.0224
-0.0872,0.0224
-0.0872,0.0224
-0.0871,0.0224
-0.0870,0.0223
-0.0870,0.0223
-0.0869,0.0223
-0.0869,0.0223
-0.0868,0.0223
-0.0868,0.0223
-0.0867,0.0223
-0.0866,0.0222
-0.0866,0.0222
-0.0865,0.0222
-0.0865,0.0222
-0.0864,0.0222
-0.0864,0.0222
-0.0863,0.0222
-0.0863,0.0222
-0.0862,0.0221
-0.0861,0.0221
-0.0861,0.0221
-0.0860,0.0221
-0.0860,0.0221
-0.0859,0.0221
-0.0859,0.0221
-0.0858,0.0220
-0.0858,0.0220
-0.0857,0.0220
-0.0857,0.0220
-0.0856,0.0220
-0.0855,0.0220
-0.0855,0.0220
-0.0854,0.0220
-0.0854,0.0219
-0.0853,0.0219
-0.0853,0.0219
-0.0852,0.0219
-0.0852,0.0219
-0.0851,0.0219
-0.0851,0.0219
-0.0850,0.0219
-0.0850,0.0218
-0.0849,0.0218
-0.0849,0.0218
-0.0848,0.0218
-0.0847,0.0218
-0.0847,0.0218
-0.0846,0.0218
-0.0846,0.0217
-0.0845,0.0217
-0.0845,0.0217
-0.0844,0.0217
-0.0844,0.0217
-0.0843,0.0217
-0.0843,0.0217
-0.0842,0.0217
-0.0842,0.0216
-0.0841,0.0216
-0.0841,0.0216
-0.0840,0.0216
-0.0840,0.0216
-0.0839,0.0216
-0.0839,0.0216
-0.0838,0.0216
-0.0838,0.0215
-0.0837,0.0215
-0.0837,0.0215
-0.0836,0.0215
-0.0836,0.0215
-0.0835,0.0215
-0.0835,0.0215
-0.0834,0.0215
-0.0834,0.0214
-0.0833,0.0214
-0.0833,0.0214
-0.0832,0.0214
-0.0832,0.0214
-0.0831,0.0214
-0.0831,0.0214
-0.0830,0.0214
-0.0830,0.0213
-0.0829,0.0213
-0.0829,0.0213
-0.0828,0.0213
-0.0828,0.0213
-0.0827,0.0213
-0.0827,0.0213
-0.0826,0.0213
-0.0826,0.0213
-0.0825,0.0212
-0.0825,0.0212
-0.0824,0.0212
-0.0824,0.0212
-0.0823,0.0212
-0.0823,0.0212
-0.0822,0.0212
-0.0822,0.0212
-0.0821,0.0211
-0.0821,0.0211
-0.0820,0.0211
-0.0820,0.0211
-0.0819,0.0211
-0.0819,0.0211
-0.0818,0.0211
-0.0818,0.0211
-0.0817,0.0211
-0.0817,0.0210
-0.0817,0.0210
-0.0816,0.0210
-0.0816,0.0210
-0.0815,0.0210
-0.0815,0.0210
-0.0814,0.0210
-0.0814,0.0210
-0.0813,0.0209
-0.0813,0.0209
-0.0812,0.0209
-0.0812,0.0209
-0.0811,0.0209
-0.0811,0.0209
-0.0810,0.0209
-0.0810,0.0209
-0.0809,0.0209
-0.0809,0.0208
-0.0809,0.0208
-0.0808,0.0208
-0.0808,0.0208
-0.0807,0.0208
-0.0807,0.0208
-0.0806,0.0208
-0.0806,0.0208
-0.0805,0.0208
-0.0805,0.0207
-0.0804,0.0207
-0.0804,0.0207
-0.0803,0.0207
-0.0803,0.0207
-0.0803,0.0207
-0.0802,0.0207
-0.0802,0.0207
-0.0801,0.0207
-0.0801,0.0206
-0.0800,0.0206
-0.0800,0.0206
-0.0799,0.0206
-0.0799,0.0206
-0.0799,0.0206
-0.0798,0.0206
-0.0798,0.0206
-0.0797,0.0206
-0.0797,0.0205
-0.0796,0.0205
-0.0796,0.0205
-0.0795,0.0205
-0.0795,0.0205
-0.0795,0.0205
-0.0794,0.0205
-0.0794,0.0205
-0.0793,0.0205
-0.0793,0.0204
-0.0792,0.0204
-0.0792,0.0204
-0.0791,0.0204
-0.0791,0.0204
-0.0791,0.0204
-0.0790,0.0204
-0.0790,0.0204
-0.0789,0.0204
-0.0789,0.0204
-0.0788,0.0203
-0.0788,0.0203
-0.0788,0.0203
-0.0787,0.0203
-0.0787,0.0203
-0.0786,0.0203
-0.0824
0.1679
0.1787
0.2441
0.2547
0.2837
0.3321
0.3394
0.3750
0.4500
0.4538
0.4627
0.4657
0.4949
0.5007
0.5074
0.5262
0.5360
0.5367
0.5369
0.5374
0.5378
0.5435
0.5518
0.5523
0.5542
0.5674
0.5741
0.5767
0.6050
0.6192
0.6203
0.6251
0.6291
0.6350
0.6383
0.6434
0.6453
0.6479
0.6503
0.6579
0.6604
0.6696
0.6819
0.6823
0.6892
0.7016
0.7039
0.7047
0.7055
0.7158
0.7163
0.7172
0.7199
0.7242
0.7285
0.7288
0.7333
0.7369
0.7379
0.7390
0.7400
0.7417
0.7504
0.7520
0.7540
0.7599
0.7611
0.7626
0.7648
0.7656
0.7666
0.7708
0.7713
0.7714
0.7779
0.7782
0.7844
0.7844
0.7872
0.7900
0.7917
0.8008
0.8027
0.8085
0.8087
0.8189
0.8225
0.8256
0.8297
0.8319
0.8334
0.8364
0.8378
0.8407
0.8435
0.8489
0.8538
0.8553
0.8572
0.8595
0.8606
0.8620
0.8627
0.8648
0.8723
0.8762
0.8775
0.8776
0.8793
0.8807
0.8887
0.8919
0.8950
0.8957
0.8986
0.9003
0.9025
0.9038
0.9049
0.9092
0.9116
0.9136
0.9187
0.9190
0.9205
0.9205
0.9225
0.9240
0.9250
0.9254
0.9292
0.9331
0.9344
0.9508
0.9543
0.9544
0.9559
0.9634
0.9642
0.9661
0.9798
0.9804
0.9810
0.9839
0.9847
0.9854
0.9869
0.9899
0.9916
0.9919
0.9952
0.9957
0.9994
1.0016
1.0022
1.0034
1.0067
1.0068
1.0128
1.0132
1.0145
1.0199
1.0208
1.0208
1.0232
1.0241
1.0244
1.0249
1.0262
1.0273
1.0323
1.0327
1.0360
1.0367
1.0382
1.0383
1.0389
1.0392
1.0399
1.0401
1.0402
1.0404
1.0416
1.0427
1.0429
1.0443
1.0486
1.0496
1.0499
1.0552
1.0553
1.0586
1.0604
1.0608
1.0638
1.0652
1.0662
1.0667
1.0668
1.0722
1.0724
1.0731
1.0747
1.0756
1.0803
1.0816
1.0831
1.0844
1.0857
1.0883
1.0891
1.0910
1.0937
1.0947
1.0949
1.0979
1.0981
1.1016
1.1032
1.1076
1.1101
1.1109
1.1119
1.1139
1.1140
1.1146
1.1148
1.1149
1.1190
1.1209
1.1248
1.1266
1.1279
1.1293
1.1295
1.1299
1.1344
1.1348
1.1353
1.1380
1.1396
1.1402
1.1405
1.1405
1.1420
1.1439
1.1444
1.1450
1.1450
1.1473
1.1480
1.1483
1.1490
1.1518
1.1523
1.1534
1.1563
1.1589
1.1594
1.1613
1.1619
1.1635
1.1636
1.1653
1.1654
1.1678
1.1683
1.1683
1.1729
1.1763
1.1778
1.1801
1.1810
1.1815
1.1815
1.1850
1.1852
1.1857
1.1878
1.1910
1.1914
1.1929
1.1933
1.1944
1.1950
1.1964
1.1981
1.1991
1.2030
1.2054
1.2076
1.2107
1.2139
1.2145
1.2169
1.2189
1.2190
1.2196
1.2197
1.2205
1.2213
1.2234
1.2242
1.2308
1.2334
1.2342
1.2352
1.2357
1.2361
1.2363
1.2365
1.2375
1.2394
1.2399
1.2407
1.2428
1.2434
1.2446
1.2457
1.2468
1.2494
1.2509
1.2550
1.2559
1.2563
1.2565
1.2571
1.2581
1.2620
1.2622
1.2630
1.2632
1.2637
1.2650
1.2701
1.2713
1.2732
1.2807
1.2831
1.2837
1.2840
1.2845
1.2846
1.2854
1.2855
1.2890
1.2923
1.2931
1.2931
1.2943
1.2957
1.2966
1.2973
1.2989
1.3016
1.3027
1.3061
1.3074
1.3086
1.3143
1.3161
1.3191
1.3269
1.3272
1.3273
1.3280
1.3295
1.3301
1.3305
1.3316
1.3316
1.3329
1.3331
1.3360
1.3423
1.3454
1.3460
1.3467
1.3478
1.3495
1.3544
1.3562
1.3564
1.3564
1.3587
1.3630
1.3655
1.3655
1.3661
1.3713
1.3726
1.3744
1.3747
1.3782
1.3786
1.3789
1.3805
1.3811
1.3823
1.3847
1.3856
1.3884
1.3893
1.3906
1.3910
1.3924
1.3930
1.3936
1.3937
1.3954
1.3955
1.3959
1.3960
1.3987
1.4026
1.4027
1.4031
1.4034
1.4112
1.4113
1.4128
1.4134
1.4145
1.4150
1.4214
1.4248
1.4280
1.4318
1.4324
1.4327
1.4354
1.4358
1.4371
1.4420
1.4432
1.4507
1.4516
1.4523
1.4530
1.4538
1.4539
1.4556
1.4565
1.4601
1.4604
1.4612
1.4613
1.4623
1.4639
1.4642
1.4670
1.4685
1.4687
1.4739
1.4741
1.4758
1.4783
1.4806
1.4812
1.4838
1.4848
1.4857
1.4871
1.4877
1.4879
1.4891
1.4915
1.4921
1.4924
1.4949
1.4957
1.4966
1.4972
1.4985
1.4991
1.5014
1.5019
1.5026
1.5041
1.5043
1.5061
1.5069
1.5087
1.5108
1.5140
1.5161
1.5177
1.5177
1.5181
1.5186
1.5201
1.5228
1.5280
1.5286
1.5287
1.5290
1.5297
1.5299
1.5301
1.5321
1.5347
1.5350
1.5350
1.5353
1.5356
1.5358
1.5361
1.5397
1.5411
1.5412
1.5427
1.5515
1.5521
1.5528
1.5539
1.5540
1.5541
1.5544
1.5547
1.5548
1.5551
1.5555
1.5561
1.5596
1.5664
1.5666
1.5671
1.5674
1.5680
1.5686
1.5765
1.5779
1.5782
1.5786
1.5796
1.5809
1.5839
1.5840
1.5846
1.5913
1.5920
1.5925
1.5950
1.5978
1.5990
1.6025
1.6057
1.6071
1.6072
1.6082
1.6107
1.6117
1.6129
1.6133
1.6142
1.6144
1.6152
1.6201
1.6208
1.6229
1.6249
1.6259
1.6264
1.6271
1.6276
1.6290
1.6298
1.6336
1.6375
1.6417
1.6419
1.6432
1.6432
1.6438
1.6445
1.6481
1.6506
1.6515
1.6573
1.6573
1.6574
1.6585
1.6592
1.6600
1.6611
1.6622
1.6633
1.6633
1.6668
1.6688
1.6710
1.6783
1.6821
1.6823
1.6866
1.6870
1.6874
1.6888
1.6894
1.6902
1.6920
1.6930
1.7014
1.7017
1.7022
1.7027
1.7076
1.7078
1.7094
1.7096
1.7103
1.7104
1.7116
1.7122
1.7127
1.7154
1.7164
1.7170
1.7186
1.7190
1.7199
1.7202
1.7204
1.7253
1.7261
1.7282
1.7309
1.7329
1.7337
1.7363
1.7374
1.7381
1.7444
1.7482
1.7483
1.7486
1.7486
1.7490
1.7507
1.7512
1.7526
1.7537
1.7547
1.7582
1.7584
1.7648
1.7659
1.7663
1.7710
1.7719
1.7719
1.7727
1.7735
1.7740
1.7749
1.7749
1.7766
1.7785
1.7855
1.7877
1.7960
1.7961
1.8052
1.8068
1.8094
1.8126
1.8126
1.8136
1.8142
1.8159
1.8163
1.8175
1.8233
1.8234
1.8256
1.8258
1.8303
1.8354
1.8361
1.8363
1.8365
1.8367
1.8391
1.8393
1.8457
1.8463
1.8474
1.8478
1.8497
1.8515
1.8534
1.8536
1.8542
1.8544
1.8575
1.8579
1.8590
1.8626
1.8647
1.8711
1.8721
1.8753
1.8757
1.8787
1.8803
1.8814
1.8837
1.8867
1.8872
1.8876
1.8883
1.8884
1.8907
1.8916
1.8921
1.8945
1.8957
1.8964
1.8974
1.8991
1.9028
1.9198
1.9217
1.9240
1.9291
1.9298
1.9305
1.9330
1.9334
1.9344
1.9373
1.9382
1.9414
1.9428
1.9443
1.9490
1.9528
1.9544
1.9547
1.9551
1.9571
1.9579
1.9582
1.9596
1.9619
1.9637
1.9654
1.9657
1.9658
1.9710
1.9710
1.9734
1.9776
1.9820
1.9820
1.9824
1.9828
1.9831
1.9858
1.9859
1.9883
1.9883
1.9897
1.9897
1.9972
1.9975
1.9984
1.9999
2.0003
2.0011
2.0025
2.0030
2.0048
2.0062
2.0070
2.0147
2.0163
2.0223
2.0230
2.0315
2.0335
2.0355
2.0360
2.0411
2.0450
2.0458
2.0459
2.0476
2.0478
2.0483
2.0486
2.0493
2.0537
2.0584
2.0634
2.0644
2.0671
2.0753
2.0787
2.0830
2.0852
2.0878
2.0880
2.0890
2.0931
2.0948
2.1029
2.1034
2.1058
2.1079
2.1079
2.1088
2.1134
2.1137
2.1150
2.1153
2.1164
2.1190
2.1192
2.1277
2.1296
2.1299
2.1378
2.1382
2.1422
2.1432
2.1467
2.1468
2.1478
2.1488
2.1577
2.1597
2.1619
2.1636
2.1660
2.1711
2.1728
2.1832
2.1905
2.1929
2.1963
2.2077
2.2143
2.2180
2.2243
2.2261
2.2272
2.2294
2.2297
2.2338
2.2445
2.2447
2.2468
2.2472
2.2479
2.2482
2.2497
2.2497
2.2517
2.2518
2.2603
2.2617
2.2628
2.2651
2.2660
2.2689
2.2833
2.2860
2.2924
2.2967
2.3023
2.3068
2.3089
2.3146
2.3154
2.3224
2.3249
2.3295
2.3316
2.3319
2.3398
2.3442
2.3490
2.3510
2.3527
2.3601
2.3605
2.3615
2.3702
2.3718
2.3728
2.3744
2.3887
2.3974
2.3984
2.4008
2.4058
2.4119
2.4149
2.4157
2.4187
2.4278
2.4279
2.4301
2.4305
2.4332
2.4410
2.4421
2.4425
2.4491
2.4492
2.4648
2.4787
2.4998
2.5030
2.5115
2.5142
2.5164
2.5213
2.5278
2.5325
2.5467
2.5613
2.5698
2.5707
2.5741
2.5906
2.5984
2.6029
2.6089
2.6122
2.6137
2.6256
2.6262
2.6267
2.6295
2.6402
2.6442
2.6553
2.6847
2.6943
2.6951
2.6955
2.7019
2.7190
2.7219
2.7276
2.7343
2.7487
2.7488
2.7595
2.7596
2.7631
2.7686
2.7804
2.7846
2.7981
2.7983
2.8049
2.8062
2.8084
2.8111
2.8118
2.8720
2.8772
2.8781
2.8819
2.8886
2.8933
2.9007
2.9055
2.9113
2.9171
2.9337
2.9472
2.9902
3.0035
3.0224
3.0563
3.0723
3.0791
3.1013
3.1020
3.1029
3.1200
3.1605
3.1629
3.1804
3.2044
3.2529
3.2597
3.3020
3.4624
3.4973
3.5777
3.5953
3.5971
3.6629
3.7118
