1000
1000
-1.1575,0.2281
-1.0657,0.2201
-0.8718,0.1791
-0.7479,0.1638
-0.6617,0.1536
-0.5970,0.1441
-0.5460,0.1347
-0.5057,0.1272
-0.4724,0.1209
-0.4446,0.1156
-0.4209,0.1109
-0.4001,0.1066
-0.3819,0.1028
-0.3659,0.0994
-0.3516,0.0964
-0.3386,0.0937
-0.3269,0.0912
-0.3162,0.0889
-0.3065,0.0868
-0.2974,0.0847
-0.2889,0.0828
-0.2809,0.0808
-0.2734,0.0788
-0.2664,0.0770
-0.2597,0.0753
-0.2534,0.0737
-0.2473,0.0720
-0.2414,0.0703
-0.2359,0.0686
-0.2305,0.0669
-0.2253,0.0653
-0.2203,0.0637
-0.2154,0.0622
-0.2108,0.0608
-0.2062,0.0595
-0.2018,0.0581
-0.1975,0.0568
-0.1933,0.0555
-0.1892,0.0542
-0.1851,0.0529
-0.1811,0.0516
-0.1773,0.0504
-0.1735,0.0492
-0.1697,0.0481
-0.1660,0.0471
-0.1624,0.0460
-0.1587,0.0451
-0.1551,0.0441
-0.1515,0.0432
-0.1479,0.0421
-0.1443,0.0411
-0.1407,0.0401
-0.1371,0.0391
-0.1334,0.0381
-0.1298,0.0372
-0.1261,0.0362
-0.1224,0.0353
-0.1187,0.0345
-0.1150,0.0337
-0.1112,0.0329
-0.1074,0.0321
-0.1035,0.0313
-0.0994,0.0304
-0.0952,0.0296
-0.0910,0.0287
-0.0865,0.0279
-0.0818,0.0270
-0.0770,0.0261
-0.0718,0.0251
-0.0661,0.0239
-0.0600,0.0227
-0.0533,0.0213
0.0000,0.0000
0.0000,0.0000
0.0000,0.0000
0.0000,0.0000
0.0000,0.0000
0.0000,0.0000
0.0000,0.0000
0.0000,0.0000
0.0000,0.0000
0.0000,0.0000
0.0000,0.0000
0.0000,0.0000
0.0000,0.0000
0.0000,0.0000
0.0000,0.0000
0.0000,0.0000
0.0000,0.0000
0.0000,0.0000
0.0000,0.0000
0.0000,0.0000
0.0000,0.0000
0.0000,0.0000
0.0000,0.0000
0.0000,0.0000
0.0000,0.0000
0.0000,0.0000
0.0000,0.0000
0.0000,0.0000
0.0000,0.0000
0.0000,0.0000
0.0000,0.0000
0.0000,0.0000
0.0000,0.0000
0.0000,0.0000
0.0000,0.0000
0.0000,0.0000
0.0000,0.0000
0.0000,0.0000
0.0000,0.0000
0.0000,0.0000
0.0000,0.0000
0.0000,0.0000
0.0000,0.0000
0.0000,0.0000
0.0000,0.0000
0.0000,0.0000
0.0000,0.0000
0.0000,0.0000
0.0000,0.0000
0.0000,0.0000
0.0000,0.0000
0.0000,0.0000
0.0000,0.0000
0.0000,0.0000
0.0000,0.0000
0.0000,0.0000
0.0000,0.0000
0.0000,0.0000
0.0000,0.0000
0.0000,0.0000
0.0000,0.0000
0.0000,0.0000
0.0000,0.0000
0.0000,0.0000
0.0000,0.0000
0.0000,0.0000
0.0000,0.0000
0.0000,0.0000
0.0000,0.0000
0.0000,0.0000
0.0000,0.0000
0.0000,0.0000
0.0000,0.0000
0.0000,0.0000
0.0000,0.0000
0.0000,0.0000
0.0000,0.0000
0.0000,0.0000
0.0000,0.0000
0.0000,0.0000
0.0000,0.0000
0.0000,0.0000
0.0000,0.0000
0.0000,0.0000
0.0000,0.0000
0.0000,0.0000
0.0000,0.0000
0.0000,0.0000
0.0000,0.0000
0.0000,0.0000
0.0000,0.0000
0.0000,0.0000
0.0000,0.0000
0.0000,0.0000
0.0000,0.0000
0.0000,0.0000
0.0000,0.0000
0.0000,0.0000
0.0000,0.0000
0.0000,0.0000
0.0000,0.0000
0.0000,0.0000
0.0000,0.0000
0.0000,0.0000
0.0000,0.0000
0.0000,0.0000
0.0000,0.0000
0.0000,0.0000
0.0000,0.0000
0.0000,0.0000
0.0000,0.0000
0.0000,0.0000
0.0000,0.0000
0.0000,0.0000
0.0000,0.0000
0.0000,0.0000
0.0000,0.0000
0.0000,0.0000
0.0000,0.0000
0.0000,0.0000
0.0000,0.0000
0.0000,0.0000
0.0000,0.0000
0.0000,0.0000
0.0000,0.0000
0.0000,0.0000
0.0000,0.0000
0.0000,0.0000
0.0000,0.0000
0.0000,0.0000
0.0000,0.0000
0.0000,0.0000
0.0000,0.0000
0.0000,0.0000
0.0000,0.0000
0.0000,0.0000
0.0000,0.0000
0.0000,0.0000
0.0000,0.0000
0.0000,0.0000
0.0000,0.0000
0.0000,0.0000
0.0000,0.0000
0.0000,0.0000
0.0000,0.0000
0.0000,0.0000
0.0000,0.0000
0.0000,0.0000
0.0000,0.0000
0.0000,0.0000
0.0000,0.0000
0.0000,0.0000
0.0000,0.0000
0.0000,0.0000
0.0000,0.0000
0.0000,0.0000
0.0000,0.0000
0.0000,0.0000
0.0000,0.0000
0.0000,0.0000
0.0000,0.0000
0.0000,0.0000
0.0000,0.0000
0.0000,0.0000
0.0000,0.0000
0.0000,0.0000
0.0000,0.0000
0.0000,0.0000
0.0000,0.0000
0.0000,0.0000
0.0000,0.0000
0.0000,0.0000
0.0000,0.0000
0.0000,0.0000
0.0000,0.0000
0.0000,0.0000
0.0000,0.0000
0.0000,0.0000
0.0000,0.0000
0.0000,0.0000
0.0000,0.0000
0.0000,0.0000
0.0000,0.0000
0.0000,0.0000
0.0000,0.0000
0.0000,0.0000
0.0000,0.0000
0.0000,0.0000
0.0000,0.0000
0.0000,0.0000
0.0000,0.0000
0.0000,0.0000
0.0000,0.0000
0.0000,0.0000
0.0000,0.0000
0.0000,0.0000
0.0000,0.0000
0.0000,0.0000
0.0000,0.0000
0.0000,0.0000
0.0000,0.0000
0.0000,0.0000
0.0000,0.0000
0.0000,0.0000
0.0000,0.0000
0.0000,0.0000
0.0000,0.0000
0.0000,0.0000
0.0000,0.0000
0.0000,0.0000
0.0000,0.0000
0.0000,0.0000
0.0000,0.0000
0.0000,0.0000
0.0000,0.0000
0.0000,0.0000
0.0000,0.0000
0.0000,0.0000
0.0000,0.0000
0.0000,0.0000
0.0000,0.0000
0.0000,0.0000
0.0000,0.0000
0.0000,0.0000
0.0000,0.0000
0.0000,0.0000
0.0000,0.0000
0.0000,0.0000
0.0000,0.0000
0.0000,0.0000
0.0000,0.0000
0.0000,0.0000
0.0000,0.0000
0.0000,0.0000
0.0000,0.0000
0.0000,0.0000
0.0000,0.0000
0.0000,0.0000
0.0000,0.0000
0.0000,0.0000
0.0000,0.0000
0.0000,0.0000
0.0000,0.0000
0.0000,0.0000
0.0000,0.0000
0.0000,0.0000
0.0000,0.0000
0.0000,0.0000
0.0000,0.0000
0.0000,0.0000
0.0000,0.0000
0.0000,0.0000
0.0000,0.0000
0.0000,0.0000
0.0000,0.0000
0.0000,0.0000
0.0000,0.0000
0.0000,0.0000
0.0000,0.0000
0.0000,0.0000
0.0000,0.0000
0.0000,0.0000
0.0000,0.0000
0.0000,0.0000
0.0000,0.0000
0.0000,0.0000
0.0000,0.0000
0.0000,0.0000
0.0000,0.0000
0.0000,0.0000
0.0000,0.0000
0.0000,0.0000
0.0000,0.0000
0.0000,0.0000
0.0000,0.0000
0.0000,0.0000
0.0000,0.0000
0.0000,0.0000
0.0000,0.0000
0.0000,0.0000
0.0000,0.0000
0.0000,0.0000
0.0000,0.0000
0.0000,0.0000
0.0000,0.0000
0.0000,0.0000
0.0000,0.0000
0.0000,0.0000
0.0000,0.0000
0.0000,0.0000
0.0000,0.0000
0.0000,0.0000
0.0000,0.0000
0.0000,0.0000
0.0000,0.0000
0.0000,0.0000
0.0000,0.0000
0.0000,0.0000
0.0000,0.0000
0.0000,0.0000
0.0000,0.0000
0.0000,0.0000
0.0000,0.0000
0.0000,0.0000
0.0000,0.0000
0.0000,0.0000
0.0000,0.0000
0.0000,0.0000
0.0000,0.0000
0.0000,0.0000
0.0000,0.0000
0.0000,0.0000
0.0000,0.0000
0.0000,0.0000
0.0000,0.0000
0.0000,0.0000
0.0000,0.0000
0.0000,0.0000
0.0000,0.0000
0.0000,0.0000
0.0000,0.0000
0.0000,0.0000
0.0000,0.0000
0.0000,0.0000
0.0000,0.0000
0.0000,0.0000
0.0000,0.0000
0.0000,0.0000
0.0000,0.0000
0.0000,0.0000
0.0000,0.0000
0.0000,0.0000
0.0000,0.0000
0.0000,0.0000
0.0000,0.0000
0.0000,0.0000
0.0000,0.0000
0.0000,0.0000
0.0000,0.0000
0.0000,0.0000
0.0000,0.0000
0.0000,0.0000
0.0000,0.0000
0.0000,0.0000
0.0000,0.0000
0.0000,0.0000
0.0000,0.0000
0.0000,0.0000
0.0000,0.0000
0.0000,0.0000
0.0000,0.0000
0.0000,0.0000
0.0000,0.0000
0.0000,0.0000
0.0000,0.0000
0.0000,0.0000
0.0000,0.0000
0.0000,0.0000
0.0000,0.0000
0.0000,0.0000
0.0000,0.0000
0.0000,0.0000
0.0000,0.0000
0.0000,0.0000
0.0000,0.0000
0.0000,0.0000
0.0000,0.0000
0.0000,0.0000
0.0000,0.0000
0.0000,0.0000
0.0000,0.0000
0.0000,0.0000
0.0000,0.0000
0.0000,0.0000
0.0000,0.0000
0.0000,0.0000
0.0000,0.0000
0.0000,0.0000
0.0000,0.0000
0.0000,0.0000
0.0000,0.0000
0.0000,0.0000
0.0000,0.0000
0.0000,0.0000
0.0000,0.0000
0.0000,0.0000
0.0000,0.0000
0.0000,0.0000
0.0000,0.0000
0.0000,0.0000
0.0000,0.0000
0.0000,0.0000
0.0000,0.0000
0.0000,0.0000
0.0000,0.0000
0.0000,0.0000
0.0000,0.0000
0.0000,0.0000
0.0000,0.0000
0.0000,0.0000
0.0000,0.0000
0.0000,0.0000
0.0000,0.0000
0.0000,0.0000
0.0000,0.0000
0.0000,0.0000
0.0000,0.0000
0.0000,0.0000
0.0000,0.0000
0.0000,0.0000
0.0000,0.0000
0.0000,0.0000
0.0000,0.0000
0.0000,0.0000
0.0000,0.0000
0.0000,0.0000
0.0000,0.0000
0.0000,0.0000
0.0000,0.0000
0.0000,0.0000
0.0000,0.0000
0.0000,0.0000
0.0000,0.0000
0.0000,0.0000
0.0000,0.0000
0.0000,0.0000
0.0000,0.0000
0.0000,0.0000
0.0000,0.0000
0.0000,0.0000
0.0000,0.0000
0.0000,0.0000
0.0000,0.0000
0.0000,0.0000
0.0000,0.0000
0.0000,0.0000
0.0000,0.0000
0.0000,0.0000
0.0000,0.0000
0.0000,0.0000
0.0000,0.0000
0.0000,0.0000
0.0000,0.0000
0.0000,0.0000
0.0000,0.0000
0.0000,0.0000
0.0000,0.0000
0.0000,0.0000
0.0000,0.0000
0.0000,0.0000
0.0000,0.0000
0.0000,0.0000
0.0000,0.0000
0.0000,0.0000
0.0000,0.0000
0.0000,0.0000
0.0000,0.0000
0.0000,0.0000
0.0000,0.0000
0.0000,0.0000
0.0000,0.0000
0.0000,0.0000
0.0000,0.0000
0.0000,0.0000
0.0000,0.0000
0.0000,0.0000
0.0000,0.0000
0.0000,0.0000
0.0000,0.0000
0.0000,0.0000
0.0000,0.0000
0.0000,0.0000
0.0000,0.0000
0.0000,0.0000
0.0000,0.0000
0.0000,0.0000
0.0000,0.0000
0.0000,0.0000
0.0000,0.0000
0.0000,0.0000
0.0000,0.0000
0.0000,0.0000
0.0000,0.0000
0.0000,0.0000
0.0000,0.0000
0.0000,0.0000
0.0000,0.0000
0.0000,0.0000
0.0000,0.0000
0.0000,0.0000
0.0000,0.0000
0.0000,0.0000
0.0000,0.0000
0.0000,0.0000
0.0000,0.0000
0.0000,0.0000
0.0000,0.0000
0.0000,0.0000
0.0000,0.0000
0.0000,0.0000
0.0000,0.0000
0.0000,0.0000
0.0000,0.0000
0.0000,0.0000
0.0000,0.0000
0.0000,0.0000
0.0000,0.0000
0.0000,0.0000
0.0000,0.0000
0.0000,0.0000
0.0000,0.0000
0.0000,0.0000
0.0000,0.0000
0.0000,0.0000
0.0000,0.0000
0.0000,0.0000
0.0000,0.0000
0.0000,0.0000
0.0000,0.0000
0.0000,0.0000
0.0000,0.0000
0.0000,0.0000
0.0000,0.0000
0.0000,0.0000
0.0000,0.0000
0.0000,0.0000
0.0000,0.0000
0.0000,0.0000
0.0000,0.0000
0.0000,0.0000
0.0000,0.0000
0.0000,0.0000
0.0000,0.0000
0.0000,0.0000
0.0000,0.0000
0.0000,0.0000
0.0000,0.0000
0.0000,0.0000
0.0000,0.0000
0.0000,0.0000
0.0000,0.0000
0.0000,0.0000
0.0000,0.0000
0.0000,0.0000
0.0000,0.0000
0.0000,0.0000
0.0000,0.0000
0.0000,0.0000
0.0000,0.0000
0.0000,0.0000
0.0000,0.0000
0.0000,0.0000
0.0000,0.0000
0.0000,0.0000
0.0000,0.0000
0.0000,0.0000
0.0000,0.0000
0.0000,0.0000
0.0000,0.0000
0.0000,0.0000
0.0000,0.0000
0.0000,0.0000
0.0000,0.0000
0.0000,0.0000
0.0000,0.0000
0.0000,0.0000
0.0000,0.0000
0.0000,0.0000
0.0000,0.0000
0.0000,0.0000
0.0000,0.0000
0.0000,0.0000
0.0000,0.0000
0.0000,0.0000
0.0000,0.0000
0.0000,0.0000
0.0000,0.0000
0.0000,0.0000
0.0000,0.0000
0.0000,0.0000
0.0000,0.0000
0.0000,0.0000
0.0000,0.0000
0.0000,0.0000
0.0000,0.0000
0.0000,0.0000
0.0000,0.0000
0.0000,0.0000
0.0000,0.0000
0.0000,0.0000
0.0000,0.0000
0.0000,0.0000
0.0000,0.0000
0.0000,0.0000
0.0000,0.0000
0.0000,0.0000
0.0000,0.0000
0.0000,0.0000
0.0000,0.0000
0.0000,0.0000
0.0000,0.0000
0.0000,0.0000
0.0000,0.0000
0.0000,0.0000
0.0000,0.0000
0.0000,0.0000
0.0000,0.0000
0.0000,0.0000
0.0000,0.0000
0.0000,0.0000
0.0000,0.0000
0.0000,0.0000
0.0000,0.0000
0.0000,0.0000
0.0000,0.0000
0.0000,0.0000
0.0000,0.0000
0.0000,0.0000
0.0000,0.0000
0.0000,0.0000
0.0000,0.0000
0.0000,0.0000
0.0000,0.0000
0.0000,0.0000
0.0000,0.0000
0.0000,0.0000
0.0000,0.0000
0.0000,0.0000
0.0000,0.0000
0.0000,0.0000
0.0000,0.0000
0.0000,0.0000
0.0000,0.0000
0.0000,0.0000
0.0000,0.0000
0.0000,0.0000
0.0000,0.0000
0.0000,0.0000
0.0000,0.0000
0.0000,0.0000
0.0000,0.0000
0.0000,0.0000
0.0000,0.0000
0.0000,0.0000
0.0000,0.0000
0.0000,0.0000
0.0000,0.0000
0.0000,0.0000
0.0000,0.0000
0.0000,0.0000
0.0000,0.0000
0.0000,0.0000
0.0000,0.0000
0.0000,0.0000
0.0000,0.0000
0.0000,0.0000
0.0000,0.0000
0.0000,0.0000
0.0000,0.0000
0.0000,0.0000
0.0000,0.0000
0.0000,0.0000
0.0000,0.0000
0.0000,0.0000
0.0000,0.0000
0.0000,0.0000
0.0000,0.0000
0.0000,0.0000
0.0000,0.0000
0.0000,0.0000
0.0000,0.0000
0.0000,0.0000
0.0000,0.0000
0.0000,0.0000
0.0000,0.0000
0.0000,0.0000
0.0000,0.0000
0.0000,0.0000
0.0000,0.0000
0.0000,0.0000
0.0000,0.0000
0.0000,0.0000
0.0000,0.0000
0.0000,0.0000
0.0000,0.0000
0.0000,0.0000
0.0000,0.0000
0.0000,0.0000
0.0000,0.0000
0.0000,0.0000
0.0000,0.0000
0.0000,0.0000
0.0000,0.0000
0.0000,0.0000
0.0000,0.0000
0.0000,0.0000
0.0000,0.0000
0.0000,0.0000
0.0000,0.0000
0.0000,0.0000
0.0000,0.0000
0.0000,0.0000
0.0000,0.0000
0.0000,0.0000
0.0000,0.0000
0.0000,0.0000
0.0000,0.0000
0.0000,0.0000
0.0000,0.0000
0.0000,0.0000
0.0000,0.0000
0.0000,0.0000
0.0000,0.0000
0.0000,0.0000
0.0000,0.0000
0.0000,0.0000
0.0000,0.0000
0.0000,0.0000
0.0000,0.0000
0.0000,0.0000
0.0000,0.0000
0.0000,0.0000
0.0000,0.0000
0.0000,0.0000
0.0000,0.0000
0.0000,0.0000
0.0000,0.0000
0.0000,0.0000
0.0000,0.0000
0.0000,0.0000
0.0000,0.0000
0.0000,0.0000
0.0000,0.0000
0.0000,0.0000
0.0000,0.0000
0.0000,0.0000
0.0000,0.0000
0.0000,0.0000
0.0000,0.0000
0.0000,0.0000
0.0000,0.0000
0.0000,0.0000
0.0000,0.0000
0.0000,0.0000
0.0000,0.0000
0.0000,0.0000
0.0000,0.0000
0.0000,0.0000
0.0000,0.0000
0.0000,0.0000
0.0000,0.0000
0.0000,0.0000
0.0000,0.0000
0.0000,0.0000
0.0000,0.0000
0.0000,0.0000
0.0000,0.0000
0.0000,0.0000
0.0000,0.0000
0.0000,0.0000
0.0000,0.0000
0.0000,0.0000
0.0000,0.0000
0.0000,0.0000
0.0000,0.0000
0.0000,0.0000
0.0000,0.0000
0.0000,0.0000
0.0000,0.0000
0.0000,0.0000
0.0000,0.0000
0.0000,0.0000
0.0000,0.0000
0.0000,0.0000
0.0000,0.0000
0.0000,0.0000
0.0000,0.0000
0.0000,0.0000
0.0000,0.0000
0.0000,0.0000
0.0000,0.0000
0.0000,0.0000
0.0000,0.0000
0.0000,0.0000
0.0000,0.0000
0.0000,0.0000
0.0000,0.0000
0.0000,0.0000
0.0000,0.0000
0.0000,0.0000
0.0000,0.0000
0.0000,0.0000
0.0000,0.0000
0.0000,0.0000
0.0000,0.0000
0.0000,0.0000
0.0000,0.0000
0.0000,0.0000
0.0000,0.0000
0.0000,0.0000
0.0000,0.0000
0.0000,0.0000
0.0000,0.0000
0.0000,0.0000
0.0000,0.0000
0.0000,0.0000
0.0000,0.0000
0.0000,0.0000
0.0000,0.0000
0.0000,0.0000
0.0000,0.0000
0.0000,0.0000
0.0000,0.0000
0.0000,0.0000
0.0000,0.0000
0.0000,0.0000
0.0000,0.0000
0.0000,0.0000
0.0000,0.0000
0.0000,0.0000
0.0000,0.0000
0.0000,0.0000
0.0000,0.0000
0.0000,0.0000
0.0000,0.0000
0.0000,0.0000
0.0000,0.0000
0.0000,0.0000
0.0000,0.0000
0.0000,0.0000
0.0000,0.0000
0.0000,0.0000
0.0000,0.0000
0.0000,0.0000
0.0000,0.0000
0.0000,0.0000
0.0000,0.0000
0.0000,0.0000
0.0000,0.0000
0.0000,0.0000
0.0000,0.0000
0.0000,0.0000
0.0000,0.0000
0.0000,0.0000
0.0000,0.0000
0.0000,0.0000
0.0000,0.0000
0.0000,0.0000
0.0000,0.0000
0.0000,0.0000
0.0000,0.0000
0.0000,0.0000
0.0000,0.0000
0.0000,0.0000
0.0000,0.0000
0.0000,0.0000
0.0000,0.0000
0.0000,0.0000
0.0000,0.0000
0.0000,0.0000
0.0000,0.0000
0.0000,0.0000
0.0000,0.0000
0.0000,0.0000
0.0000,0.0000
0.0000,0.0000
0.0000,0.0000
0.0000,0.0000
0.0000,0.0000
0.0000,0.0000
0.0000,0.0000
0.0000,0.0000
0.0000,0.0000
0.0000,0.0000
0.0000,0.0000
0.0000,0.0000
0.0000,0.0000
0.0000,0.0000
0.0000,0.0000
0.0000,0.0000
0.0000,0.0000
0.0000,0.0000
0.0000,0.0000
0.0000,0.0000
0.0000,0.0000
0.0000,0.0000
0.0000,0.0000
0.0000,0.0000
0.0000,0.0000
0.0000,0.0000
0.0000,0.0000
0.0000,0.0000
0.0000,0.0000
0.0000,0.0000
0.0000,0.0000
0.0000,0.0000
0.0000,0.0000
0.0000,0.0000
0.0000,0.0000
0.0000,0.0000
0.0000,0.0000
0.0000,0.0000
0.0000,0.0000
0.0000,0.0000
0.0000,0.0000
0.0000,0.0000
0.0000,0.0000
0.0000,0.0000
0.0000,0.0000
0.0000,0.0000
0.0000,0.0000
0.0000,0.0000
0.0000,0.0000
0.0000,0.0000
0.0000,0.0000
0.0000,0.0000
0.0000,0.0000
0.0000,0.0000
0.0000,0.0000
0.0000,0.0000
0.0000,0.0000
0.0000,0.0000
0.0000,0.0000
0.0000,0.0000
0.0000,0.0000
0.0000,0.0000
0.0000,0.0000
0.0000,0.0000
-1.7770
-1.6802
-1.5867
-1.3305
-1.3270
-1.1151
-1.0607
-1.0366
-1.0293
-1.0124
-0.9460
-0.9345
-0.9312
-0.9171
-0.8894
-0.8713
-0.8620
-0.8453
-0.8328
-0.7848
-0.7007
-0.6892
-0.6883
-0.6761
-0.6652
-0.6542
-0.6478
-0.6156
-0.6131
-0.6118
-0.5943
-0.5869
-0.5851
-0.5483
-0.5460
-0.5404
-0.5069
-0.5037
-0.4966
-0.4817
-0.4728
-0.4683
-0.4603
-0.4548
-0.4507
-0.4503
-0.4304
-0.4191
-0.4124
-0.4118
-0.4074
-0.4032
-0.4002
-0.4000
-0.3942
-0.3884
-0.3751
-0.3695
-0.3673
-0.3601
-0.3418
-0.3332
-0.3329
-0.3270
-0.3074
-0.3069
-0.3041
-0.2997
-0.2995
-0.2966
-0.2906
-0.2899
-0.2675
-0.2648
-0.2600
-0.2380
-0.2372
-0.2305
-0.2275
-0.2076
-0.2066
-0.1981
-0.1928
-0.1858
-0.1670
-0.1653
-0.1529
-0.1445
-0.1435
-0.1423
-0.1399
-0.1284
-0.1265
-0.1161
-0.1158
-0.1115
-0.1087
-0.1042
-0.1039
-0.1035
-0.0973
-0.0892
-0.0872
-0.0753
-0.0724
-0.0683
-0.0491
-0.0410
-0.0346
-0.0332
-0.0317
-0.0301
-0.0245
-0.0165
-0.0145
-0.0013
-0.0013
0.0002
0.0063
0.0101
0.0126
0.0141
0.0214
0.0223
0.0232
0.0276
0.0280
0.0285
0.0329
0.0332
0.0497
0.0517
0.0526
0.0540
0.0566
0.0605
0.0669
0.0690
0.0802
0.0807
0.0825
0.0853
0.0937
0.0949
0.0960
0.1033
0.1033
0.1034
0.1047
0.1050
0.1067
0.1115
0.1198
0.1207
0.1268
0.1270
0.1291
0.1326
0.1361
0.1366
0.1391
0.1479
0.1482
0.1499
0.1516
0.1547
0.1582
0.1622
0.1635
0.1681
0.1735
0.1741
0.1761
0.1766
0.1840
0.1877
0.1910
0.1916
0.2091
0.2187
0.2188
0.2202
0.2221
0.2249
0.2267
0.2284
0.2361
0.2408
0.2486
0.2504
0.2579
0.2586
0.2595
0.2652
0.2658
0.2665
0.2690
0.2720
0.2773
0.2790
0.2844
0.2887
0.2917
0.2995
0.3026
0.3030
0.3048
0.3105
0.3134
0.3142
0.3161
0.3179
0.3216
0.3218
0.3225
0.3227
0.3243
0.3246
0.3255
0.3263
0.3263
0.3307
0.3309
0.3377
0.3478
0.3487
0.3499
0.3509
0.3550
0.3562
0.3655
0.3672
0.3711
0.3723
0.3741
0.3754
0.3758
0.3787
0.3793
0.3808
0.3884
0.3907
0.3989
0.4008
0.4014
0.4018
0.4076
0.4077
0.4170
0.4218
0.4231
0.4265
0.4269
0.4298
0.4309
0.4356
0.4384
0.4395
0.4399
0.4430
0.4431
0.4446
0.4451
0.4467
0.4474
0.4576
0.4591
0.4593
0.4621
0.4628
0.4633
0.4644
0.4662
0.4670
0.4699
0.4748
0.4755
0.4768
0.4776
0.4776
0.4798
0.4851
0.4925
0.4928
0.4931
0.4937
0.4961
0.4975
0.5002
0.5014
0.5019
0.5024
0.5028
0.5029
0.5029
0.5037
0.5148
0.5152
0.5159
0.5174
0.5180
0.5301
0.5349
0.5371
0.5395
0.5407
0.5451
0.5456
0.5466
0.5497
0.5500
0.5626
0.5652
0.5803
0.5815
0.5829
0.5872
0.5893
0.5901
0.5921
0.5938
0.5940
0.5941
0.5957
0.5983
0.6035
0.6067
0.6120
0.6167
0.6176
0.6197
0.6227
0.6270
0.6290
0.6308
0.6322
0.6375
0.6384
0.6384
0.6396
0.6408
0.6422
0.6544
0.6564
0.6590
0.6640
0.6664
0.6678
0.6728
0.6771
0.6775
0.6784
0.6787
0.6828
0.6956
0.7004
0.7005
0.7083
0.7083
0.7097
0.7113
0.7117
0.7135
0.7152
0.7192
0.7196
0.7220
0.7233
0.7239
0.7261
0.7269
0.7280
0.7287
0.7322
0.7323
0.7374
0.7405
0.7425
0.7444
0.7449
0.7462
0.7546
0.7585
0.7587
0.7590
0.7606
0.7690
0.7787
0.7788
0.7833
0.7853
0.7858
0.7872
0.7873
0.7935
0.7936
0.7952
0.8002
0.8020
0.8028
0.8032
0.8035
0.8053
0.8054
0.8077
0.8161
0.8174
0.8182
0.8258
0.8332
0.8348
0.8356
0.8360
0.8368
0.8369
0.8433
0.8450
0.8466
0.8506
0.8514
0.8530
0.8534
0.8568
0.8586
0.8615
0.8617
0.8627
0.8660
0.8706
0.8729
0.8779
0.8826
0.8840
0.8855
0.8897
0.8905
0.8919
0.8939
0.8974
0.9010
0.9077
0.9077
0.9166
0.9172
0.9191
0.9200
0.9205
0.9223
0.9229
0.9357
0.9437
0.9458
0.9504
0.9594
0.9601
0.9626
0.9650
0.9737
0.9806
0.9807
0.9837
0.9856
0.9900
0.9914
0.9983
0.9992
1.0008
1.0008
1.0017
1.0038
1.0084
1.0086
1.0116
1.0126
1.0179
1.0295
1.0305
1.0319
1.0345
1.0369
1.0377
1.0395
1.0404
1.0405
1.0406
1.0443
1.0445
1.0460
1.0467
1.0529
1.0561
1.0562
1.0571
1.0583
1.0620
1.0642
1.0690
1.0705
1.0722
1.0737
1.0761
1.0783
1.0813
1.0872
1.0894
1.0903
1.0927
1.0982
1.0992
1.0997
1.1046
1.1069
1.1120
1.1124
1.1166
1.1168
1.1198
1.1209
1.1241
1.1266
1.1307
1.1316
1.1343
1.1389
1.1393
1.1405
1.1432
1.1449
1.1452
1.1479
1.1500
1.1520
1.1531
1.1583
1.1597
1.1605
1.1660
1.1671
1.1700
1.1707
1.1713
1.1724
1.1804
1.1840
1.1856
1.1864
1.1876
1.1983
1.1995
1.1996
1.2028
1.2032
1.2078
1.2081
1.2112
1.2113
1.2167
1.2181
1.2215
1.2245
1.2317
1.2336
1.2340
1.2345
1.2346
1.2380
1.2412
1.2413
1.2522
1.2594
1.2641
1.2642
1.2655
1.2723
1.2728
1.2779
1.2784
1.2791
1.2808
1.2829
1.2871
1.2887
1.2921
1.2968
1.3045
1.3049
1.3080
1.3137
1.3146
1.3185
1.3208
1.3247
1.3291
1.3301
1.3341
1.3370
1.3377
1.3380
1.3385
1.3392
1.3407
1.3417
1.3422
1.3426
1.3570
1.3582
1.3584
1.3616
1.3632
1.3655
1.3657
1.3719
1.3761
1.3766
1.3781
1.3789
1.3798
1.3827
1.3845
1.3856
1.3888
1.3891
1.3961
1.4029
1.4035
1.4036
1.4061
1.4079
1.4097
1.4133
1.4144
1.4151
1.4172
1.4227
1.4266
1.4270
1.4294
1.4306
1.4322
1.4399
1.4457
1.4479
1.4527
1.4532
1.4536
1.4572
1.4591
1.4605
1.4672
1.4675
1.4717
1.4731
1.4764
1.4947
1.4949
1.4960
1.4972
1.5086
1.5107
1.5123
1.5178
1.5209
1.5249
1.5253
1.5260
1.5323
1.5365
1.5398
1.5435
1.5450
1.5472
1.5531
1.5588
1.5602
1.5606
1.5711
1.5732
1.5761
1.5761
1.5816
1.5848
1.5903
1.5941
1.5955
1.5982
1.6001
1.6026
1.6073
1.6079
1.6084
1.6147
1.6176
1.6187
1.6189
1.6198
1.6199
1.6244
1.6258
1.6293
1.6296
1.6304
1.6329
1.6372
1.6403
1.6415
1.6421
1.6421
1.6430
1.6456
1.6520
1.6545
1.6559
1.6644
1.6646
1.6650
1.6668
1.6695
1.6748
1.6766
1.6772
1.6797
1.6814
1.6914
1.6920
1.6951
1.6997
1.7019
1.7091
1.7104
1.7148
1.7168
1.7257
1.7277
1.7343
1.7368
1.7388
1.7406
1.7416
1.7469
1.7598
1.7604
1.7664
1.7707
1.7708
1.7745
1.7780
1.7780
1.7788
1.7790
1.7810
1.7819
1.7872
1.7905
1.7963
1.7975
1.8002
1.8054
1.8092
1.8105
1.8113
1.8136
1.8140
1.8149
1.8215
1.8309
1.8366
1.8377
1.8407
1.8410
1.8472
1.8494
1.8633
1.8647
1.8693
1.8759
1.8781
1.8799
1.8845
1.8878
1.8981
1.9000
1.9017
1.9053
1.9076
1.9086
1.9098
1.9180
1.9182
1.9226
1.9301
1.9314
1.9321
1.9357
1.9492
1.9716
1.9726
1.9787
1.9816
1.9818
1.9834
1.9855
1.9866
1.9878
1.9938
2.0114
2.0127
2.0158
2.0193
2.0275
2.0304
2.0320
2.0339
2.0348
2.0361
2.0401
2.0412
2.0501
2.0619
2.0675
2.0707
2.0802
2.0827
2.0942
2.1043
2.1073
2.1118
2.1143
2.1170
2.1239
2.1242
2.1316
2.1347
2.1362
2.1417
2.1557
2.1573
2.1608
2.1657
2.1675
2.1692
2.1709
2.1746
2.1799
2.1815
2.1905
2.1952
2.1959
2.2046
2.2226
2.2231
2.2278
2.2289
2.2307
2.2320
2.2321
2.2330
2.2368
2.2424
2.2425
2.2473
2.2571
2.2581
2.2636
2.2682
2.2710
2.2710
2.2744
2.2884
2.2932
2.3009
2.3021
2.3147
2.3226
2.3241
2.3280
2.3291
2.3338
2.3350
2.3420
2.3438
2.3442
2.3454
2.3456
2.3467
2.3472
2.3487
2.3511
2.3600
2.3754
2.3778
2.3894
2.4067
2.4091
2.4176
2.4184
2.4505
2.4592
2.4701
2.4808
2.4810
2.4864
2.4889
2.4943
2.5026
2.5049
2.5104
2.5144
2.5161
2.5206
2.5269
2.5283
2.5342
2.5389
2.5452
2.5488
2.5578
2.5690
2.5738
2.5761
2.5955
2.6020
2.6180
2.6302
2.6374
2.6563
2.6604
2.6607
2.6672
2.6678
2.6766
2.6832
2.6959
2.6963
2.7095
2.7197
2.7345
2.7399
2.7564
2.7588
2.7607
2.7615
2.7627
2.7688
2.7828
2.7933
2.8051
2.8092
2.8156
2.8269
2.8386
2.8461
2.8476
2.8491
2.8561
2.8719
2.9130
2.9191
2.9401
2.9598
2.9728
2.9887
2.9896
2.9955
3.0170
3.0284
3.0333
3.0356
3.0600
3.0959
3.1022
3.1394
3.1472
3.1694
3.2547
3.2663
3.2701
3.2775
3.2832
3.2967
3.3146
3.3161
3.3750
3.4019
3.4203
3.4424
3.4739
3.5202
3.5354
3.5590
3.5920
3.6405
3.6963
3.7256
3.7762
4.0692
4.1792
4.5870
4.6277
5.0087
5.0479
