1000
1000
-1.7174,0.2029
-1.6210,0.2002
-1.3998,0.1544
-1.2473,0.1427
-1.1340,0.1365
-1.0447,0.1309
-0.9737,0.1284
-0.9151,0.1257
-0.8664,0.1233
-0.8244,0.1211
-0.7883,0.1198
-0.7565,0.1183
-0.7282,0.1170
-0.7028,0.1158
-0.6799,0.1143
-0.6590,0.1129
-0.6400,0.1115
-0.6225,0.1101
-0.6064,0.1088
-0.5913,0.1074
-0.5774,0.1061
-0.5642,0.1047
-0.5520,0.1033
-0.5404,0.1020
-0.5296,0.1007
-0.5193,0.0995
-0.5097,0.0983
-0.5006,0.0972
-0.4919,0.0961
-0.4837,0.0950
-0.4759,0.0940
-0.4684,0.0930
-0.4611,0.0920
-0.4541,0.0909
-0.4474,0.0899
-0.4410,0.0890
-0.4348,0.0880
-0.4289,0.0872
-0.4231,0.0863
-0.4176,0.0854
-0.4122,0.0845
-0.4071,0.0837
-0.4021,0.0829
-0.3973,0.0820
-0.3927,0.0813
-0.3882,0.0805
-0.3839,0.0798
-0.3797,0.0791
-0.3756,0.0784
-0.3716,0.0778
-0.3678,0.0771
-0.3641,0.0765
-0.3605,0.0760
-0.3570,0.0754
-0.3536,0.0749
-0.3503,0.0744
-0.3471,0.0739
-0.3439,0.0734
-0.3409,0.0729
-0.3379,0.0724
-0.3350,0.0720
-0.3321,0.0715
-0.3294,0.0711
-0.3267,0.0706
-0.3240,0.0702
-0.3215,0.0697
-0.3189,0.0693
-0.3165,0.0689
-0.3141,0.0685
-0.3118,0.0681
-0.3095,0.0677
-0.3072,0.0673
-0.3050,0.0669
-0.3029,0.0665
-0.3008,0.0661
-0.2987,0.0658
-0.2967,0.0654
-0.2947,0.0651
-0.2927,0.0647
-0.2908,0.0644
-0.2890,0.0641
-0.2871,0.0638
-0.2853,0.0634
-0.2835,0.0631
-0.2818,0.0628
-0.2801,0.0625
-0.2784,0.0622
-0.2767,0.0619
-0.2751,0.0616
-0.2735,0.0613
-0.2719,0.0610
-0.2704,0.0607
-0.2688,0.0604
-0.2673,0.0601
-0.2658,0.0599
-0.2644,0.0596
-0.2630,0.0593
-0.2616,0.0591
-0.2602,0.0588
-0.2588,0.0586
-0.2575,0.0583
-0.2562,0.0581
-0.2549,0.0579
-0.2536,0.0576
-0.2523,0.0574
-0.2511,0.0572
-0.2499,0.0570
-0.2487,0.0568
-0.2475,0.0565
-0.2463,0.0563
-0.2452,0.0561
-0.2440,0.0559
-0.2429,0.0557
-0.2418,0.0555
-0.2407,0.0553
-0.2396,0.0551
-0.2385,0.0549
-0.2375,0.0547
-0.2364,0.0545
-0.2354,0.0543
-0.2343,0.0541
-0.2333,0.0539
-0.2323,0.0537
-0.2314,0.0536
-0.2304,0.0534
-0.2294,0.0532
-0.2285,0.0530
-0.2275,0.0528
-0.2266,0.0526
-0.2257,0.0524
-0.2248,0.0523
-0.2239,0.0521
-0.2230,0.0519
-0.2221,0.0517
-0.2213,0.0516
-0.2204,0.0514
-0.2196,0.0512
-0.2187,0.0511
-0.2179,0.0509
-0.2171,0.0507
-0.2163,0.0506
-0.2155,0.0504
-0.2147,0.0502
-0.2139,0.0501
-0.2131,0.0499
-0.2123,0.0497
-0.2115,0.0496
-0.2108,0.0494
-0.2100,0.0493
-0.2093,0.0491
-0.2086,0.0490
-0.2078,0.0488
-0.2071,0.0487
-0.2064,0.0485
-0.2057,0.0484
-0.2050,0.0482
-0.2043,0.0481
-0.2036,0.0480
-0.2029,0.0478
-0.2023,0.0477
-0.2016,0.0476
-0.2009,0.0474
-0.2003,0.0473
-0.1996,0.0472
-0.1990,0.0470
-0.1984,0.0469
-0.1977,0.0468
-0.1971,0.0467
-0.1965,0.0465
-0.1959,0.0464
-0.1952,0.0463
-0.1946,0.0462
-0.1940,0.0461
-0.1934,0.0459
-0.1928,0.0458
-0.1923,0.0457
-0.1917,0.0456
-0.1911,0.0455
-0.1905,0.0454
-0.1900,0.0452
-0.1894,0.0451
-0.1889,0.0450
-0.1883,0.0449
-0.1878,0.0448
-0.1872,0.0447
-0.1867,0.0446
-0.1861,0.0445
-0.1856,0.0444
-0.1851,0.0443
-0.1846,0.0442
-0.1840,0.0441
-0.1835,0.0439
-0.1830,0.0438
-0.1825,0.0437
-0.1820,0.0436
-0.1815,0.0435
-0.1810,0.0434
-0.1805,0.0433
-0.1800,0.0432
-0.1796,0.0431
-0.1791,0.0430
-0.1786,0.0429
-0.1781,0.0429
-0.1777,0.0428
-0.1772,0.0427
-0.1767,0.0426
-0.1763,0.0425
-0.1758,0.0424
-0.1754,0.0423
-0.1749,0.0422
-0.1745,0.0421
-0.1741,0.0420
-0.1736,0.0420
-0.1732,0.0419
-0.1728,0.0418
-0.1723,0.0417
-0.1719,0.0416
-0.1715,0.0415
-0.1711,0.0415
-0.1707,0.0414
-0.1702,0.0413
-0.1698,0.0412
-0.1694,0.0411
-0.1690,0.0411
-0.1686,0.0410
-0.1682,0.0409
-0.1678,0.0408
-0.1674,0.0407
-0.1670,0.0406
-0.1667,0.0406
-0.1663,0.0405
-0.1659,0.0404
-0.1655,0.0403
-0.1651,0.0403
-0.1648,0.0402
-0.1644,0.0401
-0.1640,0.0400
-0.1636,0.0400
-0.1633,0.0399
-0.1629,0.0398
-0.1625,0.0397
-0.1622,0.0396
-0.1618,0.0396
-0.1614,0.0395
-0.1611,0.0394
-0.1607,0.0393
-0.1604,0.0392
-0.1600,0.0392
-0.1597,0.0391
-0.1593,0.0390
-0.1590,0.0389
-0.1587,0.0389
-0.1583,0.0388
-0.1580,0.0387
-0.1576,0.0386
-0.1573,0.0386
-0.1570,0.0385
-0.1566,0.0384
-0.1563,0.0384
-0.1560,0.0383
-0.1557,0.0382
-0.1554,0.0382
-0.1550,0.0381
-0.1547,0.0380
-0.1544,0.0380
-0.1541,0.0379
-0.1538,0.0378
-0.1535,0.0378
-0.1532,0.0377
-0.1529,0.0376
-0.1526,0.0376
-0.1522,0.0375
-0.1519,0.0374
-0.1516,0.0374
-0.1514,0.0373
-0.1511,0.0372
-0.1508,0.0372
-0.1505,0.0371
-0.1502,0.0371
-0.1499,0.0370
-0.1496,0.0369
-0.1493,0.0369
-0.1490,0.0368
-0.1488,0.0368
-0.1485,0.0367
-0.1482,0.0366
-0.1479,0.0366
-0.1476,0.0365
-0.1474,0.0365
-0.1471,0.0364
-0.1468,0.0364
-0.1465,0.0363
-0.1463,0.0363
-0.1460,0.0362
-0.1457,0.0361
-0.1455,0.0361
-0.1452,0.0360
-0.1450,0.0360
-0.1447,0.0359
-0.1444,0.0359
-0.1442,0.0358
-0.1439,0.0358
-0.1437,0.0357
-0.1434,0.0357
-0.1432,0.0356
-0.1429,0.0356
-0.1427,0.0355
-0.1424,0.0355
-0.1422,0.0354
-0.1419,0.0354
-0.1417,0.0353
-0.1414,0.0353
-0.1412,0.0352
-0.1410,0.0352
-0.1407,0.0351
-0.1405,0.0351
-0.1403,0.0350
-0.1400,0.0350
-0.1398,0.0349
-0.1396,0.0349
-0.1393,0.0348
-0.1391,0.0348
-0.1389,0.0347
-0.1386,0.0347
-0.1384,0.0346
-0.1382,0.0346
-0.1380,0.0345
-0.1377,0.0345
-0.1375,0.0345
-0.1373,0.0344
-0.1371,0.0344
-0.1368,0.0343
-0.1366,0.0343
-0.1364,0.0342
-0.1362,0.0342
-0.1360,0.0341
-0.1357,0.0341
-0.1355,0.0340
-0.1353,0.0340
-0.1351,0.0339
-0.1349,0.0339
-0.1347,0.0339
-0.1345,0.0338
-0.1343,0.0338
-0.1341,0.0337
-0.1338,0.0337
-0.1336,0.0336
-0.1334,0.0336
-0.1332,0.0335
-0.1330,0.0335
-0.1328,0.0335
-0.1326,0.0334
-0.1324,0.0334
-0.1322,0.0333
-0.1320,0.0333
-0.1318,0.0332
-0.1316,0.0332
-0.1314,0.0331
-0.1312,0.0331
-0.1310,0.0331
-0.1308,0.0330
-0.1306,0.0330
-0.1304,0.0329
-0.1302,0.0329
-0.1301,0.0328
-0.1299,0.0328
-0.1297,0.0327
-0.1295,0.0327
-0.1293,0.0327
-0.1291,0.0326
-0.1289,0.0326
-0.1287,0.0325
-0.1285,0.0325
-0.1284,0.0325
-0.1282,0.0324
-0.1280,0.0324
-0.1278,0.0323
-0.1276,0.0323
-0.1274,0.0323
-0.1273,0.0322
-0.1271,0.0322
-0.1269,0.0321
-0.1267,0.0321
-0.1265,0.0320
-0.1264,0.0320
-0.1262,0.0320
-0.1260,0.0319
-0.1258,0.0319
-0.1257,0.0318
-0.1255,0.0318
-0.1253,0.0318
-0.1251,0.0317
-0.1250,0.0317
-0.1248,0.0316
-0.1246,0.0316
-0.1244,0.0316
-0.1243,0.0315
-0.1241,0.0315
-0.1239,0.0314
-0.1238,0.0314
-0.1236,0.0314
-0.1234,0.0313
-0.1233,0.0313
-0.1231,0.0312
-0.1229,0.0312
-0.1228,0.0312
-0.1226,0.0311
-0.1224,0.0311
-0.1223,0.0310
-0.1221,0.0310
-0.1220,0.0310
-0.1218,0.0309
-0.1216,0.0309
-0.1215,0.0309
-0.1213,0.0308
-0.1211,0.0308
-0.1210,0.0307
-0.1208,0.0307
-0.1207,0.0307
-0.1205,0.0306
-0.1204,0.0306
-0.1202,0.0306
-0.1201,0.0305
-0.1199,0.0305
-0.1197,0.0304
-0.1196,0.0304
-0.1194,0.0304
-0.1193,0.0303
-0.1191,0.0303
-0.1190,0.0303
-0.1188,0.0302
-0.1187,0.0302
-0.1185,0.0302
-0.1184,0.0301
-0.1182,0.0301
-0.1181,0.0300
-0.1179,0.0300
-0.1178,0.0300
-0.1176,0.0299
-0.1175,0.0299
-0.1174,0.0299
-0.1172,0.0298
-0.1171,0.0298
-0.1169,0.0298
-0.1168,0.0297
-0.1166,0.0297
-0.1165,0.0297
-0.1164,0.0296
-0.1162,0.0296
-0.1161,0.0296
-0.1159,0.0295
-0.1158,0.0295
-0.1157,0.0295
-0.1155,0.0294
-0.1154,0.0294
-0.1152,0.0294
-0.1151,0.0293
-0.1150,0.0293
-0.1148,0.0293
-0.1147,0.0292
-0.1146,0.0292
-0.1144,0.0292
-0.1143,0.0291
-0.1141,0.0291
-0.1140,0.0291
-0.1139,0.0290
-0.1137,0.0290
-0.1136,0.0290
-0.1135,0.0289
-0.1133,0.0289
-0.1132,0.0289
-0.1131,0.0288
-0.1130,0.0288
-0.1128,0.0288
-0.1127,0.0288
-0.1126,0.0287
-0.1124,0.0287
-0.1123,0.0287
-0.1122,0.0286
-0.1120,0.0286
-0.1119,0.0286
-0.1118,0.0285
-0.1117,0.0285
-0.1115,0.0285
-0.1114,0.0284
-0.1113,0.0284
-0.1112,0.0284
-0.1110,0.0284
-0.1109,0.0283
-0.1108,0.0283
-0.1107,0.0283
-0.1105,0.0282
-0.1104,0.0282
-0.1103,0.0282
-0.1102,0.0281
-0.1100,0.0281
-0.1099,0.0281
-0.1098,0.0281
-0.1097,0.0280
-0.1096,0.0280
-0.1094,0.0280
-0.1093,0.0279
-0.1092,0.0279
-0.1091,0.0279
-0.1090,0.0278
-0.1088,0.0278
-0.1087,0.0278
-0.1086,0.0278
-0.1085,0.0277
-0.1084,0.0277
-0.1083,0.0277
-0.1081,0.0276
-0.1080,0.0276
-0.1079,0.0276
-0.1078,0.0276
-0.1077,0.0275
-0.1076,0.0275
-0.1075,0.0275
-0.1073,0.0275
-0.1072,0.0274
-0.1071,0.0274
-0.1070,0.0274
-0.1069,0.0273
-0.1068,0.0273
-0.1067,0.0273
-0.1066,0.0273
-0.1064,0.0272
-0.1063,0.0272
-0.1062,0.0272
-0.1061,0.0271
-0.1060,0.0271
-0.1059,0.0271
-0.1058,0.0271
-0.1057,0.0270
-0.1056,0.0270
-0.1055,0.0270
-0.1053,0.0270
-0.1052,0.0269
-0.1051,0.0269
-0.1050,0.0269
-0.1049,0.0268
-0.1048,0.0268
-0.1047,0.0268
-0.1046,0.0268
-0.1045,0.0267
-0.1044,0.0267
-0.1043,0.0267
-0.1042,0.0267
-0.1041,0.0266
-0.1040,0.0266
-0.1039,0.0266
-0.1037,0.0266
-0.1036,0.0265
-0.1035,0.0265
-0.1034,0.0265
-0.1033,0.0265
-0.1032,0.0264
-0.1031,0.0264
-0.1030,0.0264
-0.1029,0.0264
-0.1028,0.0263
-0.1027,0.0263
-0.1026,0.0263
-0.1025,0.0263
-0.1024,0.0262
-0.1023,0.0262
-0.1022,0.0262
-0.1021,0.0262
-0.1020,0.0261
-0.1019,0.0261
-0.1018,0.0261
-0.1017,0.0261
-0.1016,0.0260
-0.1015,0.0260
-0.1014,0.0260
-0.1013,0.0260
-0.1012,0.0259
-0.1011,0.0259
-0.1010,0.0259
-0.1009,0.0259
-0.1008,0.0258
-0.1007,0.0258
-0.1006,0.0258
-0.1006,0.0258
-0.1005,0.0257
-0.1004,0.0257
-0.1003,0.0257
-0.1002,0.0257
-0.1001,0.0257
-0.1000,0.0256
-0.0999,0.0256
-0.0998,0.0256
-0.0997,0.0256
-0.0996,0.0255
-0.0995,0.0255
-0.0994,0.0255
-0.0993,0.0255
-0.0992,0.0254
-0.0992,0.0254
-0.0991,0.0254
-0.0990,0.0254
-0.0989,0.0254
-0.0988,0.0253
-0.0987,0.0253
-0.0986,0.0253
-0.0985,0.0253
-0.0984,0.0252
-0.0983,0.0252
-0.0982,0.0252
-0.0982,0.0252
-0.0981,0.0252
-0.0980,0.0251
-0.0979,0.0251
-0.0978,0.0251
-0.0977,0.0251
-0.0976,0.0250
-0.0975,0.0250
-0.0975,0.0250
-0.0974,0.0250
-0.0973,0.0250
-0.0972,0.0249
-0.0971,0.0249
-0.0970,0.0249
-0.0969,0.0249
-0.0968,0.0248
-0.0968,0.0248
-0.0967,0.0248
-0.0966,0.0248
-0.0965,0.0248
-0.0964,0.0247
-0.0963,0.0247
-0.0962,0.0247
-0.0962,0.0247
-0.0961,0.0246
-0.0960,0.0246
-0.0959,0.0246
-0.0958,0.0246
-0.0957,0.0246
-0.0957,0.0245
-0.0956,0.0245
-0.0955,0.0245
-0.0954,0.0245
-0.0953,0.0245
-0.0952,0.0244
-0.0952,0.0244
-0.0951,0.0244
-0.0950,0.0244
-0.0949,0.0243
-0.0948,0.0243
-0.0948,0.0243
-0.0947,0.0243
-0.0946,0.0243
-0.0945,0.0242
-0.0944,0.0242
-0.0944,0.0242
-0.0943,0.0242
-0.0942,0.0242
-0.0941,0.0241
-0.0940,0.0241
-0.0940,0.0241
-0.0939,0.0241
-0.0938,0.0241
-0.0937,0.0240
-0.0936,0.0240
-0.0936,0.0240
-0.0935,0.0240
-0.0934,0.0240
-0.0933,0.0239
-0.0933,0.0239
-0.0932,0.0239
-0.0931,0.0239
-0.0930,0.0239
-0.0929,0.0239
-0.0929,0.0238
-0.0928,0.0238
-0.0927,0.0238
-0.0926,0.0238
-0.0926,0.0238
-0.0925,0.0237
-0.0924,0.0237
-0.0923,0.0237
-0.0923,0.0237
-0.0922,0.0237
-0.0921,0.0237
-0.0920,0.0236
-0.0920,0.0236
-0.0919,0.0236
-0.0918,0.0236
-0.0917,0.0236
-0.0917,0.0235
-0.0916,0.0235
-0.0915,0.0235
-0.0915,0.0235
-0.0914,0.0235
-0.0913,0.0235
-0.0912,0.0234
-0.0912,0.0234
-0.0911,0.0234
-0.0910,0.0234
-0.0909,0.0234
-0.0909,0.0233
-0.0908,0.0233
-0.0907,0.0233
-0.0907,0.0233
-0.0906,0.0233
-0.0905,0.0233
-0.0904,0.0232
-0.0904,0.0232
-0.0903,0.0232
-0.0902,0.0232
-0.0902,0.0232
-0.0901,0.0232
-0.0900,0.0231
-0.0900,0.0231
-0.0899,0.0231
-0.0898,0.0231
-0.0897,0.0231
-0.0897,0.0231
-0.0896,0.0230
-0.0895,0.0230
-0.0895,0.0230
-0.0894,0.0230
-0.0893,0.0230
-0.0893,0.0230
-0.0892,0.0229
-0.0891,0.0229
-0.0891,0.0229
-0.0890,0.0229
-0.0889,0.0229
-0.0889,0.0229
-0.0888,0.0228
-0.0887,0.0228
-0.0887,0.0228
-0.0886,0.0228
-0.0885,0.0228
-0.0885,0.0228
-0.0884,0.0227
-0.0883,0.0227
-0.0883,0.0227
-0.0882,0.0227
-0.0881,0.0227
-0.0881,0.0227
-0.0880,0.0226
-0.0879,0.0226
-0.0879,0.0226
-0.0878,0.0226
-0.0877,0.0226
-0.0877,0.0226
-0.0876,0.0226
-0.0875,0.0225
-0.0875,0.0225
-0.0874,0.0225
-0.0873,0.0225
-0.0873,0.0225
-0.0872,0.0225
-0.0872,0.0224
-0.0871,0.0224
-0.0870,0.0224
-0.0870,0.0224
-0.0869,0.0224
-0.0868,0.0224
-0.0868,0.0224
-0.0867,0.0223
-0.0867,0.0223
-0.0866,0.0223
-0.0865,0.0223
-0.0865,0.0223
-0.0864,0.0223
-0.0863,0.0223
-0.0863,0.0222
-0.0862,0.0222
-0.0862,0.0222
-0.0861,0.0222
-0.0860,0.0222
-0.0860,0.0222
-0.0859,0.0222
-0.0858,0.0221
-0.0858,0.0221
-0.0857,0.0221
-0.0857,0.0221
-0.0856,0.0221
-0.0855,0.0221
-0.0855,0.0221
-0.0854,0.0220
-0.0854,0.0220
-0.0853,0.0220
-0.0852,0.0220
-0.0852,0.0220
-0.0851,0.0220
-0.0851,0.0220
-0.0850,0.0219
-0.0850,0.0219
-0.0849,0.0219
-0.0848,0.0219
-0.0848,0.0219
-0.0847,0.0219
-0.0847,0.0219
-0.0846,0.0219
-0.0845,0.0218
-0.0845,0.0218
-0.0844,0.0218
-0.0844,0.0218
-0.0843,0.0218
-0.0843,0.0218
-0.0842,0.0218
-0.0841,0.0217
-0.0841,0.0217
-0.0840,0.0217
-0.0840,0.0217
-0.0839,0.0217
-0.0839,0.0217
-0.0838,0.0217
-0.0837,0.0217
-0.0837,0.0216
-0.0836,0.0216
-0.0836,0.0216
-0.0835,0.0216
-0.0835,0.0216
-0.0834,0.0216
-0.0833,0.0216
-0.0833,0.0215
-0.0832,0.0215
-0.0832,0.0215
-0.0831,0.0215
-0.0831,0.0215
-0.0830,0.0215
-0.0830,0.0215
-0.0829,0.0215
-0.0829,0.0214
-0.0828,0.0214
-0.0827,0.0214
-0.0827,0.0214
-0.0826,0.0214
-0.0826,0.0214
-0.0825,0.0214
-0.0825,0.0214
-0.0824,0.0213
-0.0824,0.0213
-0.0823,0.0213
-0.0823,0.0213
-0.0822,0.0213
-0.0821,0.0213
-0.0821,0.0213
-0.0820,0.0213
-0.0820,0.0212
-0.0819,0.0212
-0.0819,0.0212
-0.0818,0.0212
-0.0818,0.0212
-0.0817,0.0212
-0.0817,0.0212
-0.0816,0.0212
-0.0816,0.0211
-0.0815,0.0211
-0.0815,0.0211
-0.0814,0.0211
-0.0814,0.0211
-0.0813,0.0211
-0.0813,0.0211
-0.0812,0.0211
-0.0811,0.0211
-0.0811,0.0210
-0.0810,0.0210
-0.0810,0.0210
-0.0809,0.0210
-0.0809,0.0210
-0.0808,0.0210
-0.0808,0.0210
-0.0807,0.0210
-0.0807,0.0209
-0.0806,0.0209
-0.0806,0.0209
-0.0805,0.0209
-0.0805,0.0209
-0.0804,0.0209
-0.0804,0.0209
-0.0803,0.0209
-0.0803,0.0209
-0.0802,0.0208
-0.0802,0.0208
-0.0801,0.0208
-0.0801,0.0208
-0.0800,0.0208
-0.0800,0.0208
-0.0799,0.0208
-0.0799,0.0208
-0.0798,0.0207
-0.0798,0.0207
-0.0797,0.0207
-0.0797,0.0207
-0.0796,0.0207
-0.0796,0.0207
-0.0795,0.0207
-0.0795,0.0207
-0.0794,0.0207
-0.0794,0.0206
-0.0794,0.0206
-0.0793,0.0206
-0.0793,0.0206
-0.0792,0.0206
-0.0792,0.0206
-0.0791,0.0206
-0.0791,0.0206
-0.0790,0.0206
-0.0790,0.0205
-0.0789,0.0205
-0.0789,0.0205
-0.0788,0.0205
-0.0788,0.0205
-0.0787,0.0205
-0.0787,0.0205
-0.0786,0.0205
-0.0786,0.0205
-0.0785,0.0204
-0.0785,0.0204
-0.0785,0.0204
-0.0784,0.0204
-0.0784,0.0204
-0.0783,0.0204
-0.0783,0.0204
-0.0782,0.0204
-0.0782,0.0204
-0.0781,0.0204
-0.0781,0.0203
-0.0780,0.0203
-0.0780,0.0203
-0.0779,0.0203
-0.0779,0.0203
-0.0779,0.0203
-0.0778,0.0203
-0.0778,0.0203
-0.0777,0.0203
-0.0777,0.0202
-0.0776,0.0202
-0.0776,0.0202
-0.0775,0.0202
-0.0775,0.0202
-0.0774,0.0202
-0.0774,0.0202
-0.0774,0.0202
-0.0773,0.0202
-0.0773,0.0202
-0.0772,0.0201
-0.0772,0.0201
-0.0771,0.0201
-0.0771,0.0201
-0.0770,0.0201
-0.0770,0.0201
-0.0770,0.0201
-0.0769,0.0201
-0.0769,0.0201
-0.0768,0.0201
-0.0768,0.0200
-0.0767,0.0200
-0.0767,0.0200
-0.0766,0.0200
-0.0766,0.0200
-0.0766,0.0200
-0.0765,0.0200
-0.0765,0.0200
-0.0764,0.0200
-0.0764,0.0200
-0.0763,0.0199
-0.0763,0.0199
-0.0763,0.0199
-0.0762,0.0199
-0.0762,0.0199
-0.0761,0.0199
-0.0761,0.0199
-0.0760,0.0199
-0.0760,0.0199
-0.0760,0.0199
-0.0759,0.0198
-0.0759,0.0198
-0.0758,0.0198
-0.0758,0.0198
-0.0757,0.0198
-0.0757,0.0198
-0.0757,0.0198
-0.0756,0.0198
-0.0756,0.0198
-0.0755,0.0198
-0.0755,0.0198
-0.0755,0.0197
-0.0754,0.0197
-0.0754,0.0197
-0.0753,0.0197
-0.0753,0.0197
-0.0753,0.0197
-0.0752,0.0197
-0.0752,0.0197
-0.0751,0.0197
-0.0751,0.0197
-0.0750,0.0196
-0.0750,0.0196
-0.0750,0.0196
-0.0749,0.0196
-0.0749,0.0196
-0.0748,0.0196
-0.0748,0.0196
0.2208
0.2418
0.3025
0.3104
0.3417
0.3422
0.3496
0.3606
0.3612
0.3749
0.4076
0.4107
0.4164
0.4181
0.4345
0.4441
0.4450
0.4641
0.4695
0.4795
0.5289
0.5319
0.5580
0.5603
0.5633
0.5743
0.5794
0.5813
0.5854
0.5871
0.5901
0.6000
0.6060
0.6068
0.6178
0.6210
0.6243
0.6441
0.6460
0.6473
0.6508
0.6532
0.6546
0.6546
0.6577
0.6617
0.6651
0.6747
0.6754
0.6761
0.6787
0.6877
0.6899
0.6998
0.7032
0.7032
0.7047
0.7071
0.7127
0.7183
0.7212
0.7241
0.7247
0.7291
0.7325
0.7345
0.7359
0.7370
0.7385
0.7451
0.7488
0.7520
0.7522
0.7538
0.7572
0.7592
0.7595
0.7637
0.7654
0.7707
0.7726
0.7726
0.7739
0.7770
0.7781
0.7790
0.7805
0.7819
0.7956
0.7986
0.7995
0.8022
0.8046
0.8053
0.8080
0.8102
0.8135
0.8137
0.8216
0.8316
0.8317
0.8413
0.8437
0.8507
0.8546
0.8547
0.8556
0.8570
0.8583
0.8602
0.8614
0.8650
0.8663
0.8686
0.8707
0.8740
0.8758
0.8785
0.8788
0.8814
0.8853
0.8861
0.8863
0.8877
0.8912
0.8930
0.8971
0.8978
0.9020
0.9051
0.9058
0.9081
0.9121
0.9131
0.9157
0.9192
0.9194
0.9220
0.9234
0.9250
0.9316
0.9330
0.9337
0.9337
0.9356
0.9358
0.9373
0.9374
0.9394
0.9395
0.9400
0.9405
0.9408
0.9410
0.9412
0.9419
0.9467
0.9486
0.9503
0.9505
0.9516
0.9537
0.9558
0.9568
0.9626
0.9635
0.9635
0.9659
0.9705
0.9713
0.9717
0.9729
0.9783
0.9803
0.9815
0.9869
0.9892
0.9900
0.9938
0.9974
0.9978
1.0014
1.0026
1.0047
1.0071
1.0111
1.0114
1.0124
1.0133
1.0153
1.0195
1.0207
1.0208
1.0227
1.0246
1.0262
1.0268
1.0280
1.0285
1.0336
1.0348
1.0368
1.0368
1.0394
1.0405
1.0419
1.0422
1.0427
1.0428
1.0466
1.0477
1.0478
1.0509
1.0516
1.0555
1.0557
1.0566
1.0647
1.0650
1.0727
1.0744
1.0797
1.0863
1.0868
1.0884
1.0893
1.0896
1.0944
1.0944
1.0969
1.0990
1.0992
1.1021
1.1083
1.1100
1.1148
1.1150
1.1193
1.1215
1.1221
1.1223
1.1316
1.1317
1.1323
1.1376
1.1407
1.1414
1.1437
1.1455
1.1488
1.1500
1.1507
1.1514
1.1543
1.1564
1.1570
1.1628
1.1643
1.1661
1.1668
1.1752
1.1764
1.1806
1.1822
1.1835
1.1852
1.1923
1.1929
1.1978
1.1983
1.1986
1.1988
1.2002
1.2021
1.2056
1.2075
1.2081
1.2085
1.2097
1.2114
1.2114
1.2126
1.2130
1.2131
1.2143
1.2150
1.2151
1.2152
1.2230
1.2240
1.2276
1.2290
1.2367
1.2370
1.2389
1.2402
1.2421
1.2425
1.2433
1.2440
1.2458
1.2461
1.2486
1.2502
1.2511
1.2525
1.2526
1.2533
1.2533
1.2537
1.2563
1.2565
1.2578
1.2579
1.2614
1.2647
1.2651
1.2682
1.2689
1.2690
1.2702
1.2722
1.2723
1.2766
1.2781
1.2798
1.2799
1.2829
1.2838
1.2847
1.2874
1.2895
1.2941
1.2979
1.2995
1.3007
1.3010
1.3016
1.3020
1.3045
1.3055
1.3071
1.3103
1.3107
1.3119
1.3120
1.3124
1.3137
1.3146
1.3197
1.3197
1.3205
1.3212
1.3230
1.3230
1.3255
1.3271
1.3271
1.3287
1.3294
1.3297
1.3332
1.3367
1.3390
1.3423
1.3428
1.3436
1.3444
1.3448
1.3456
1.3457
1.3465
1.3469
1.3504
1.3564
1.3605
1.3634
1.3639
1.3662
1.3667
1.3669
1.3672
1.3682
1.3704
1.3716
1.3739
1.3749
1.3770
1.3777
1.3784
1.3808
1.3838
1.3842
1.3847
1.3851
1.3871
1.3892
1.3900
1.3973
1.3998
1.4011
1.4016
1.4018
1.4039
1.4043
1.4070
1.4098
1.4118
1.4128
1.4135
1.4144
1.4145
1.4149
1.4152
1.4153
1.4164
1.4174
1.4188
1.4192
1.4221
1.4248
1.4253
1.4253
1.4255
1.4262
1.4283
1.4294
1.4312
1.4313
1.4314
1.4324
1.4384
1.4395
1.4416
1.4421
1.4431
1.4438
1.4439
1.4445
1.4458
1.4463
1.4463
1.4497
1.4514
1.4551
1.4566
1.4578
1.4583
1.4586
1.4612
1.4632
1.4643
1.4656
1.4682
1.4701
1.4725
1.4739
1.4797
1.4803
1.4804
1.4815
1.4839
1.4852
1.4881
1.4906
1.4912
1.4972
1.4972
1.4974
1.4997
1.5016
1.5062
1.5064
1.5113
1.5124
1.5187
1.5192
1.5193
1.5221
1.5240
1.5249
1.5261
1.5263
1.5278
1.5280
1.5335
1.5343
1.5372
1.5404
1.5419
1.5420
1.5431
1.5443
1.5443
1.5451
1.5454
1.5469
1.5469
1.5473
1.5558
1.5566
1.5567
1.5581
1.5582
1.5610
1.5658
1.5663
1.5665
1.5686
1.5691
1.5703
1.5717
1.5720
1.5733
1.5735
1.5741
1.5741
1.5747
1.5775
1.5784
1.5797
1.5798
1.5817
1.5822
1.5843
1.5846
1.5860
1.5872
1.5910
1.5913
1.5928
1.5969
1.5987
1.6008
1.6034
1.6038
1.6046
1.6078
1.6098
1.6120
1.6150
1.6167
1.6183
1.6188
1.6231
1.6294
1.6304
1.6354
1.6397
1.6398
1.6398
1.6423
1.6430
1.6435
1.6453
1.6455
1.6461
1.6476
1.6485
1.6502
1.6539
1.6542
1.6543
1.6585
1.6598
1.6613
1.6622
1.6639
1.6654
1.6671
1.6678
1.6687
1.6688
1.6694
1.6704
1.6744
1.6755
1.6772
1.6786
1.6788
1.6827
1.6827
1.6869
1.6883
1.6887
1.6891
1.6898
1.6919
1.6933
1.6934
1.6941
1.6944
1.6956
1.6956
1.7009
1.7045
1.7076
1.7081
1.7084
1.7105
1.7106
1.7156
1.7176
1.7202
1.7208
1.7225
1.7226
1.7234
1.7283
1.7285
1.7287
1.7352
1.7355
1.7369
1.7378
1.7401
1.7419
1.7436
1.7473
1.7491
1.7502
1.7516
1.7531
1.7554
1.7575
1.7616
1.7625
1.7647
1.7680
1.7702
1.7743
1.7743
1.7751
1.7772
1.7843
1.7872
1.7882
1.7896
1.7925
1.7933
1.7946
1.7949
1.7960
1.8025
1.8026
1.8069
1.8085
1.8090
1.8116
1.8131
1.8208
1.8210
1.8260
1.8266
1.8295
1.8307
1.8315
1.8316
1.8319
1.8340
1.8364
1.8377
1.8397
1.8436
1.8448
1.8459
1.8497
1.8498
1.8501
1.8527
1.8542
1.8549
1.8569
1.8570
1.8604
1.8651
1.8674
1.8696
1.8696
1.8709
1.8713
1.8717
1.8724
1.8797
1.8806
1.8860
1.8864
1.8883
1.8897
1.8906
1.8908
1.8926
1.8937
1.8950
1.8964
1.8965
1.9026
1.9034
1.9066
1.9075
1.9089
1.9095
1.9157
1.9190
1.9227
1.9235
1.9238
1.9238
1.9286
1.9288
1.9293
1.9299
1.9301
1.9303
1.9310
1.9341
1.9364
1.9375
1.9384
1.9392
1.9397
1.9416
1.9435
1.9508
1.9534
1.9536
1.9539
1.9551
1.9562
1.9572
1.9622
1.9625
1.9626
1.9634
1.9652
1.9705
1.9710
1.9766
1.9788
1.9790
1.9882
1.9889
1.9916
1.9929
1.9942
1.9943
1.9944
1.9947
1.9949
1.9998
2.0004
2.0016
2.0040
2.0058
2.0076
2.0103
2.0127
2.0134
2.0135
2.0136
2.0148
2.0162
2.0167
2.0178
2.0184
2.0192
2.0207
2.0221
2.0339
2.0347
2.0368
2.0397
2.0443
2.0466
2.0470
2.0513
2.0516
2.0524
2.0527
2.0532
2.0538
2.0538
2.0541
2.0561
2.0610
2.0622
2.0637
2.0656
2.0735
2.0746
2.0776
2.0794
2.0835
2.0867
2.0888
2.0896
2.0904
2.0929
2.0937
2.0987
2.0989
2.1027
2.1061
2.1080
2.1082
2.1085
2.1091
2.1154
2.1165
2.1206
2.1241
2.1270
2.1360
2.1379
2.1391
2.1392
2.1423
2.1430
2.1432
2.1502
2.1533
2.1565
2.1585
2.1643
2.1663
2.1678
2.1717
2.1782
2.1785
2.1785
2.1786
2.1814
2.1856
2.1909
2.1926
2.1957
2.1960
2.2065
2.2090
2.2105
2.2116
2.2127
2.2163
2.2181
2.2199
2.2263
2.2305
2.2307
2.2329
2.2331
2.2339
2.2355
2.2473
2.2504
2.2528
2.2532
2.2574
2.2587
2.2605
2.2627
2.2639
2.2640
2.2666
2.2692
2.2797
2.2801
2.2801
2.2857
2.2890
2.2893
2.2924
2.2947
2.2983
2.3023
2.3032
2.3038
2.3039
2.3057
2.3069
2.3142
2.3153
2.3190
2.3192
2.3264
2.3292
2.3299
2.3410
2.3456
2.3522
2.3597
2.3633
2.3651
2.3676
2.3687
2.3727
2.3795
2.3832
2.3833
2.3837
2.3846
2.3913
2.3983
2.3986
2.4029
2.4043
2.4143
2.4177
2.4215
2.4382
2.4450
2.4464
2.4491
2.4511
2.4530
2.4531
2.4555
2.4563
2.4597
2.4616
2.4724
2.4785
2.4796
2.4881
2.4889
2.4903
2.4914
2.4936
2.4936
2.4938
2.5003
2.5065
2.5073
2.5079
2.5184
2.5228
2.5468
2.5481
2.5641
2.5644
2.5667
2.5693
2.5749
2.5751
2.5760
2.5850
2.5920
2.5986
2.5994
2.5996
2.6010
2.6072
2.6083
2.6096
2.6275
2.6383
2.6386
2.6417
2.6450
2.6653
2.6793
2.6838
2.6872
2.7053
2.7111
2.7136
2.7210
2.7421
2.7432
2.7559
2.7592
2.7674
2.7917
2.8006
2.8423
2.8545
2.8561
2.8628
2.9371
2.9414
2.9569
2.9673
3.0553
3.0731
3.0836
3.0912
3.1180
3.1446
3.1518
3.1822
3.1953
3.2051
3.2463
3.3885
3.3931
3.4331
3.4668
3.4815
3.5839
4.2381
4.9330
