1000
1000
-1.5096,0.1912
-1.4165,0.1899
-1.1999,0.1437
-1.0517,0.1355
-0.9449,0.1344
-0.8629,0.1334
-0.7980,0.1314
-0.7448,0.1284
-0.6997,0.1253
-0.6613,0.1220
-0.6284,0.1191
-0.5996,0.1162
-0.5744,0.1138
-0.5521,0.1116
-0.5319,0.1093
-0.5136,0.1070
-0.4969,0.1049
-0.4816,0.1029
-0.4676,0.1011
-0.4547,0.0995
-0.4428,0.0980
-0.4317,0.0966
-0.4214,0.0952
-0.4117,0.0939
-0.4026,0.0925
-0.3939,0.0911
-0.3858,0.0896
-0.3781,0.0883
-0.3708,0.0870
-0.3640,0.0858
-0.3575,0.0847
-0.3513,0.0836
-0.3454,0.0826
-0.3398,0.0816
-0.3345,0.0807
-0.3294,0.0797
-0.3245,0.0788
-0.3198,0.0779
-0.3153,0.0769
-0.3110,0.0761
-0.3068,0.0752
-0.3028,0.0744
-0.2989,0.0736
-0.2952,0.0728
-0.2916,0.0720
-0.2881,0.0713
-0.2848,0.0706
-0.2815,0.0700
-0.2784,0.0693
-0.2753,0.0687
-0.2724,0.0681
-0.2695,0.0674
-0.2667,0.0668
-0.2640,0.0662
-0.2614,0.0657
-0.2588,0.0651
-0.2563,0.0646
-0.2539,0.0640
-0.2515,0.0635
-0.2492,0.0630
-0.2470,0.0625
-0.2448,0.0621
-0.2427,0.0616
-0.2407,0.0612
-0.2386,0.0607
-0.2367,0.0603
-0.2347,0.0599
-0.2329,0.0595
-0.2310,0.0591
-0.2292,0.0587
-0.2275,0.0583
-0.2257,0.0579
-0.2240,0.0576
-0.2224,0.0572
-0.2208,0.0568
-0.2192,0.0565
-0.2176,0.0561
-0.2161,0.0557
-0.2146,0.0554
-0.2131,0.0550
-0.2117,0.0547
-0.2103,0.0543
-0.2089,0.0540
-0.2075,0.0537
-0.2062,0.0533
-0.2049,0.0530
-0.2036,0.0527
-0.2023,0.0524
-0.2011,0.0521
-0.1998,0.0518
-0.1986,0.0515
-0.1975,0.0512
-0.1963,0.0509
-0.1952,0.0506
-0.1940,0.0503
-0.1929,0.0501
-0.1918,0.0498
-0.1908,0.0495
-0.1897,0.0493
-0.1887,0.0490
-0.1877,0.0487
-0.1867,0.0485
-0.1857,0.0483
-0.1847,0.0480
-0.1837,0.0478
-0.1828,0.0475
-0.1819,0.0473
-0.1810,0.0471
-0.1800,0.0468
-0.1792,0.0466
-0.1783,0.0464
-0.1774,0.0462
-0.1765,0.0459
-0.1757,0.0457
-0.1749,0.0455
-0.1740,0.0453
-0.1732,0.0450
-0.1724,0.0448
-0.1716,0.0446
-0.1709,0.0444
-0.1701,0.0442
-0.1693,0.0440
-0.1686,0.0438
-0.1678,0.0436
-0.1671,0.0434
-0.1664,0.0432
-0.1657,0.0431
-0.1650,0.0429
-0.1643,0.0427
-0.1636,0.0425
-0.1629,0.0423
-0.1622,0.0422
-0.1616,0.0420
-0.1609,0.0418
-0.1603,0.0417
-0.1596,0.0415
-0.1590,0.0413
-0.1584,0.0412
-0.1577,0.0410
-0.1571,0.0409
-0.1565,0.0407
-0.1559,0.0406
-0.1553,0.0404
-0.1547,0.0403
-0.1542,0.0401
-0.1536,0.0400
-0.1530,0.0398
-0.1524,0.0397
-0.1519,0.0395
-0.1513,0.0394
-0.1508,0.0392
-0.1502,0.0391
-0.1497,0.0390
-0.1492,0.0388
-0.1487,0.0387
-0.1481,0.0385
-0.1476,0.0384
-0.1471,0.0383
-0.1466,0.0381
-0.1461,0.0380
-0.1456,0.0379
-0.1451,0.0377
-0.1446,0.0376
-0.1441,0.0375
-0.1437,0.0374
-0.1432,0.0372
-0.1427,0.0371
-0.1422,0.0370
-0.1418,0.0368
-0.1413,0.0367
-0.1409,0.0366
-0.1404,0.0365
-0.1400,0.0364
-0.1395,0.0362
-0.1391,0.0361
-0.1386,0.0360
-0.1382,0.0359
-0.1378,0.0358
-0.1373,0.0357
-0.1369,0.0355
-0.1365,0.0354
-0.1361,0.0353
-0.1357,0.0352
-0.1353,0.0351
-0.1349,0.0350
-0.1345,0.0349
-0.1341,0.0348
-0.1337,0.0347
-0.1333,0.0346
-0.1329,0.0345
-0.1325,0.0344
-0.1321,0.0343
-0.1317,0.0342
-0.1314,0.0340
-0.1310,0.0339
-0.1306,0.0338
-0.1302,0.0337
-0.1299,0.0336
-0.1295,0.0335
-0.1291,0.0334
-0.1288,0.0333
-0.1284,0.0332
-0.1280,0.0331
-0.1277,0.0330
-0.1273,0.0329
-0.1270,0.0328
-0.1266,0.0327
-0.1263,0.0326
-0.1260,0.0325
-0.1256,0.0324
-0.1253,0.0323
-0.1249,0.0322
-0.1246,0.0321
-0.1243,0.0320
-0.1239,0.0319
-0.1236,0.0319
-0.1233,0.0318
-0.1230,0.0317
-0.1227,0.0316
-0.1223,0.0315
-0.1220,0.0314
-0.1217,0.0313
-0.1214,0.0312
-0.1211,0.0312
-0.1208,0.0311
-0.1205,0.0310
-0.1202,0.0309
-0.1199,0.0308
-0.1196,0.0307
-0.1193,0.0306
-0.1190,0.0306
-0.1187,0.0305
-0.1184,0.0304
-0.1181,0.0303
-0.1178,0.0302
-0.1175,0.0301
-0.1172,0.0301
-0.1169,0.0300
-0.1167,0.0299
-0.1164,0.0298
-0.1161,0.0298
-0.1158,0.0297
-0.1155,0.0296
-0.1153,0.0295
-0.1150,0.0294
-0.1147,0.0294
-0.1144,0.0293
-0.1142,0.0292
-0.1139,0.0291
-0.1136,0.0291
-0.1134,0.0290
-0.1131,0.0289
-0.1128,0.0288
-0.1126,0.0288
-0.1123,0.0287
-0.1121,0.0286
-0.1118,0.0286
-0.1116,0.0285
-0.1113,0.0284
-0.1111,0.0284
-0.1108,0.0283
-0.1106,0.0282
-0.1103,0.0281
-0.1101,0.0281
-0.1098,0.0280
-0.1096,0.0279
-0.1093,0.0279
-0.1091,0.0278
-0.1089,0.0277
-0.1086,0.0277
-0.1084,0.0276
-0.1082,0.0275
-0.1079,0.0275
-0.1077,0.0274
-0.1075,0.0274
-0.1072,0.0273
-0.1070,0.0272
-0.1068,0.0272
-0.1065,0.0271
-0.1063,0.0270
-0.1061,0.0270
-0.1059,0.0269
-0.1056,0.0269
-0.1054,0.0268
-0.1052,0.0267
-0.1050,0.0267
-0.1048,0.0266
-0.1045,0.0266
-0.1043,0.0265
-0.1041,0.0264
-0.1039,0.0264
-0.1037,0.0263
-0.1035,0.0263
-0.1033,0.0262
-0.1030,0.0261
-0.1028,0.0261
-0.1026,0.0260
-0.1024,0.0260
-0.1022,0.0259
-0.1020,0.0259
-0.1018,0.0258
-0.1016,0.0257
-0.1014,0.0257
-0.1012,0.0256
-0.1010,0.0256
-0.1008,0.0255
-0.1006,0.0255
-0.1004,0.0254
-0.1002,0.0254
-0.1000,0.0253
-0.0998,0.0252
-0.0996,0.0252
-0.0994,0.0251
-0.0992,0.0251
-0.0990,0.0250
-0.0988,0.0250
-0.0986,0.0249
-0.0984,0.0249
-0.0982,0.0248
-0.0980,0.0248
-0.0978,0.0247
-0.0976,0.0247
-0.0975,0.0246
-0.0973,0.0246
-0.0971,0.0245
-0.0969,0.0245
-0.0967,0.0244
-0.0965,0.0244
-0.0963,0.0243
-0.0961,0.0243
-0.0960,0.0242
-0.0958,0.0241
-0.0956,0.0241
-0.0954,0.0240
-0.0952,0.0240
-0.0950,0.0239
-0.0949,0.0239
-0.0947,0.0238
-0.0945,0.0238
-0.0943,0.0237
-0.0942,0.0237
-0.0940,0.0236
-0.0938,0.0236
-0.0936,0.0235
-0.0935,0.0235
-0.0933,0.0234
-0.0931,0.0234
-0.0929,0.0233
-0.0928,0.0233
-0.0926,0.0232
-0.0924,0.0232
-0.0923,0.0231
-0.0921,0.0231
-0.0919,0.0230
-0.0917,0.0230
-0.0916,0.0229
-0.0914,0.0229
-0.0912,0.0229
-0.0911,0.0228
-0.0909,0.0228
-0.0908,0.0227
-0.0906,0.0227
-0.0904,0.0226
-0.0903,0.0226
-0.0901,0.0225
-0.0899,0.0225
-0.0898,0.0225
-0.0896,0.0224
-0.0895,0.0224
-0.0893,0.0223
-0.0891,0.0223
-0.0890,0.0222
-0.0888,0.0222
-0.0887,0.0221
-0.0885,0.0221
-0.0884,0.0220
-0.0882,0.0220
-0.0880,0.0220
-0.0879,0.0219
-0.0877,0.0219
-0.0876,0.0218
-0.0874,0.0218
-0.0873,0.0217
-0.0871,0.0217
-0.0870,0.0216
-0.0868,0.0216
-0.0867,0.0215
-0.0865,0.0215
-0.0864,0.0214
-0.0862,0.0214
-0.0860,0.0214
-0.0859,0.0213
-0.0857,0.0213
-0.0856,0.0212
-0.0854,0.0212
-0.0853,0.0211
-0.0852,0.0211
-0.0850,0.0210
-0.0849,0.0210
-0.0847,0.0209
-0.0846,0.0209
-0.0844,0.0208
-0.0843,0.0208
-0.0841,0.0208
-0.0840,0.0207
-0.0838,0.0207
-0.0837,0.0206
-0.0835,0.0206
-0.0834,0.0205
-0.0833,0.0205
-0.0831,0.0204
-0.0830,0.0204
-0.0828,0.0203
-0.0827,0.0203
-0.0826,0.0203
-0.0824,0.0202
-0.0823,0.0202
-0.0821,0.0201
-0.0820,0.0201
-0.0819,0.0200
-0.0817,0.0200
-0.0816,0.0200
-0.0814,0.0199
-0.0813,0.0199
-0.0812,0.0198
-0.0810,0.0198
-0.0809,0.0197
-0.0808,0.0197
-0.0806,0.0197
-0.0805,0.0196
-0.0804,0.0196
-0.0802,0.0195
-0.0801,0.0195
-0.0799,0.0195
-0.0798,0.0194
-0.0797,0.0194
-0.0795,0.0193
-0.0794,0.0193
-0.0793,0.0193
-0.0792,0.0192
-0.0790,0.0192
-0.0789,0.0191
-0.0788,0.0191
-0.0786,0.0191
-0.0785,0.0190
-0.0784,0.0190
-0.0782,0.0189
-0.0781,0.0189
-0.0780,0.0189
-0.0779,0.0188
-0.0777,0.0188
-0.0776,0.0187
-0.0775,0.0187
-0.0773,0.0187
-0.0772,0.0186
-0.0771,0.0186
-0.0770,0.0185
-0.0768,0.0185
-0.0767,0.0185
-0.0766,0.0184
-0.0765,0.0184
-0.0763,0.0183
-0.0762,0.0183
-0.0761,0.0183
-0.0760,0.0182
-0.0758,0.0182
-0.0757,0.0181
-0.0756,0.0181
-0.0755,0.0181
-0.0753,0.0180
-0.0752,0.0180
-0.0751,0.0180
-0.0750,0.0179
-0.0748,0.0179
-0.0747,0.0178
-0.0746,0.0178
-0.0745,0.0178
-0.0744,0.0177
-0.0742,0.0177
-0.0741,0.0176
-0.0740,0.0176
-0.0739,0.0176
-0.0738,0.0175
-0.0736,0.0175
-0.0735,0.0175
-0.0734,0.0174
-0.0733,0.0174
-0.0732,0.0173
-0.0730,0.0173
-0.0729,0.0173
-0.0728,0.0172
-0.0727,0.0172
-0.0726,0.0171
-0.0725,0.0171
-0.0723,0.0171
-0.0722,0.0170
-0.0721,0.0170
-0.0720,0.0170
-0.0719,0.0169
-0.0718,0.0169
-0.0716,0.0169
-0.0715,0.0168
-0.0714,0.0168
-0.0713,0.0167
-0.0712,0.0167
-0.0711,0.0167
-0.0709,0.0166
-0.0708,0.0166
-0.0707,0.0166
-0.0706,0.0165
-0.0705,0.0165
-0.0704,0.0165
-0.0703,0.0164
-0.0701,0.0164
-0.0700,0.0163
-0.0699,0.0163
-0.0698,0.0163
-0.0697,0.0162
-0.0696,0.0162
-0.0695,0.0162
-0.0693,0.0161
-0.0692,0.0161
-0.0691,0.0161
-0.0690,0.0160
-0.0689,0.0160
-0.0688,0.0159
-0.0687,0.0159
-0.0686,0.0159
-0.0685,0.0158
-0.0683,0.0158
-0.0682,0.0158
-0.0681,0.0157
-0.0680,0.0157
-0.0679,0.0157
-0.0678,0.0156
-0.0677,0.0156
-0.0676,0.0156
-0.0675,0.0155
-0.0673,0.0155
-0.0672,0.0155
-0.0671,0.0154
-0.0670,0.0154
-0.0669,0.0153
-0.0668,0.0153
-0.0667,0.0153
-0.0666,0.0152
-0.0665,0.0152
-0.0664,0.0152
-0.0663,0.0151
-0.0662,0.0151
-0.0660,0.0151
-0.0659,0.0151
-0.0658,0.0150
-0.0657,0.0150
-0.0656,0.0150
-0.0655,0.0149
-0.0654,0.0149
-0.0653,0.0149
-0.0652,0.0148
-0.0651,0.0148
-0.0650,0.0148
-0.0649,0.0147
-0.0648,0.0147
-0.0647,0.0147
-0.0646,0.0146
-0.0645,0.0146
-0.0644,0.0146
-0.0642,0.0145
-0.0641,0.0145
-0.0640,0.0145
-0.0639,0.0145
-0.0638,0.0144
-0.0637,0.0144
-0.0636,0.0144
-0.0635,0.0143
-0.0634,0.0143
-0.0633,0.0143
-0.0632,0.0142
-0.0631,0.0142
-0.0630,0.0142
-0.0629,0.0141
-0.0628,0.0141
-0.0627,0.0141
-0.0626,0.0140
-0.0625,0.0140
-0.0624,0.0140
-0.0623,0.0139
-0.0622,0.0139
-0.0621,0.0139
-0.0620,0.0139
-0.0619,0.0138
-0.0618,0.0138
-0.0617,0.0138
-0.0616,0.0137
-0.0615,0.0137
-0.0614,0.0137
-0.0613,0.0136
-0.0612,0.0136
-0.0611,0.0136
-0.0610,0.0136
-0.0609,0.0135
-0.0608,0.0135
-0.0607,0.0135
-0.0606,0.0134
-0.0605,0.0134
-0.0604,0.0134
-0.0603,0.0133
-0.0602,0.0133
-0.0601,0.0133
-0.0600,0.0133
-0.0599,0.0132
-0.0598,0.0132
-0.0597,0.0132
-0.0596,0.0131
-0.0595,0.0131
-0.0594,0.0131
-0.0593,0.0131
-0.0592,0.0130
-0.0591,0.0130
-0.0590,0.0130
-0.0589,0.0130
-0.0588,0.0129
-0.0587,0.0129
-0.0586,0.0129
-0.0585,0.0128
-0.0584,0.0128
-0.0583,0.0128
-0.0582,0.0128
-0.0581,0.0127
-0.0580,0.0127
-0.0579,0.0127
-0.0578,0.0127
-0.0577,0.0126
-0.0576,0.0126
-0.0575,0.0126
-0.0574,0.0125
-0.0573,0.0125
-0.0572,0.0125
-0.0571,0.0125
-0.0570,0.0124
-0.0569,0.0124
-0.0568,0.0124
-0.0567,0.0124
-0.0566,0.0123
-0.0565,0.0123
-0.0564,0.0123
-0.0563,0.0123
-0.0562,0.0122
-0.0561,0.0122
-0.0560,0.0122
-0.0559,0.0121
-0.0558,0.0121
-0.0557,0.0121
-0.0556,0.0121
-0.0555,0.0120
-0.0555,0.0120
-0.0554,0.0120
-0.0553,0.0120
-0.0552,0.0119
-0.0551,0.0119
-0.0550,0.0119
-0.0549,0.0119
-0.0548,0.0118
-0.0547,0.0118
-0.0546,0.0118
-0.0545,0.0118
-0.0544,0.0117
-0.0543,0.0117
-0.0542,0.0117
-0.0541,0.0117
-0.0540,0.0116
-0.0539,0.0116
-0.0538,0.0116
-0.0537,0.0116
-0.0536,0.0115
-0.0535,0.0115
-0.0534,0.0115
-0.0533,0.0115
-0.0532,0.0114
-0.0531,0.0114
-0.0530,0.0114
-0.0530,0.0113
-0.0529,0.0113
-0.0528,0.0113
-0.0527,0.0113
-0.0526,0.0112
-0.0525,0.0112
-0.0524,0.0112
-0.0523,0.0112
-0.0522,0.0111
-0.0521,0.0111
-0.0520,0.0111
-0.0519,0.0111
-0.0518,0.0111
-0.0517,0.0110
-0.0516,0.0110
-0.0515,0.0110
-0.0514,0.0110
-0.0513,0.0109
-0.0512,0.0109
-0.0511,0.0109
-0.0510,0.0109
-0.0509,0.0108
-0.0508,0.0108
-0.0507,0.0108
-0.0507,0.0108
-0.0506,0.0107
-0.0505,0.0107
-0.0504,0.0107
-0.0503,0.0107
-0.0502,0.0106
-0.0501,0.0106
-0.0500,0.0106
-0.0499,0.0106
-0.0498,0.0105
-0.0497,0.0105
-0.0496,0.0105
-0.0495,0.0105
-0.0494,0.0104
-0.0493,0.0104
-0.0492,0.0104
-0.0491,0.0104
-0.0490,0.0103
-0.0489,0.0103
-0.0488,0.0103
-0.0487,0.0103
-0.0486,0.0102
-0.0485,0.0102
-0.0484,0.0102
-0.0483,0.0102
-0.0482,0.0101
-0.0481,0.0101
-0.0480,0.0101
-0.0479,0.0101
-0.0478,0.0100
-0.0477,0.0100
-0.0476,0.0100
-0.0475,0.0100
-0.0474,0.0099
-0.0474,0.0099
-0.0473,0.0099
-0.0472,0.0099
-0.0471,0.0098
-0.0470,0.0098
-0.0469,0.0098
-0.0468,0.0098
-0.0467,0.0097
-0.0466,0.0097
-0.0465,0.0097
-0.0464,0.0097
-0.0463,0.0096
-0.0462,0.0096
-0.0461,0.0096
-0.0460,0.0096
-0.0459,0.0095
-0.0458,0.0095
-0.0457,0.0095
-0.0456,0.0095
-0.0455,0.0095
-0.0454,0.0094
-0.0453,0.0094
-0.0452,0.0094
-0.0451,0.0094
-0.0450,0.0093
-0.0449,0.0093
-0.0448,0.0093
-0.0447,0.0093
-0.0446,0.0092
-0.0445,0.0092
-0.0444,0.0092
-0.0443,0.0092
-0.0442,0.0091
-0.0441,0.0091
-0.0440,0.0091
-0.0439,0.0091
-0.0438,0.0090
-0.0436,0.0090
-0.0435,0.0090
-0.0434,0.0090
-0.0433,0.0090
-0.0432,0.0089
-0.0431,0.0089
-0.0430,0.0089
-0.0429,0.0089
-0.0428,0.0088
-0.0427,0.0088
-0.0426,0.0088
-0.0425,0.0088
-0.0424,0.0088
-0.0423,0.0087
-0.0422,0.0087
-0.0421,0.0087
-0.0420,0.0087
-0.0419,0.0086
-0.0418,0.0086
-0.0417,0.0086
-0.0416,0.0086
-0.0415,0.0085
-0.0414,0.0085
-0.0413,0.0085
-0.0412,0.0085
-0.0411,0.0085
-0.0410,0.0084
-0.0409,0.0084
-0.0408,0.0084
-0.0407,0.0084
-0.0405,0.0083
-0.0404,0.0083
-0.0403,0.0083
-0.0402,0.0083
-0.0401,0.0082
-0.0400,0.0082
-0.0399,0.0082
-0.0398,0.0082
-0.0397,0.0081
-0.0396,0.0081
-0.0395,0.0081
-0.0394,0.0081
-0.0393,0.0080
-0.0392,0.0080
-0.0390,0.0080
-0.0389,0.0080
-0.0388,0.0079
-0.0387,0.0079
-0.0386,0.0079
-0.0385,0.0079
-0.0384,0.0078
-0.0383,0.0078
-0.0382,0.0078
-0.0381,0.0078
-0.0380,0.0077
-0.0378,0.0077
-0.0377,0.0077
-0.0376,0.0077
-0.0375,0.0076
-0.0374,0.0076
-0.0373,0.0076
-0.0372,0.0076
-0.0371,0.0075
-0.0370,0.0075
-0.0369,0.0075
-0.0367,0.0075
-0.0366,0.0074
-0.0365,0.0074
-0.0364,0.0074
-0.0363,0.0074
-0.0362,0.0073
-0.0361,0.0073
-0.0360,0.0073
-0.0358,0.0073
-0.0357,0.0072
-0.0356,0.0072
-0.0355,0.0072
-0.0354,0.0072
-0.0353,0.0071
-0.0352,0.0071
-0.0350,0.0071
-0.0349,0.0070
-0.0348,0.0070
-0.0347,0.0070
-0.0346,0.0070
-0.0345,0.0069
-0.0344,0.0069
-0.0342,0.0069
-0.0341,0.0069
-0.0340,0.0068
-0.0339,0.0068
-0.0338,0.0068
-0.0337,0.0068
-0.0335,0.0067
-0.0334,0.0067
-0.0333,0.0067
-0.0332,0.0067
-0.0331,0.0066
-0.0329,0.0066
-0.0328,0.0066
-0.0327,0.0065
-0.0326,0.0065
-0.0325,0.0065
-0.0323,0.0065
-0.0322,0.0064
-0.0321,0.0064
-0.0320,0.0064
-0.0319,0.0064
-0.0317,0.0063
-0.0316,0.0063
-0.0315,0.0063
-0.0314,0.0063
-0.0313,0.0062
-0.0311,0.0062
-0.0310,0.0062
-0.0309,0.0062
-0.0308,0.0061
-0.0306,0.0061
-0.0305,0.0061
-0.0304,0.0061
-0.0303,0.0060
-0.0301,0.0060
-0.0300,0.0060
-0.0299,0.0060
-0.0298,0.0059
-0.0296,0.0059
-0.0295,0.0059
-0.0294,0.0059
-0.0292,0.0058
-0.0291,0.0058
-0.0290,0.0058
-0.0288,0.0058
-0.0287,0.0057
-0.0286,0.0057
-0.0284,0.0057
-0.0283,0.0057
-0.0282,0.0056
-0.0280,0.0056
-0.0279,0.0056
-0.0278,0.0055
-0.0276,0.0055
-0.0275,0.0055
-0.0273,0.0055
-0.0272,0.0054
-0.0271,0.0054
-0.0269,0.0054
-0.0268,0.0054
-0.0266,0.0053
-0.0265,0.0053
-0.0263,0.0053
-0.0262,0.0052
-0.0261,0.0052
-0.0259,0.0052
-0.0258,0.0051
-0.0256,0.0051
-0.0255,0.0051
-0.0253,0.0051
-0.0252,0.0050
-0.0250,0.0050
-0.0249,0.0050
-0.0247,0.0049
-0.0246,0.0049
-0.0244,0.0049
-0.0243,0.0048
-0.0241,0.0048
-0.0239,0.0048
-0.0238,0.0047
-0.0236,0.0047
-0.0235,0.0047
-0.0233,0.0046
-0.0231,0.0046
-0.0230,0.0046
-0.0228,0.0046
-0.0226,0.0045
-0.0225,0.0045
-0.0223,0.0045
-0.0221,0.0044
-0.0220,0.0044
-0.0218,0.0044
-0.0216,0.0043
-0.0214,0.0043
-0.0213,0.0043
-0.0211,0.0042
-0.0209,0.0042
-0.0207,0.0042
-0.0206,0.0041
-0.0204,0.0041
-0.0202,0.0041
-0.0200,0.0040
-0.0198,0.0040
-0.0196,0.0040
-0.0194,0.0039
-0.0193,0.0039
-0.0191,0.0039
-0.0189,0.0039
-0.0187,0.0038
-0.0185,0.0038
-0.0183,0.0038
-0.0181,0.0037
-0.0179,0.0037
-0.0177,0.0037
-0.0175,0.0036
-0.0173,0.0036
-0.0171,0.0036
-0.0168,0.0036
-0.0166,0.0035
-0.0164,0.0035
-0.0162,0.0035
-0.0160,0.0034
-0.0157,0.0034
-0.0155,0.0034
-0.0153,0.0033
-0.0150,0.0033
-0.0148,0.0032
-0.0145,0.0032
-0.0143,0.0031
-0.0140,0.0031
-0.0137,0.0031
-0.0135,0.0030
-0.0132,0.0030
-0.0129,0.0029
-0.0126,0.0029
-0.0123,0.0028
-0.0120,0.0028
-0.3413
-0.1630
-0.1195
-0.0996
-0.0805
-0.0734
-0.0712
-0.0681
0.0063
0.0101
0.0268
0.0435
0.0443
0.0451
0.0796
0.1024
0.1036
0.1162
0.1219
0.1301
0.1428
0.1446
0.1887
0.2019
0.2133
0.2228
0.2401
0.2458
0.2495
0.2683
0.2713
0.2870
0.2981
0.3006
0.3049
0.3071
0.3208
0.3221
0.3380
0.3393
0.3423
0.3436
0.3514
0.3539
0.3670
0.3690
0.3875
0.3883
0.3976
0.4079
0.4208
0.4213
0.4222
0.4305
0.4484
0.4513
0.4521
0.4558
0.4571
0.4578
0.4586
0.4617
0.4620
0.4684
0.4759
0.4767
0.4783
0.4854
0.4884
0.4889
0.4892
0.5030
0.5075
0.5085
0.5106
0.5161
0.5211
0.5213
0.5320
0.5367
0.5451
0.5453
0.5459
0.5534
0.5544
0.5707
0.5748
0.5770
0.5775
0.5789
0.5804
0.5807
0.5814
0.5856
0.5919
0.6027
0.6052
0.6069
0.6081
0.6111
0.6117
0.6126
0.6165
0.6248
0.6249
0.6302
0.6342
0.6426
0.6431
0.6461
0.6467
0.6481
0.6502
0.6503
0.6522
0.6528
0.6559
0.6574
0.6598
0.6654
0.6683
0.6709
0.6721
0.6760
0.6769
0.6773
0.6783
0.6803
0.6864
0.6869
0.6909
0.6928
0.6938
0.6951
0.6974
0.7044
0.7121
0.7143
0.7226
0.7241
0.7295
0.7295
0.7326
0.7352
0.7384
0.7419
0.7457
0.7472
0.7491
0.7500
0.7506
0.7552
0.7554
0.7655
0.7664
0.7682
0.7691
0.7754
0.7769
0.7777
0.7789
0.7812
0.7826
0.7832
0.7843
0.7866
0.7978
0.8019
0.8061
0.8090
0.8099
0.8109
0.8125
0.8128
0.8135
0.8156
0.8186
0.8348
0.8353
0.8387
0.8394
0.8399
0.8452
0.8477
0.8511
0.8555
0.8589
0.8662
0.8684
0.8715
0.8806
0.8846
0.8856
0.8871
0.8911
0.8925
0.8936
0.8950
0.8968
0.8974
0.9002
0.9003
0.9008
0.9017
0.9060
0.9070
0.9094
0.9101
0.9110
0.9111
0.9135
0.9214
0.9231
0.9292
0.9293
0.9297
0.9309
0.9315
0.9324
0.9342
0.9346
0.9380
0.9398
0.9421
0.9445
0.9511
0.9616
0.9617
0.9655
0.9657
0.9668
0.9699
0.9726
0.9738
0.9741
0.9751
0.9763
0.9808
0.9833
0.9843
0.9843
0.9850
0.9947
0.9993
0.9996
1.0020
1.0021
1.0022
1.0040
1.0052
1.0079
1.0115
1.0138
1.0209
1.0217
1.0235
1.0265
1.0276
1.0280
1.0331
1.0336
1.0344
1.0361
1.0369
1.0384
1.0421
1.0520
1.0532
1.0533
1.0548
1.0562
1.0581
1.0589
1.0594
1.0605
1.0616
1.0637
1.0640
1.0672
1.0719
1.0752
1.0775
1.0791
1.0798
1.0801
1.0801
1.0806
1.0813
1.0850
1.0856
1.0906
1.0913
1.0954
1.0967
1.0972
1.1017
1.1023
1.1028
1.1033
1.1036
1.1072
1.1106
1.1114
1.1122
1.1140
1.1153
1.1165
1.1186
1.1191
1.1236
1.1287
1.1358
1.1370
1.1373
1.1418
1.1434
1.1462
1.1467
1.1473
1.1492
1.1558
1.1622
1.1649
1.1667
1.1677
1.1692
1.1718
1.1726
1.1747
1.1747
1.1770
1.1803
1.1820
1.1874
1.1976
1.1993
1.2018
1.2018
1.2070
1.2071
1.2081
1.2100
1.2113
1.2123
1.2125
1.2212
1.2239
1.2243
1.2260
1.2287
1.2295
1.2297
1.2309
1.2329
1.2335
1.2340
1.2360
1.2392
1.2422
1.2471
1.2494
1.2500
1.2500
1.2548
1.2578
1.2579
1.2583
1.2591
1.2603
1.2609
1.2621
1.2633
1.2637
1.2647
1.2685
1.2689
1.2702
1.2722
1.2726
1.2755
1.2761
1.2775
1.2792
1.2797
1.2797
1.2809
1.2827
1.2892
1.2897
1.2910
1.2911
1.2933
1.2941
1.2941
1.2954
1.2986
1.2995
1.3005
1.3013
1.3016
1.3044
1.3060
1.3068
1.3069
1.3073
1.3075
1.3075
1.3086
1.3099
1.3157
1.3172
1.3204
1.3229
1.3229
1.3237
1.3245
1.3297
1.3299
1.3342
1.3353
1.3371
1.3391
1.3433
1.3451
1.3480
1.3490
1.3491
1.3501
1.3514
1.3559
1.3661
1.3662
1.3681
1.3689
1.3699
1.3718
1.3731
1.3743
1.3865
1.3866
1.3897
1.3936
1.3967
1.3974
1.3981
1.3984
1.3997
1.4059
1.4129
1.4130
1.4133
1.4146
1.4155
1.4165
1.4165
1.4172
1.4195
1.4210
1.4227
1.4250
1.4255
1.4293
1.4354
1.4403
1.4444
1.4464
1.4481
1.4505
1.4606
1.4632
1.4651
1.4761
1.4781
1.4841
1.4857
1.4857
1.4862
1.4873
1.4941
1.4948
1.4963
1.4969
1.4994
1.5093
1.5129
1.5142
1.5165
1.5243
1.5256
1.5296
1.5313
1.5328
1.5352
1.5354
1.5361
1.5385
1.5415
1.5418
1.5464
1.5467
1.5512
1.5549
1.5552
1.5577
1.5589
1.5624
1.5626
1.5666
1.5694
1.5712
1.5739
1.5745
1.5765
1.5781
1.5809
1.5816
1.5889
1.5896
1.5921
1.5939
1.5948
1.5965
1.6018
1.6020
1.6040
1.6041
1.6050
1.6062
1.6062
1.6074
1.6113
1.6131
1.6140
1.6157
1.6205
1.6243
1.6339
1.6348
1.6352
1.6357
1.6359
1.6369
1.6385
1.6423
1.6437
1.6446
1.6473
1.6506
1.6510
1.6545
1.6550
1.6550
1.6624
1.6645
1.6678
1.6696
1.6699
1.6706
1.6736
1.6751
1.6756
1.6766
1.6783
1.6784
1.6822
1.6838
1.6856
1.6871
1.6875
1.6895
1.6931
1.6932
1.6943
1.6943
1.6949
1.6949
1.6961
1.6975
1.6977
1.6982
1.6985
1.6998
1.7001
1.7014
1.7028
1.7035
1.7212
1.7251
1.7352
1.7381
1.7383
1.7384
1.7387
1.7427
1.7460
1.7471
1.7475
1.7542
1.7592
1.7605
1.7608
1.7613
1.7647
1.7674
1.7685
1.7717
1.7772
1.7779
1.7780
1.7833
1.7848
1.7849
1.7873
1.7881
1.7887
1.7926
1.8013
1.8048
1.8141
1.8184
1.8231
1.8261
1.8264
1.8289
1.8291
1.8303
1.8327
1.8337
1.8352
1.8353
1.8376
1.8381
1.8390
1.8413
1.8464
1.8480
1.8488
1.8533
1.8567
1.8578
1.8585
1.8599
1.8601
1.8610
1.8615
1.8631
1.8658
1.8662
1.8668
1.8671
1.8707
1.8727
1.8731
1.8747
1.8759
1.8789
1.8809
1.8815
1.8818
1.8825
1.8832
1.8856
1.8879
1.8912
1.9022
1.9032
1.9060
1.9085
1.9094
1.9126
1.9133
1.9161
1.9178
1.9247
1.9322
1.9364
1.9364
1.9381
1.9435
1.9446
1.9446
1.9490
1.9532
1.9556
1.9594
1.9610
1.9682
1.9691
1.9737
1.9786
1.9786
1.9788
1.9811
1.9835
1.9847
1.9888
1.9920
1.9958
1.9976
1.9985
2.0020
2.0061
2.0061
2.0124
2.0168
2.0221
2.0275
2.0282
2.0329
2.0347
2.0401
2.0429
2.0553
2.0589
2.0595
2.0630
2.0667
2.0687
2.0715
2.0789
2.0826
2.0845
2.0846
2.0876
2.0881
2.0943
2.0995
2.1017
2.1020
2.1059
2.1075
2.1115
2.1143
2.1223
2.1231
2.1260
2.1267
2.1319
2.1363
2.1378
2.1419
2.1433
2.1454
2.1555
2.1565
2.1566
2.1574
2.1594
2.1601
2.1606
2.1611
2.1641
2.1647
2.1688
2.1708
2.1743
2.1766
2.1784
2.1799
2.1814
2.1867
2.1884
2.1925
2.1941
2.2000
2.2026
2.2038
2.2059
2.2076
2.2080
2.2103
2.2173
2.2258
2.2283
2.2304
2.2309
2.2350
2.2375
2.2393
2.2398
2.2433
2.2472
2.2484
2.2491
2.2561
2.2629
2.2845
2.2875
2.2888
2.2935
2.2975
2.2980
2.3026
2.3038
2.3061
2.3062
2.3126
2.3147
2.3158
2.3166
2.3173
2.3182
2.3191
2.3198
2.3240
2.3253
2.3298
2.3324
2.3385
2.3386
2.3387
2.3416
2.3420
2.3515
2.3597
2.3627
2.3643
2.3654
2.3722
2.3731
2.3744
2.3758
2.3770
2.3772
2.3812
2.3864
2.3900
2.3957
2.3962
2.3979
2.4007
2.4033
2.4043
2.4138
2.4190
2.4205
2.4245
2.4246
2.4273
2.4285
2.4340
2.4367
2.4382
2.4497
2.4690
2.4700
2.4700
2.4770
2.4777
2.4784
2.4814
2.4954
2.5082
2.5090
2.5148
2.5207
2.5283
2.5284
2.5286
2.5384
2.5433
2.5490
2.5532
2.5535
2.5560
2.5599
2.5605
2.5634
2.5647
2.5675
2.5817
2.5903
2.5918
2.5923
2.6007
2.6018
2.6060
2.6147
2.6148
2.6191
2.6210
2.6227
2.6237
2.6312
2.6420
2.6424
2.6464
2.6595
2.6602
2.6616
2.6641
2.6645
2.6874
2.6920
2.6979
2.7045
2.7059
2.7113
2.7166
2.7236
2.7240
2.7269
2.7356
2.7363
2.7366
2.7367
2.7479
2.7496
2.7511
2.7513
2.7526
2.7547
2.7843
2.7901
2.8072
2.8108
2.8243
2.8300
2.8404
2.8509
2.8525
2.8601
2.8714
2.8751
2.8877
2.9065
2.9078
2.9114
2.9338
2.9356
2.9360
2.9405
2.9436
2.9474
2.9833
2.9888
2.9899
2.9942
3.0046
3.0070
3.0142
3.0170
3.0177
3.0305
3.0328
3.0333
3.0336
3.0364
3.0430
3.0439
3.0544
3.0623
3.0632
3.0663
3.0817
3.0872
3.1001
3.1431
3.1478
3.1633
3.1845
3.1892
3.2239
3.2334
3.2472
3.2588
3.2707
3.2931
3.3050
3.3519
3.3760
3.3853
3.3887
3.4171
3.4205
3.4216
3.4276
3.4406
3.4428
3.4896
3.5276
3.5348
3.5428
3.5437
3.5629
3.5651
3.6064
3.6089
3.7466
3.8118
3.8252
3.8678
3.8793
3.9911
4.0449
4.2321
4.3287
4.3735
4.7361
5.7673
