1000
1000
-0.8552,0.2781
-0.7532,0.2684
-0.6012,0.2194
-0.5055,0.1880
-0.4384,0.1652
-0.3894,0.1489
-0.3510,0.1359
-0.3204,0.1260
-0.2947,0.1182
-0.2723,0.1115
-0.2523,0.1051
-0.2341,0.0993
-0.2168,0.0935
-0.2005,0.0884
-0.1843,0.0832
-0.1681,0.0783
-0.1512,0.0731
-0.1333,0.0676
-0.1142,0.0615
0.0000,0.0000
0.0000,0.0000
0.0000,0.0000
0.0000,0.0000
0.0000,0.0000
0.0000,0.0000
0.0000,0.0000
0.0000,0.0000
0.0000,0.0000
0.0000,0.0000
0.0000,0.0000
0.0000,0.0000
0.0000,0.0000
0.0000,0.0000
0.0000,0.0000
0.0000,0.0000
0.0000,0.0000
0.0000,0.0000
0.0000,0.0000
0.0000,0.0000
0.0000,0.0000
0.0000,0.0000
0.0000,0.0000
0.0000,0.0000
0.0000,0.0000
0.0000,0.0000
0.0000,0.0000
0.0000,0.0000
0.0000,0.0000
0.0000,0.0000
0.0000,0.0000
0.0000,0.0000
0.0000,0.0000
0.0000,0.0000
0.0000,0.0000
0.0000,0.0000
0.0000,0.0000
0.0000,0.0000
0.0000,0.0000
0.0000,0.0000
0.0000,0.0000
0.0000,0.0000
0.0000,0.0000
0.0000,0.0000
0.0000,0.0000
0.0000,0.0000
0.0000,0.0000
0.0000,0.0000
0.0000,0.0000
0.0000,0.0000
0.0000,0.0000
0.0000,0.0000
0.0000,0.0000
0.0000,0.0000
0.0000,0.0000
0.0000,0.0000
0.0000,0.0000
0.0000,0.0000
0.0000,0.0000
0.0000,0.0000
0.0000,0.0000
0.0000,0.0000
0.0000,0.0000
0.0000,0.0000
0.0000,0.0000
0.0000,0.0000
0.0000,0.0000
0.0000,0.0000
0.0000,0.0000
0.0000,0.0000
0.0000,0.0000
0.0000,0.0000
0.0000,0.0000
0.0000,0.0000
0.0000,0.0000
0.0000,0.0000
0.0000,0.0000
0.0000,0.0000
0.0000,0.0000
0.0000,0.0000
0.0000,0.0000
0.0000,0.0000
0.0000,0.0000
0.0000,0.0000
0.0000,0.0000
0.0000,0.0000
0.0000,0.0000
0.0000,0.0000
0.0000,0.0000
0.0000,0.0000
0.0000,0.0000
0.0000,0.0000
0.0000,0.0000
0.0000,0.0000
0.0000,0.0000
0.0000,0.0000
0.0000,0.0000
0.0000,0.0000
0.0000,0.0000
0.0000,0.0000
0.0000,0.0000
0.0000,0.0000
0.0000,0.0000
0.0000,0.0000
0.0000,0.0000
0.0000,0.0000
0.0000,0.0000
0.0000,0.0000
0.0000,0.0000
0.0000,0.0000
0.0000,0.0000
0.0000,0.0000
0.0000,0.0000
0.0000,0.0000
0.0000,0.0000
0.0000,0.0000
0.0000,0.0000
0.0000,0.0000
0.0000,0.0000
0.0000,0.0000
0.0000,0.0000
0.0000,0.0000
0.0000,0.0000
0.0000,0.0000
0.0000,0.0000
0.0000,0.0000
0.0000,0.0000
0.0000,0.0000
0.0000,0.0000
0.0000,0.0000
0.0000,0.0000
0.0000,0.0000
0.0000,0.0000
0.0000,0.0000
0.0000,0.0000
0.0000,0.0000
0.0000,0.0000
0.0000,0.0000
0.0000,0.0000
0.0000,0.0000
0.0000,0.0000
0.0000,0.0000
0.0000,0.0000
0.0000,0.0000
0.0000,0.0000
0.0000,0.0000
0.0000,0.0000
0.0000,0.0000
0.0000,0.0000
0.0000,0.0000
0.0000,0.0000
0.0000,0.0000
0.0000,0.0000
0.0000,0.0000
0.0000,0.0000
0.0000,0.0000
0.0000,0.0000
0.0000,0.0000
0.0000,0.0000
0.0000,0.0000
0.0000,0.0000
0.0000,0.0000
0.0000,0.0000
0.0000,0.0000
0.0000,0.0000
0.0000,0.0000
0.0000,0.0000
0.0000,0.0000
0.0000,0.0000
0.0000,0.0000
0.0000,0.0000
0.0000,0.0000
0.0000,0.0000
0.0000,0.0000
0.0000,0.0000
0.0000,0.0000
0.0000,0.0000
0.0000,0.0000
0.0000,0.0000
0.0000,0.0000
0.0000,0.0000
0.0000,0.0000
0.0000,0.0000
0.0000,0.0000
0.0000,0.0000
0.0000,0.0000
0.0000,0.0000
0.0000,0.0000
0.0000,0.0000
0.0000,0.0000
0.0000,0.0000
0.0000,0.0000
0.0000,0.0000
0.0000,0.0000
0.0000,0.0000
0.0000,0.0000
0.0000,0.0000
0.0000,0.0000
0.0000,0.0000
0.0000,0.0000
0.0000,0.0000
0.0000,0.0000
0.0000,0.0000
0.0000,0.0000
0.0000,0.0000
0.0000,0.0000
0.0000,0.0000
0.0000,0.0000
0.0000,0.0000
0.0000,0.0000
0.0000,0.0000
0.0000,0.0000
0.0000,0.0000
0.0000,0.0000
0.0000,0.0000
0.0000,0.0000
0.0000,0.0000
0.0000,0.0000
0.0000,0.0000
0.0000,0.0000
0.0000,0.0000
0.0000,0.0000
0.0000,0.0000
0.0000,0.0000
0.0000,0.0000
0.0000,0.0000
0.0000,0.0000
0.0000,0.0000
0.0000,0.0000
0.0000,0.0000
0.0000,0.0000
0.0000,0.0000
0.0000,0.0000
0.0000,0.0000
0.0000,0.0000
0.0000,0.0000
0.0000,0.0000
0.0000,0.0000
0.0000,0.0000
0.0000,0.0000
0.0000,0.0000
0.0000,0.0000
0.0000,0.0000
0.0000,0.0000
0.0000,0.0000
0.0000,0.0000
0.0000,0.0000
0.0000,0.0000
0.0000,0.0000
0.0000,0.0000
0.0000,0.0000
0.0000,0.0000
0.0000,0.0000
0.0000,0.0000
0.0000,0.0000
0.0000,0.0000
0.0000,0.0000
0.0000,0.0000
0.0000,0.0000
0.0000,0.0000
0.0000,0.0000
0.0000,0.0000
0.0000,0.0000
0.0000,0.0000
0.0000,0.0000
0.0000,0.0000
0.0000,0.0000
0.0000,0.0000
0.0000,0.0000
0.0000,0.0000
0.0000,0.0000
0.0000,0.0000
0.0000,0.0000
0.0000,0.0000
0.0000,0.0000
0.0000,0.0000
0.0000,0.0000
0.0000,0.0000
0.0000,0.0000
0.0000,0.0000
0.0000,0.0000
0.0000,0.0000
0.0000,0.0000
0.0000,0.0000
0.0000,0.0000
0.0000,0.0000
0.0000,0.0000
0.0000,0.0000
0.0000,0.0000
0.0000,0.0000
0.0000,0.0000
0.0000,0.0000
0.0000,0.0000
0.0000,0.0000
0.0000,0.0000
0.0000,0.0000
0.0000,0.0000
0.0000,0.0000
0.0000,0.0000
0.0000,0.0000
0.0000,0.0000
0.0000,0.0000
0.0000,0.0000
0.0000,0.0000
0.0000,0.0000
0.0000,0.0000
0.0000,0.0000
0.0000,0.0000
0.0000,0.0000
0.0000,0.0000
0.0000,0.0000
0.0000,0.0000
0.0000,0.0000
0.0000,0.0000
0.0000,0.0000
0.0000,0.0000
0.0000,0.0000
0.0000,0.0000
0.0000,0.0000
0.0000,0.0000
0.0000,0.0000
0.0000,0.0000
0.0000,0.0000
0.0000,0.0000
0.0000,0.0000
0.0000,0.0000
0.0000,0.0000
0.0000,0.0000
0.0000,0.0000
0.0000,0.0000
0.0000,0.0000
0.0000,0.0000
0.0000,0.0000
0.0000,0.0000
0.0000,0.0000
0.0000,0.0000
0.0000,0.0000
0.0000,0.0000
0.0000,0.0000
0.0000,0.0000
0.0000,0.0000
0.0000,0.0000
0.0000,0.0000
0.0000,0.0000
0.0000,0.0000
0.0000,0.0000
0.0000,0.0000
0.0000,0.0000
0.0000,0.0000
0.0000,0.0000
0.0000,0.0000
0.0000,0.0000
0.0000,0.0000
0.0000,0.0000
0.0000,0.0000
0.0000,0.0000
0.0000,0.0000
0.0000,0.0000
0.0000,0.0000
0.0000,0.0000
0.0000,0.0000
0.0000,0.0000
0.0000,0.0000
0.0000,0.0000
0.0000,0.0000
0.0000,0.0000
0.0000,0.0000
0.0000,0.0000
0.0000,0.0000
0.0000,0.0000
0.0000,0.0000
0.0000,0.0000
0.0000,0.0000
0.0000,0.0000
0.0000,0.0000
0.0000,0.0000
0.0000,0.0000
0.0000,0.0000
0.0000,0.0000
0.0000,0.0000
0.0000,0.0000
0.0000,0.0000
0.0000,0.0000
0.0000,0.0000
0.0000,0.0000
0.0000,0.0000
0.0000,0.0000
0.0000,0.0000
0.0000,0.0000
0.0000,0.0000
0.0000,0.0000
0.0000,0.0000
0.0000,0.0000
0.0000,0.0000
0.0000,0.0000
0.0000,0.0000
0.0000,0.0000
0.0000,0.0000
0.0000,0.0000
0.0000,0.0000
0.0000,0.0000
0.0000,0.0000
0.0000,0.0000
0.0000,0.0000
0.0000,0.0000
0.0000,0.0000
0.0000,0.0000
0.0000,0.0000
0.0000,0.0000
0.0000,0.0000
0.0000,0.0000
0.0000,0.0000
0.0000,0.0000
0.0000,0.0000
0.0000,0.0000
0.0000,0.0000
0.0000,0.0000
0.0000,0.0000
0.0000,0.0000
0.0000,0.0000
0.0000,0.0000
0.0000,0.0000
0.0000,0.0000
0.0000,0.0000
0.0000,0.0000
0.0000,0.0000
0.0000,0.0000
0.0000,0.0000
0.0000,0.0000
0.0000,0.0000
0.0000,0.0000
0.0000,0.0000
0.0000,0.0000
0.0000,0.0000
0.0000,0.0000
0.0000,0.0000
0.0000,0.0000
0.0000,0.0000
0.0000,0.0000
0.0000,0.0000
0.0000,0.0000
0.0000,0.0000
0.0000,0.0000
0.0000,0.0000
0.0000,0.0000
0.0000,0.0000
0.0000,0.0000
0.0000,0.0000
0.0000,0.0000
0.0000,0.0000
0.0000,0.0000
0.0000,0.0000
0.0000,0.0000
0.0000,0.0000
0.0000,0.0000
0.0000,0.0000
0.0000,0.0000
0.0000,0.0000
0.0000,0.0000
0.0000,0.0000
0.0000,0.0000
0.0000,0.0000
0.0000,0.0000
0.0000,0.0000
0.0000,0.0000
0.0000,0.0000
0.0000,0.0000
0.0000,0.0000
0.0000,0.0000
0.0000,0.0000
0.0000,0.0000
0.0000,0.0000
0.0000,0.0000
0.0000,0.0000
0.0000,0.0000
0.0000,0.0000
0.0000,0.0000
0.0000,0.0000
0.0000,0.0000
0.0000,0.0000
0.0000,0.0000
0.0000,0.0000
0.0000,0.0000
0.0000,0.0000
0.0000,0.0000
0.0000,0.0000
0.0000,0.0000
0.0000,0.0000
0.0000,0.0000
0.0000,0.0000
0.0000,0.0000
0.0000,0.0000
0.0000,0.0000
0.0000,0.0000
0.0000,0.0000
0.0000,0.0000
0.0000,0.0000
0.0000,0.0000
0.0000,0.0000
0.0000,0.0000
0.0000,0.0000
0.0000,0.0000
0.0000,0.0000
0.0000,0.0000
0.0000,0.0000
0.0000,0.0000
0.0000,0.0000
0.0000,0.0000
0.0000,0.0000
0.0000,0.0000
0.0000,0.0000
0.0000,0.0000
0.0000,0.0000
0.0000,0.0000
0.0000,0.0000
0.0000,0.0000
0.0000,0.0000
0.0000,0.0000
0.0000,0.0000
0.0000,0.0000
0.0000,0.0000
0.0000,0.0000
0.0000,0.0000
0.0000,0.0000
0.0000,0.0000
0.0000,0.0000
0.0000,0.0000
0.0000,0.0000
0.0000,0.0000
0.0000,0.0000
0.0000,0.0000
0.0000,0.0000
0.0000,0.0000
0.0000,0.0000
0.0000,0.0000
0.0000,0.0000
0.0000,0.0000
0.0000,0.0000
0.0000,0.0000
0.0000,0.0000
0.0000,0.0000
0.0000,0.0000
0.0000,0.0000
0.0000,0.0000
0.0000,0.0000
0.0000,0.0000
0.0000,0.0000
0.0000,0.0000
0.0000,0.0000
0.0000,0.0000
0.0000,0.0000
0.0000,0.0000
0.0000,0.0000
0.0000,0.0000
0.0000,0.0000
0.0000,0.0000
0.0000,0.0000
0.0000,0.0000
0.0000,0.0000
0.0000,0.0000
0.0000,0.0000
0.0000,0.0000
0.0000,0.0000
0.0000,0.0000
0.0000,0.0000
0.0000,0.0000
0.0000,0.0000
0.0000,0.0000
0.0000,0.0000
0.0000,0.0000
0.0000,0.0000
0.0000,0.0000
0.0000,0.0000
0.0000,0.0000
0.0000,0.0000
0.0000,0.0000
0.0000,0.0000
0.0000,0.0000
0.0000,0.0000
0.0000,0.0000
0.0000,0.0000
0.0000,0.0000
0.0000,0.0000
0.0000,0.0000
0.0000,0.0000
0.0000,0.0000
0.0000,0.0000
0.0000,0.0000
0.0000,0.0000
0.0000,0.0000
0.0000,0.0000
0.0000,0.0000
0.0000,0.0000
0.0000,0.0000
0.0000,0.0000
0.0000,0.0000
0.0000,0.0000
0.0000,0.0000
0.0000,0.0000
0.0000,0.0000
0.0000,0.0000
0.0000,0.0000
0.0000,0.0000
0.0000,0.0000
0.0000,0.0000
0.0000,0.0000
0.0000,0.0000
0.0000,0.0000
0.0000,0.0000
0.0000,0.0000
0.0000,0.0000
0.0000,0.0000
0.0000,0.0000
0.0000,0.0000
0.0000,0.0000
0.0000,0.0000
0.0000,0.0000
0.0000,0.0000
0.0000,0.0000
0.0000,0.0000
0.0000,0.0000
0.0000,0.0000
0.0000,0.0000
0.0000,0.0000
0.0000,0.0000
0.0000,0.0000
0.0000,0.0000
0.0000,0.0000
0.0000,0.0000
0.0000,0.0000
0.0000,0.0000
0.0000,0.0000
0.0000,0.0000
0.0000,0.0000
0.0000,0.0000
0.0000,0.0000
0.0000,0.0000
0.0000,0.0000
0.0000,0.0000
0.0000,0.0000
0.0000,0.0000
0.0000,0.0000
0.0000,0.0000
0.0000,0.0000
0.0000,0.0000
0.0000,0.0000
0.0000,0.0000
0.0000,0.0000
0.0000,0.0000
0.0000,0.0000
0.0000,0.0000
0.0000,0.0000
0.0000,0.0000
0.0000,0.0000
0.0000,0.0000
0.0000,0.0000
0.0000,0.0000
0.0000,0.0000
0.0000,0.0000
0.0000,0.0000
0.0000,0.0000
0.0000,0.0000
0.0000,0.0000
0.0000,0.0000
0.0000,0.0000
0.0000,0.0000
0.0000,0.0000
0.0000,0.0000
0.0000,0.0000
0.0000,0.0000
0.0000,0.0000
0.0000,0.0000
0.0000,0.0000
0.0000,0.0000
0.0000,0.0000
0.0000,0.0000
0.0000,0.0000
0.0000,0.0000
0.0000,0.0000
0.0000,0.0000
0.0000,0.0000
0.0000,0.0000
0.0000,0.0000
0.0000,0.0000
0.0000,0.0000
0.0000,0.0000
0.0000,0.0000
0.0000,0.0000
0.0000,0.0000
0.0000,0.0000
0.0000,0.0000
0.0000,0.0000
0.0000,0.0000
0.0000,0.0000
0.0000,0.0000
0.0000,0.0000
0.0000,0.0000
0.0000,0.0000
0.0000,0.0000
0.0000,0.0000
0.0000,0.0000
0.0000,0.0000
0.0000,0.0000
0.0000,0.0000
0.0000,0.0000
0.0000,0.0000
0.0000,0.0000
0.0000,0.0000
0.0000,0.0000
0.0000,0.0000
0.0000,0.0000
0.0000,0.0000
0.0000,0.0000
0.0000,0.0000
0.0000,0.0000
0.0000,0.0000
0.0000,0.0000
0.0000,0.0000
0.0000,0.0000
0.0000,0.0000
0.0000,0.0000
0.0000,0.0000
0.0000,0.0000
0.0000,0.0000
0.0000,0.0000
0.0000,0.0000
0.0000,0.0000
0.0000,0.0000
0.0000,0.0000
0.0000,0.0000
0.0000,0.0000
0.0000,0.0000
0.0000,0.0000
0.0000,0.0000
0.0000,0.0000
0.0000,0.0000
0.0000,0.0000
0.0000,0.0000
0.0000,0.0000
0.0000,0.0000
0.0000,0.0000
0.0000,0.0000
0.0000,0.0000
0.0000,0.0000
0.0000,0.0000
0.0000,0.0000
0.0000,0.0000
0.0000,0.0000
0.0000,0.0000
0.0000,0.0000
0.0000,0.0000
0.0000,0.0000
0.0000,0.0000
0.0000,0.0000
0.0000,0.0000
0.0000,0.0000
0.0000,0.0000
0.0000,0.0000
0.0000,0.0000
0.0000,0.0000
0.0000,0.0000
0.0000,0.0000
0.0000,0.0000
0.0000,0.0000
0.0000,0.0000
0.0000,0.0000
0.0000,0.0000
0.0000,0.0000
0.0000,0.0000
0.0000,0.0000
0.0000,0.0000
0.0000,0.0000
0.0000,0.0000
0.0000,0.0000
0.0000,0.0000
0.0000,0.0000
0.0000,0.0000
0.0000,0.0000
0.0000,0.0000
0.0000,0.0000
0.0000,0.0000
0.0000,0.0000
0.0000,0.0000
0.0000,0.0000
0.0000,0.0000
0.0000,0.0000
0.0000,0.0000
0.0000,0.0000
0.0000,0.0000
0.0000,0.0000
0.0000,0.0000
0.0000,0.0000
0.0000,0.0000
0.0000,0.0000
0.0000,0.0000
0.0000,0.0000
0.0000,0.0000
0.0000,0.0000
0.0000,0.0000
0.0000,0.0000
0.0000,0.0000
0.0000,0.0000
0.0000,0.0000
0.0000,0.0000
0.0000,0.0000
0.0000,0.0000
0.0000,0.0000
0.0000,0.0000
0.0000,0.0000
0.0000,0.0000
0.0000,0.0000
0.0000,0.0000
0.0000,0.0000
0.0000,0.0000
0.0000,0.0000
0.0000,0.0000
0.0000,0.0000
0.0000,0.0000
0.0000,0.0000
0.0000,0.0000
0.0000,0.0000
0.0000,0.0000
0.0000,0.0000
0.0000,0.0000
0.0000,0.0000
0.0000,0.0000
0.0000,0.0000
0.0000,0.0000
0.0000,0.0000
0.0000,0.0000
0.0000,0.0000
0.0000,0.0000
0.0000,0.0000
0.0000,0.0000
0.0000,0.0000
0.0000,0.0000
0.0000,0.0000
0.0000,0.0000
0.0000,0.0000
0.0000,0.0000
0.0000,0.0000
0.0000,0.0000
0.0000,0.0000
0.0000,0.0000
0.0000,0.0000
0.0000,0.0000
0.0000,0.0000
0.0000,0.0000
0.0000,0.0000
0.0000,0.0000
0.0000,0.0000
0.0000,0.0000
0.0000,0.0000
0.0000,0.0000
0.0000,0.0000
0.0000,0.0000
0.0000,0.0000
0.0000,0.0000
0.0000,0.0000
0.0000,0.0000
0.0000,0.0000
0.0000,0.0000
0.0000,0.0000
0.0000,0.0000
0.0000,0.0000
0.0000,0.0000
0.0000,0.0000
0.0000,0.0000
0.0000,0.0000
0.0000,0.0000
0.0000,0.0000
0.0000,0.0000
0.0000,0.0000
0.0000,0.0000
0.0000,0.0000
0.0000,0.0000
0.0000,0.0000
0.0000,0.0000
0.0000,0.0000
0.0000,0.0000
0.0000,0.0000
0.0000,0.0000
0.0000,0.0000
0.0000,0.0000
0.0000,0.0000
0.0000,0.0000
0.0000,0.0000
0.0000,0.0000
0.0000,0.0000
0.0000,0.0000
0.0000,0.0000
0.0000,0.0000
0.0000,0.0000
0.0000,0.0000
0.0000,0.0000
0.0000,0.0000
0.0000,0.0000
0.0000,0.0000
0.0000,0.0000
0.0000,0.0000
0.0000,0.0000
0.0000,0.0000
0.0000,0.0000
0.0000,0.0000
0.0000,0.0000
0.0000,0.0000
0.0000,0.0000
0.0000,0.0000
0.0000,0.0000
0.0000,0.0000
0.0000,0.0000
0.0000,0.0000
0.0000,0.0000
0.0000,0.0000
0.0000,0.0000
0.0000,0.0000
0.0000,0.0000
0.0000,0.0000
0.0000,0.0000
0.0000,0.0000
0.0000,0.0000
0.0000,0.0000
0.0000,0.0000
0.0000,0.0000
0.0000,0.0000
0.0000,0.0000
0.0000,0.0000
0.0000,0.0000
0.0000,0.0000
0.0000,0.0000
0.0000,0.0000
0.0000,0.0000
0.0000,0.0000
0.0000,0.0000
0.0000,0.0000
0.0000,0.0000
0.0000,0.0000
0.0000,0.0000
0.0000,0.0000
0.0000,0.0000
0.0000,0.0000
0.0000,0.0000
0.0000,0.0000
0.0000,0.0000
0.0000,0.0000
0.0000,0.0000
0.0000,0.0000
0.0000,0.0000
0.0000,0.0000
0.0000,0.0000
0.0000,0.0000
0.0000,0.0000
0.0000,0.0000
0.0000,0.0000
0.0000,0.0000
0.0000,0.0000
0.0000,0.0000
0.0000,0.0000
0.0000,0.0000
0.0000,0.0000
0.0000,0.0000
0.0000,0.0000
0.0000,0.0000
0.0000,0.0000
0.0000,0.0000
0.0000,0.0000
0.0000,0.0000
0.0000,0.0000
0.0000,0.0000
0.0000,0.0000
0.0000,0.0000
0.0000,0.0000
0.0000,0.0000
0.0000,0.0000
0.0000,0.0000
0.0000,0.0000
0.0000,0.0000
0.0000,0.0000
0.0000,0.0000
0.0000,0.0000
0.0000,0.0000
-2.9250
-2.5819
-2.3716
-2.0124
-1.9640
-1.7253
-1.7122
-1.4674
-1.4587
-1.4513
-1.4079
-1.3968
-1.3740
-1.3735
-1.3213
-1.2729
-1.1999
-1.1975
-1.1513
-1.1406
-1.1360
-1.1328
-1.1290
-1.1216
-1.1075
-1.1073
-1.0893
-1.0828
-1.0678
-1.0367
-1.0105
-1.0094
-0.9870
-0.9773
-0.9617
-0.9544
-0.9461
-0.9444
-0.9428
-0.9347
-0.9327
-0.9300
-0.9257
-0.9186
-0.9130
-0.9124
-0.9082
-0.8993
-0.8983
-0.8918
-0.8824
-0.8821
-0.8681
-0.8642
-0.8420
-0.8344
-0.8333
-0.8327
-0.8322
-0.8238
-0.8136
-0.8053
-0.7996
-0.7928
-0.7840
-0.7680
-0.7372
-0.7360
-0.7350
-0.7332
-0.7317
-0.7257
-0.7166
-0.7134
-0.7087
-0.7087
-0.7073
-0.7059
-0.7056
-0.7038
-0.7034
-0.6995
-0.6853
-0.6818
-0.6805
-0.6625
-0.6609
-0.6555
-0.6478
-0.6447
-0.6426
-0.6330
-0.6324
-0.6309
-0.6025
-0.6004
-0.5984
-0.5925
-0.5912
-0.5783
-0.5732
-0.5697
-0.5667
-0.5612
-0.5543
-0.5506
-0.5493
-0.5403
-0.5382
-0.5269
-0.5261
-0.5255
-0.5251
-0.5226
-0.5182
-0.5051
-0.4970
-0.4894
-0.4853
-0.4853
-0.4749
-0.4702
-0.4672
-0.4666
-0.4658
-0.4649
-0.4594
-0.4586
-0.4534
-0.4497
-0.4419
-0.4418
-0.4417
-0.4377
-0.4369
-0.4326
-0.4279
-0.4271
-0.4266
-0.4163
-0.4157
-0.4157
-0.4111
-0.4098
-0.4053
-0.4030
-0.4028
-0.3824
-0.3798
-0.3783
-0.3765
-0.3759
-0.3662
-0.3651
-0.3603
-0.3550
-0.3547
-0.3518
-0.3466
-0.3390
-0.3382
-0.3271
-0.3268
-0.3251
-0.3160
-0.3110
-0.3101
-0.3056
-0.3042
-0.2998
-0.2974
-0.2970
-0.2964
-0.2864
-0.2824
-0.2753
-0.2748
-0.2744
-0.2717
-0.2693
-0.2677
-0.2643
-0.2619
-0.2609
-0.2506
-0.2443
-0.2361
-0.2314
-0.2253
-0.2166
-0.2166
-0.2161
-0.2157
-0.2028
-0.2022
-0.1940
-0.1915
-0.1866
-0.1862
-0.1810
-0.1807
-0.1784
-0.1744
-0.1718
-0.1696
-0.1686
-0.1674
-0.1655
-0.1643
-0.1636
-0.1546
-0.1480
-0.1389
-0.1313
-0.1305
-0.1299
-0.1224
-0.1207
-0.1183
-0.1085
-0.1082
-0.1082
-0.1008
-0.1000
-0.0996
-0.0927
-0.0894
-0.0873
-0.0818
-0.0805
-0.0758
-0.0747
-0.0683
-0.0673
-0.0670
-0.0650
-0.0614
-0.0612
-0.0572
-0.0571
-0.0547
-0.0532
-0.0525
-0.0505
-0.0485
-0.0479
-0.0476
-0.0476
-0.0457
-0.0447
-0.0418
-0.0336
-0.0304
-0.0167
-0.0165
-0.0112
-0.0077
-0.0070
-0.0069
-0.0024
-0.0014
0.0053
0.0067
0.0136
0.0143
0.0214
0.0224
0.0239
0.0241
0.0251
0.0279
0.0289
0.0306
0.0354
0.0389
0.0429
0.0438
0.0439
0.0447
0.0459
0.0467
0.0478
0.0501
0.0515
0.0572
0.0587
0.0605
0.0641
0.0644
0.0647
0.0654
0.0686
0.0697
0.0745
0.0750
0.0777
0.0847
0.0865
0.0893
0.0907
0.0912
0.0947
0.1029
0.1046
0.1108
0.1111
0.1123
0.1128
0.1129
0.1163
0.1163
0.1218
0.1231
0.1257
0.1258
0.1294
0.1347
0.1369
0.1401
0.1419
0.1506
0.1538
0.1546
0.1565
0.1612
0.1613
0.1646
0.1664
0.1677
0.1695
0.1741
0.1761
0.1762
0.1763
0.1781
0.1790
0.1816
0.1816
0.1821
0.1861
0.1884
0.1899
0.1943
0.2007
0.2014
0.2030
0.2059
0.2083
0.2120
0.2134
0.2139
0.2153
0.2172
0.2243
0.2253
0.2266
0.2308
0.2431
0.2461
0.2462
0.2527
0.2531
0.2537
0.2557
0.2600
0.2736
0.2750
0.2842
0.2843
0.2919
0.2937
0.2940
0.2941
0.2957
0.2975
0.2983
0.3003
0.3040
0.3049
0.3067
0.3091
0.3127
0.3181
0.3189
0.3211
0.3247
0.3287
0.3290
0.3306
0.3351
0.3360
0.3374
0.3378
0.3389
0.3403
0.3413
0.3438
0.3468
0.3485
0.3504
0.3514
0.3515
0.3524
0.3540
0.3551
0.3566
0.3663
0.3710
0.3720
0.3721
0.3765
0.3771
0.3780
0.3781
0.3793
0.3808
0.3820
0.3821
0.3821
0.3840
0.3857
0.3863
0.3871
0.3880
0.3940
0.3945
0.3951
0.3966
0.3994
0.4016
0.4097
0.4105
0.4111
0.4125
0.4186
0.4241
0.4338
0.4351
0.4460
0.4484
0.4486
0.4488
0.4497
0.4508
0.4531
0.4544
0.4573
0.4597
0.4603
0.4622
0.4642
0.4647
0.4662
0.4680
0.4684
0.4686
0.4711
0.4727
0.4742
0.4774
0.4779
0.4828
0.4855
0.4869
0.4870
0.4875
0.4915
0.4963
0.4970
0.4987
0.4988
0.5030
0.5048
0.5053
0.5080
0.5085
0.5150
0.5151
0.5173
0.5195
0.5205
0.5211
0.5237
0.5240
0.5242
0.5243
0.5366
0.5394
0.5426
0.5426
0.5446
0.5456
0.5468
0.5493
0.5514
0.5527
0.5541
0.5543
0.5549
0.5563
0.5621
0.5627
0.5688
0.5726
0.5761
0.5784
0.5824
0.5869
0.5877
0.5902
0.5909
0.5925
0.5935
0.5953
0.5998
0.6028
0.6096
0.6137
0.6241
0.6266
0.6275
0.6303
0.6324
0.6339
0.6390
0.6401
0.6433
0.6450
0.6554
0.6564
0.6595
0.6613
0.6679
0.6793
0.6807
0.6822
0.6844
0.6904
0.6906
0.6982
0.7027
0.7040
0.7055
0.7063
0.7070
0.7122
0.7155
0.7163
0.7178
0.7236
0.7238
0.7276
0.7363
0.7400
0.7489
0.7539
0.7568
0.7595
0.7619
0.7646
0.7690
0.7709
0.7710
0.7733
0.7815
0.7843
0.7863
0.7880
0.7894
0.7900
0.7935
0.7967
0.7984
0.8054
0.8064
0.8071
0.8080
0.8120
0.8126
0.8147
0.8147
0.8152
0.8175
0.8197
0.8212
0.8212
0.8242
0.8255
0.8259
0.8284
0.8319
0.8374
0.8386
0.8415
0.8417
0.8517
0.8548
0.8584
0.8601
0.8605
0.8639
0.8654
0.8677
0.8677
0.8692
0.8708
0.8713
0.8716
0.8740
0.8751
0.8770
0.8816
0.8816
0.8820
0.8862
0.8891
0.8892
0.8923
0.8949
0.9055
0.9077
0.9098
0.9111
0.9122
0.9160
0.9168
0.9177
0.9238
0.9284
0.9285
0.9343
0.9391
0.9422
0.9467
0.9524
0.9536
0.9570
0.9597
0.9612
0.9615
0.9622
0.9659
0.9685
0.9689
0.9706
0.9770
0.9777
0.9858
0.9870
0.9892
0.9902
0.9951
0.9953
0.9963
0.9979
0.9985
1.0013
1.0022
1.0052
1.0144
1.0179
1.0182
1.0188
1.0217
1.0222
1.0223
1.0225
1.0248
1.0249
1.0278
1.0287
1.0294
1.0306
1.0318
1.0337
1.0424
1.0443
1.0516
1.0538
1.0577
1.0630
1.0681
1.0682
1.0711
1.0746
1.0755
1.0811
1.0812
1.0881
1.0917
1.0959
1.0975
1.0994
1.1009
1.1015
1.1070
1.1204
1.1213
1.1218
1.1260
1.1331
1.1374
1.1387
1.1404
1.1451
1.1453
1.1476
1.1478
1.1478
1.1492
1.1589
1.1601
1.1618
1.1685
1.1708
1.1760
1.1792
1.1865
1.1870
1.1882
1.1924
1.1938
1.1958
1.1973
1.2028
1.2089
1.2103
1.2125
1.2127
1.2173
1.2212
1.2245
1.2317
1.2319
1.2319
1.2326
1.2339
1.2350
1.2370
1.2434
1.2454
1.2458
1.2479
1.2576
1.2611
1.2663
1.2701
1.2789
1.2790
1.2962
1.2978
1.2995
1.3002
1.3044
1.3047
1.3125
1.3135
1.3142
1.3144
1.3164
1.3177
1.3270
1.3336
1.3348
1.3370
1.3391
1.3391
1.3424
1.3447
1.3502
1.3502
1.3636
1.3717
1.3726
1.3727
1.3770
1.3834
1.3864
1.3884
1.3890
1.3896
1.4015
1.4019
1.4025
1.4084
1.4090
1.4090
1.4096
1.4108
1.4114
1.4123
1.4152
1.4199
1.4240
1.4266
1.4284
1.4358
1.4362
1.4380
1.4401
1.4435
1.4469
1.4481
1.4607
1.4610
1.4646
1.4759
1.4760
1.4941
1.5084
1.5179
1.5191
1.5198
1.5277
1.5281
1.5290
1.5384
1.5418
1.5442
1.5517
1.5557
1.5639
1.5644
1.5726
1.5726
1.5755
1.5854
1.5856
1.5923
1.5932
1.5936
1.6115
1.6143
1.6147
1.6174
1.6219
1.6330
1.6332
1.6398
1.6401
1.6479
1.6535
1.6542
1.6550
1.6581
1.6583
1.6631
1.6657
1.6669
1.6747
1.6820
1.6925
1.6970
1.7010
1.7111
1.7148
1.7227
1.7229
1.7251
1.7298
1.7306
1.7328
1.7336
1.7379
1.7447
1.7451
1.7597
1.7768
1.7782
1.7897
1.7905
1.7923
1.8072
1.8175
1.8254
1.8297
1.8592
1.8593
1.8631
1.8653
1.8716
1.8737
1.8756
1.8771
1.8881
1.8960
1.9049
1.9069
1.9155
1.9181
1.9333
1.9334
1.9408
1.9467
1.9478
1.9503
1.9531
1.9535
1.9556
1.9577
1.9788
1.9789
1.9865
1.9938
2.0001
2.0095
2.0127
2.0170
2.0292
2.0605
2.0648
2.0716
2.0908
2.1004
2.1233
2.1238
2.1249
2.1309
2.1459
2.1652
2.1684
2.1734
2.1870
2.1902
2.1927
2.1964
2.2006
2.2134
2.2258
2.2552
2.2566
2.2654
2.2729
2.2750
2.2804
2.2871
2.2920
2.3014
2.3160
2.3297
2.3365
2.3601
2.3794
2.3840
2.3906
2.3939
2.4100
2.4157
2.4212
2.4377
2.4552
2.4966
2.5151
2.5385
2.5710
2.6099
2.6147
2.6313
2.6474
2.6524
2.6573
2.6650
2.7542
2.7608
2.7757
2.7848
2.8315
2.8684
2.9381
2.9661
3.0052
3.0231
3.0244
3.0249
3.0357
3.0444
3.0455
3.1339
3.1371
3.1433
3.1704
3.1999
3.2072
3.2111
3.2400
3.3301
3.3415
3.3458
3.6284
3.7025
3.7192
3.7616
3.7849
3.9270
4.0870
4.2056
4.2175
4.5057
5.6144
5.8745
