1000
1000
-1.6067,0.1895
-1.5144,0.1883
-1.2986,0.1426
-1.1525,0.1349
-1.0442,0.1317
-0.9602,0.1287
-0.8929,0.1269
-0.8376,0.1249
-0.7915,0.1232
-0.7523,0.1215
-0.7183,0.1202
-0.6884,0.1189
-0.6618,0.1173
-0.6378,0.1155
-0.6161,0.1134
-0.5965,0.1114
-0.5786,0.1096
-0.5623,0.1080
-0.5473,0.1066
-0.5332,0.1050
-0.5201,0.1034
-0.5078,0.1019
-0.4964,0.1005
-0.4858,0.0993
-0.4758,0.0982
-0.4664,0.0970
-0.4574,0.0958
-0.4489,0.0946
-0.4408,0.0934
-0.4331,0.0922
-0.4257,0.0911
-0.4187,0.0899
-0.4119,0.0888
-0.4054,0.0876
-0.3992,0.0865
-0.3933,0.0855
-0.3876,0.0845
-0.3822,0.0836
-0.3770,0.0827
-0.3720,0.0818
-0.3672,0.0810
-0.3625,0.0802
-0.3581,0.0794
-0.3537,0.0787
-0.3495,0.0779
-0.3455,0.0772
-0.3415,0.0765
-0.3377,0.0758
-0.3341,0.0751
-0.3305,0.0744
-0.3270,0.0738
-0.3237,0.0731
-0.3204,0.0725
-0.3173,0.0720
-0.3142,0.0714
-0.3113,0.0709
-0.3084,0.0704
-0.3056,0.0699
-0.3029,0.0694
-0.3002,0.0689
-0.2976,0.0684
-0.2950,0.0679
-0.2926,0.0674
-0.2901,0.0669
-0.2877,0.0665
-0.2854,0.0660
-0.2831,0.0655
-0.2809,0.0651
-0.2787,0.0646
-0.2766,0.0642
-0.2745,0.0638
-0.2725,0.0634
-0.2705,0.0630
-0.2686,0.0626
-0.2667,0.0623
-0.2648,0.0619
-0.2629,0.0615
-0.2611,0.0612
-0.2594,0.0608
-0.2576,0.0605
-0.2559,0.0601
-0.2543,0.0598
-0.2526,0.0595
-0.2510,0.0591
-0.2494,0.0588
-0.2479,0.0585
-0.2464,0.0582
-0.2449,0.0579
-0.2434,0.0576
-0.2420,0.0574
-0.2406,0.0571
-0.2392,0.0568
-0.2378,0.0566
-0.2365,0.0563
-0.2352,0.0561
-0.2339,0.0558
-0.2326,0.0556
-0.2313,0.0553
-0.2301,0.0551
-0.2289,0.0548
-0.2277,0.0546
-0.2265,0.0544
-0.2253,0.0542
-0.2242,0.0540
-0.2230,0.0537
-0.2219,0.0535
-0.2208,0.0533
-0.2197,0.0531
-0.2186,0.0529
-0.2176,0.0527
-0.2165,0.0525
-0.2155,0.0523
-0.2145,0.0521
-0.2135,0.0519
-0.2125,0.0517
-0.2115,0.0515
-0.2105,0.0513
-0.2096,0.0511
-0.2086,0.0509
-0.2077,0.0507
-0.2068,0.0506
-0.2059,0.0504
-0.2050,0.0502
-0.2041,0.0500
-0.2032,0.0498
-0.2024,0.0497
-0.2015,0.0495
-0.2006,0.0493
-0.1998,0.0492
-0.1990,0.0490
-0.1982,0.0488
-0.1973,0.0487
-0.1965,0.0485
-0.1957,0.0483
-0.1950,0.0482
-0.1942,0.0480
-0.1934,0.0478
-0.1927,0.0477
-0.1919,0.0475
-0.1912,0.0474
-0.1904,0.0472
-0.1897,0.0471
-0.1890,0.0469
-0.1882,0.0467
-0.1875,0.0466
-0.1868,0.0464
-0.1861,0.0463
-0.1855,0.0461
-0.1848,0.0460
-0.1841,0.0458
-0.1834,0.0457
-0.1828,0.0455
-0.1821,0.0454
-0.1815,0.0452
-0.1808,0.0451
-0.1802,0.0449
-0.1796,0.0448
-0.1789,0.0446
-0.1783,0.0445
-0.1777,0.0444
-0.1771,0.0442
-0.1765,0.0441
-0.1759,0.0440
-0.1753,0.0438
-0.1747,0.0437
-0.1742,0.0435
-0.1736,0.0434
-0.1730,0.0433
-0.1725,0.0432
-0.1719,0.0430
-0.1713,0.0429
-0.1708,0.0428
-0.1703,0.0426
-0.1697,0.0425
-0.1692,0.0424
-0.1686,0.0423
-0.1681,0.0421
-0.1676,0.0420
-0.1671,0.0419
-0.1666,0.0418
-0.1661,0.0416
-0.1656,0.0415
-0.1651,0.0414
-0.1646,0.0413
-0.1641,0.0412
-0.1636,0.0411
-0.1631,0.0409
-0.1626,0.0408
-0.1621,0.0407
-0.1617,0.0406
-0.1612,0.0405
-0.1607,0.0404
-0.1603,0.0403
-0.1598,0.0402
-0.1594,0.0400
-0.1589,0.0399
-0.1585,0.0398
-0.1580,0.0397
-0.1576,0.0396
-0.1571,0.0395
-0.1567,0.0394
-0.1563,0.0393
-0.1558,0.0392
-0.1554,0.0391
-0.1550,0.0390
-0.1546,0.0389
-0.1542,0.0388
-0.1538,0.0387
-0.1534,0.0386
-0.1529,0.0385
-0.1525,0.0384
-0.1521,0.0383
-0.1517,0.0382
-0.1514,0.0381
-0.1510,0.0380
-0.1506,0.0379
-0.1502,0.0378
-0.1498,0.0377
-0.1494,0.0376
-0.1491,0.0375
-0.1487,0.0375
-0.1483,0.0374
-0.1479,0.0373
-0.1476,0.0372
-0.1472,0.0371
-0.1469,0.0370
-0.1465,0.0369
-0.1461,0.0369
-0.1458,0.0368
-0.1454,0.0367
-0.1451,0.0366
-0.1447,0.0365
-0.1444,0.0365
-0.1441,0.0364
-0.1437,0.0363
-0.1434,0.0362
-0.1431,0.0361
-0.1427,0.0361
-0.1424,0.0360
-0.1421,0.0359
-0.1417,0.0358
-0.1414,0.0358
-0.1411,0.0357
-0.1408,0.0356
-0.1405,0.0356
-0.1402,0.0355
-0.1398,0.0354
-0.1395,0.0353
-0.1392,0.0353
-0.1389,0.0352
-0.1386,0.0351
-0.1383,0.0351
-0.1380,0.0350
-0.1377,0.0349
-0.1374,0.0349
-0.1371,0.0348
-0.1368,0.0347
-0.1365,0.0347
-0.1362,0.0346
-0.1360,0.0345
-0.1357,0.0345
-0.1354,0.0344
-0.1351,0.0343
-0.1348,0.0343
-0.1345,0.0342
-0.1343,0.0342
-0.1340,0.0341
-0.1337,0.0340
-0.1334,0.0340
-0.1332,0.0339
-0.1329,0.0338
-0.1326,0.0338
-0.1324,0.0337
-0.1321,0.0336
-0.1318,0.0336
-0.1316,0.0335
-0.1313,0.0335
-0.1310,0.0334
-0.1308,0.0333
-0.1305,0.0333
-0.1303,0.0332
-0.1300,0.0332
-0.1298,0.0331
-0.1295,0.0330
-0.1293,0.0330
-0.1290,0.0329
-0.1288,0.0329
-0.1285,0.0328
-0.1283,0.0327
-0.1280,0.0327
-0.1278,0.0326
-0.1275,0.0326
-0.1273,0.0325
-0.1271,0.0325
-0.1268,0.0324
-0.1266,0.0323
-0.1264,0.0323
-0.1261,0.0322
-0.1259,0.0322
-0.1257,0.0321
-0.1254,0.0321
-0.1252,0.0320
-0.1250,0.0319
-0.1247,0.0319
-0.1245,0.0318
-0.1243,0.0318
-0.1241,0.0317
-0.1238,0.0317
-0.1236,0.0316
-0.1234,0.0316
-0.1232,0.0315
-0.1230,0.0315
-0.1228,0.0314
-0.1225,0.0314
-0.1223,0.0313
-0.1221,0.0313
-0.1219,0.0312
-0.1217,0.0312
-0.1215,0.0311
-0.1213,0.0311
-0.1211,0.0310
-0.1209,0.0310
-0.1207,0.0309
-0.1205,0.0309
-0.1203,0.0308
-0.1200,0.0308
-0.1198,0.0307
-0.1196,0.0307
-0.1194,0.0306
-0.1192,0.0306
-0.1190,0.0305
-0.1188,0.0305
-0.1187,0.0305
-0.1185,0.0304
-0.1183,0.0304
-0.1181,0.0303
-0.1179,0.0303
-0.1177,0.0302
-0.1175,0.0302
-0.1173,0.0301
-0.1171,0.0301
-0.1169,0.0300
-0.1167,0.0300
-0.1165,0.0299
-0.1164,0.0299
-0.1162,0.0299
-0.1160,0.0298
-0.1158,0.0298
-0.1156,0.0297
-0.1154,0.0297
-0.1153,0.0296
-0.1151,0.0296
-0.1149,0.0295
-0.1147,0.0295
-0.1145,0.0295
-0.1144,0.0294
-0.1142,0.0294
-0.1140,0.0293
-0.1138,0.0293
-0.1137,0.0292
-0.1135,0.0292
-0.1133,0.0292
-0.1131,0.0291
-0.1130,0.0291
-0.1128,0.0290
-0.1126,0.0290
-0.1125,0.0290
-0.1123,0.0289
-0.1121,0.0289
-0.1120,0.0288
-0.1118,0.0288
-0.1116,0.0288
-0.1115,0.0287
-0.1113,0.0287
-0.1111,0.0286
-0.1110,0.0286
-0.1108,0.0286
-0.1107,0.0285
-0.1105,0.0285
-0.1103,0.0285
-0.1102,0.0284
-0.1100,0.0284
-0.1099,0.0283
-0.1097,0.0283
-0.1095,0.0283
-0.1094,0.0282
-0.1092,0.0282
-0.1091,0.0282
-0.1089,0.0281
-0.1088,0.0281
-0.1086,0.0281
-0.1085,0.0280
-0.1083,0.0280
-0.1082,0.0279
-0.1080,0.0279
-0.1079,0.0279
-0.1077,0.0278
-0.1076,0.0278
-0.1074,0.0278
-0.1073,0.0277
-0.1071,0.0277
-0.1070,0.0277
-0.1068,0.0276
-0.1067,0.0276
-0.1065,0.0276
-0.1064,0.0275
-0.1063,0.0275
-0.1061,0.0275
-0.1060,0.0274
-0.1058,0.0274
-0.1057,0.0274
-0.1055,0.0273
-0.1054,0.0273
-0.1053,0.0273
-0.1051,0.0272
-0.1050,0.0272
-0.1048,0.0272
-0.1047,0.0271
-0.1046,0.0271
-0.1044,0.0271
-0.1043,0.0270
-0.1042,0.0270
-0.1040,0.0270
-0.1039,0.0269
-0.1038,0.0269
-0.1036,0.0269
-0.1035,0.0268
-0.1034,0.0268
-0.1032,0.0268
-0.1031,0.0267
-0.1030,0.0267
-0.1028,0.0267
-0.1027,0.0266
-0.1026,0.0266
-0.1025,0.0266
-0.1023,0.0266
-0.1022,0.0265
-0.1021,0.0265
-0.1019,0.0265
-0.1018,0.0264
-0.1017,0.0264
-0.1016,0.0264
-0.1014,0.0263
-0.1013,0.0263
-0.1012,0.0263
-0.1011,0.0263
-0.1009,0.0262
-0.1008,0.0262
-0.1007,0.0262
-0.1006,0.0261
-0.1004,0.0261
-0.1003,0.0261
-0.1002,0.0261
-0.1001,0.0260
-0.1000,0.0260
-0.0998,0.0260
-0.0997,0.0259
-0.0996,0.0259
-0.0995,0.0259
-0.0994,0.0259
-0.0992,0.0258
-0.0991,0.0258
-0.0990,0.0258
-0.0989,0.0257
-0.0988,0.0257
-0.0987,0.0257
-0.0985,0.0257
-0.0984,0.0256
-0.0983,0.0256
-0.0982,0.0256
-0.0981,0.0256
-0.0980,0.0255
-0.0979,0.0255
-0.0977,0.0255
-0.0976,0.0254
-0.0975,0.0254
-0.0974,0.0254
-0.0973,0.0254
-0.0972,0.0253
-0.0971,0.0253
-0.0970,0.0253
-0.0969,0.0253
-0.0967,0.0252
-0.0966,0.0252
-0.0965,0.0252
-0.0964,0.0252
-0.0963,0.0251
-0.0962,0.0251
-0.0961,0.0251
-0.0960,0.0251
-0.0959,0.0250
-0.0958,0.0250
-0.0957,0.0250
-0.0956,0.0250
-0.0955,0.0249
-0.0953,0.0249
-0.0952,0.0249
-0.0951,0.0249
-0.0950,0.0248
-0.0949,0.0248
-0.0948,0.0248
-0.0947,0.0248
-0.0946,0.0247
-0.0945,0.0247
-0.0944,0.0247
-0.0943,0.0247
-0.0942,0.0246
-0.0941,0.0246
-0.0940,0.0246
-0.0939,0.0246
-0.0938,0.0245
-0.0937,0.0245
-0.0936,0.0245
-0.0935,0.0245
-0.0934,0.0244
-0.0933,0.0244
-0.0932,0.0244
-0.0931,0.0244
-0.0930,0.0243
-0.0929,0.0243
-0.0928,0.0243
-0.0927,0.0243
-0.0926,0.0242
-0.0925,0.0242
-0.0924,0.0242
-0.0923,0.0242
-0.0922,0.0241
-0.0921,0.0241
-0.0920,0.0241
-0.0919,0.0241
-0.0918,0.0240
-0.0917,0.0240
-0.0916,0.0240
-0.0916,0.0240
-0.0915,0.0240
-0.0914,0.0239
-0.0913,0.0239
-0.0912,0.0239
-0.0911,0.0239
-0.0910,0.0238
-0.0909,0.0238
-0.0908,0.0238
-0.0907,0.0238
-0.0906,0.0238
-0.0905,0.0237
-0.0904,0.0237
-0.0903,0.0237
-0.0903,0.0237
-0.0902,0.0236
-0.0901,0.0236
-0.0900,0.0236
-0.0899,0.0236
-0.0898,0.0236
-0.0897,0.0235
-0.0896,0.0235
-0.0895,0.0235
-0.0894,0.0235
-0.0894,0.0234
-0.0893,0.0234
-0.0892,0.0234
-0.0891,0.0234
-0.0890,0.0234
-0.0889,0.0233
-0.0888,0.0233
-0.0887,0.0233
-0.0887,0.0233
-0.0886,0.0233
-0.0885,0.0232
-0.0884,0.0232
-0.0883,0.0232
-0.0882,0.0232
-0.0881,0.0231
-0.0881,0.0231
-0.0880,0.0231
-0.0879,0.0231
-0.0878,0.0231
-0.0877,0.0230
-0.0876,0.0230
-0.0876,0.0230
-0.0875,0.0230
-0.0874,0.0230
-0.0873,0.0229
-0.0872,0.0229
-0.0871,0.0229
-0.0871,0.0229
-0.0870,0.0229
-0.0869,0.0228
-0.0868,0.0228
-0.0867,0.0228
-0.0867,0.0228
-0.0866,0.0228
-0.0865,0.0228
-0.0864,0.0227
-0.0863,0.0227
-0.0863,0.0227
-0.0862,0.0227
-0.0861,0.0227
-0.0860,0.0226
-0.0859,0.0226
-0.0859,0.0226
-0.0858,0.0226
-0.0857,0.0226
-0.0856,0.0225
-0.0855,0.0225
-0.0855,0.0225
-0.0854,0.0225
-0.0853,0.0225
-0.0852,0.0224
-0.0851,0.0224
-0.0851,0.0224
-0.0850,0.0224
-0.0849,0.0224
-0.0848,0.0223
-0.0848,0.0223
-0.0847,0.0223
-0.0846,0.0223
-0.0845,0.0223
-0.0845,0.0223
-0.0844,0.0222
-0.0843,0.0222
-0.0842,0.0222
-0.0841,0.0222
-0.0841,0.0222
-0.0840,0.0221
-0.0839,0.0221
-0.0838,0.0221
-0.0838,0.0221
-0.0837,0.0221
-0.0836,0.0220
-0.0835,0.0220
-0.0835,0.0220
-0.0834,0.0220
-0.0833,0.0220
-0.0833,0.0220
-0.0832,0.0219
-0.0831,0.0219
-0.0830,0.0219
-0.0830,0.0219
-0.0829,0.0219
-0.0828,0.0218
-0.0827,0.0218
-0.0827,0.0218
-0.0826,0.0218
-0.0825,0.0218
-0.0825,0.0218
-0.0824,0.0217
-0.0823,0.0217
-0.0822,0.0217
-0.0822,0.0217
-0.0821,0.0217
-0.0820,0.0216
-0.0820,0.0216
-0.0819,0.0216
-0.0818,0.0216
-0.0818,0.0216
-0.0817,0.0216
-0.0816,0.0215
-0.0815,0.0215
-0.0815,0.0215
-0.0814,0.0215
-0.0813,0.0215
-0.0813,0.0215
-0.0812,0.0214
-0.0811,0.0214
-0.0811,0.0214
-0.0810,0.0214
-0.0809,0.0214
-0.0809,0.0214
-0.0808,0.0213
-0.0807,0.0213
-0.0807,0.0213
-0.0806,0.0213
-0.0805,0.0213
-0.0805,0.0213
-0.0804,0.0212
-0.0803,0.0212
-0.0803,0.0212
-0.0802,0.0212
-0.0801,0.0212
-0.0801,0.0212
-0.0800,0.0211
-0.0799,0.0211
-0.0799,0.0211
-0.0798,0.0211
-0.0797,0.0211
-0.0797,0.0211
-0.0796,0.0210
-0.0795,0.0210
-0.0795,0.0210
-0.0794,0.0210
-0.0793,0.0210
-0.0793,0.0210
-0.0792,0.0209
-0.0792,0.0209
-0.0791,0.0209
-0.0790,0.0209
-0.0790,0.0209
-0.0789,0.0209
-0.0788,0.0208
-0.0788,0.0208
-0.0787,0.0208
-0.0786,0.0208
-0.0786,0.0208
-0.0785,0.0208
-0.0785,0.0207
-0.0784,0.0207
-0.0783,0.0207
-0.0783,0.0207
-0.0782,0.0207
-0.0782,0.0207
-0.0781,0.0207
-0.0780,0.0206
-0.0780,0.0206
-0.0779,0.0206
-0.0778,0.0206
-0.0778,0.0206
-0.0777,0.0206
-0.0777,0.0205
-0.0776,0.0205
-0.0775,0.0205
-0.0775,0.0205
-0.0774,0.0205
-0.0774,0.0205
-0.0773,0.0205
-0.0772,0.0204
-0.0772,0.0204
-0.0771,0.0204
-0.0771,0.0204
-0.0770,0.0204
-0.0769,0.0204
-0.0769,0.0203
-0.0768,0.0203
-0.0768,0.0203
-0.0767,0.0203
-0.0766,0.0203
-0.0766,0.0203
-0.0765,0.0202
-0.0765,0.0202
-0.0764,0.0202
-0.0764,0.0202
-0.0763,0.0202
-0.0762,0.0202
-0.0762,0.0202
-0.0761,0.0201
-0.0761,0.0201
-0.0760,0.0201
-0.0759,0.0201
-0.0759,0.0201
-0.0758,0.0201
-0.0758,0.0200
-0.0757,0.0200
-0.0757,0.0200
-0.0756,0.0200
-0.0755,0.0200
-0.0755,0.0200
-0.0754,0.0200
-0.0754,0.0199
-0.0753,0.0199
-0.0753,0.0199
-0.0752,0.0199
-0.0751,0.0199
-0.0751,0.0199
-0.0750,0.0198
-0.0750,0.0198
-0.0749,0.0198
-0.0749,0.0198
-0.0748,0.0198
-0.0748,0.0198
-0.0747,0.0198
-0.0746,0.0197
-0.0746,0.0197
-0.0745,0.0197
-0.0745,0.0197
-0.0744,0.0197
-0.0744,0.0197
-0.0743,0.0197
-0.0743,0.0196
-0.0742,0.0196
-0.0742,0.0196
-0.0741,0.0196
-0.0741,0.0196
-0.0740,0.0196
-0.0739,0.0196
-0.0739,0.0195
-0.0738,0.0195
-0.0738,0.0195
-0.0737,0.0195
-0.0737,0.0195
-0.0736,0.0195
-0.0736,0.0194
-0.0735,0.0194
-0.0735,0.0194
-0.0734,0.0194
-0.0734,0.0194
-0.0733,0.0194
-0.0733,0.0194
-0.0732,0.0193
-0.0731,0.0193
-0.0731,0.0193
-0.0730,0.0193
-0.0730,0.0193
-0.0729,0.0193
-0.0729,0.0193
-0.0728,0.0192
-0.0728,0.0192
-0.0727,0.0192
-0.0727,0.0192
-0.0726,0.0192
-0.0726,0.0192
-0.0725,0.0192
-0.0725,0.0191
-0.0724,0.0191
-0.0724,0.0191
-0.0723,0.0191
-0.0723,0.0191
-0.0722,0.0191
-0.0722,0.0191
-0.0721,0.0190
-0.0721,0.0190
-0.0720,0.0190
-0.0720,0.0190
-0.0719,0.0190
-0.0719,0.0190
-0.0718,0.0190
-0.0718,0.0190
-0.0717,0.0189
-0.0717,0.0189
-0.0716,0.0189
-0.0716,0.0189
-0.0715,0.0189
-0.0715,0.0189
-0.0714,0.0189
-0.0714,0.0188
-0.0713,0.0188
-0.0713,0.0188
-0.0712,0.0188
-0.0712,0.0188
-0.0711,0.0188
-0.0711,0.0188
-0.0710,0.0187
-0.0710,0.0187
-0.0709,0.0187
-0.0709,0.0187
-0.0708,0.0187
-0.0708,0.0187
-0.0707,0.0187
-0.0707,0.0187
-0.0706,0.0186
-0.0706,0.0186
-0.0705,0.0186
-0.0705,0.0186
-0.0704,0.0186
-0.0704,0.0186
-0.0703,0.0186
-0.0703,0.0185
-0.0703,0.0185
-0.0702,0.0185
-0.0702,0.0185
-0.0701,0.0185
-0.0701,0.0185
-0.0700,0.0185
-0.0700,0.0185
-0.0699,0.0184
-0.0699,0.0184
-0.0698,0.0184
-0.0698,0.0184
-0.0697,0.0184
-0.0697,0.0184
-0.0696,0.0184
-0.0696,0.0183
-0.0695,0.0183
-0.0695,0.0183
-0.0695,0.0183
-0.0694,0.0183
-0.0694,0.0183
-0.0693,0.0183
-0.0693,0.0183
-0.0692,0.0182
-0.0692,0.0182
-0.0691,0.0182
-0.0691,0.0182
-0.0690,0.0182
-0.0690,0.0182
-0.0689,0.0182
-0.0689,0.0182
-0.0689,0.0181
-0.0688,0.0181
-0.0688,0.0181
-0.0687,0.0181
-0.0687,0.0181
-0.0686,0.0181
-0.0686,0.0181
-0.0685,0.0181
-0.0685,0.0180
-0.0685,0.0180
-0.0684,0.0180
-0.0684,0.0180
-0.0683,0.0180
-0.0683,0.0180
-0.0682,0.0180
-0.0682,0.0180
-0.0681,0.0179
-0.0681,0.0179
-0.0681,0.0179
-0.0680,0.0179
-0.0680,0.0179
-0.0679,0.0179
-0.0679,0.0179
-0.0678,0.0179
-0.0678,0.0178
-0.0677,0.0178
-0.0677,0.0178
-0.0677,0.0178
-0.0676,0.0178
-0.0676,0.0178
-0.0675,0.0178
-0.0675,0.0178
-0.0674,0.0177
-0.0674,0.0177
-0.0674,0.0177
-0.0673,0.0177
-0.0673,0.0177
-0.0672,0.0177
-0.0672,0.0177
-0.0672,0.0177
-0.0671,0.0176
-0.0671,0.0176
-0.0670,0.0176
-0.0670,0.0176
-0.0669,0.0176
-0.0669,0.0176
-0.0669,0.0176
-0.0668,0.0176
-0.0668,0.0176
-0.0667,0.0175
-0.0667,0.0175
-0.0666,0.0175
-0.0666,0.0175
-0.0666,0.0175
-0.0665,0.0175
-0.0665,0.0175
-0.0664,0.0175
-0.0664,0.0174
-0.0664,0.0174
-0.0663,0.0174
-0.0663,0.0174
-0.0662,0.0174
-0.0662,0.0174
-0.0662,0.0174
-0.0661,0.0174
-0.0661,0.0174
-0.0660,0.0173
-0.0660,0.0173
-0.0660,0.0173
-0.0659,0.0173
-0.0659,0.0173
-0.0658,0.0173
-0.0658,0.0173
-0.0658,0.0173
-0.0657,0.0173
-0.0657,0.0172
-0.0656,0.0172
-0.0656,0.0172
-0.0656,0.0172
-0.0655,0.0172
-0.0655,0.0172
-0.0654,0.0172
-0.0654,0.0172
-0.0654,0.0172
-0.0653,0.0172
-0.0653,0.0171
-0.0652,0.0171
-0.0652,0.0171
-0.0652,0.0171
-0.0651,0.0171
-0.0651,0.0171
-0.0650,0.0171
-0.0650,0.0171
-0.0650,0.0171
-0.0649,0.0170
-0.0649,0.0170
-0.0648,0.0170
-0.0648,0.0170
-0.0648,0.0170
-0.0647,0.0170
-0.0647,0.0170
-0.0647,0.0170
-0.0646,0.0170
-0.0646,0.0169
-0.0645,0.0169
-0.0645,0.0169
-0.0645,0.0169
-0.0644,0.0169
-0.0644,0.0169
-0.0643,0.0169
-0.0643,0.0169
-0.0643,0.0169
-0.0642,0.0169
-0.0642,0.0168
-0.0642,0.0168
-0.2441
-0.1195
0.0382
0.0760
0.0889
0.1637
0.1643
0.1886
0.1925
0.2150
0.2248
0.2442
0.2490
0.2582
0.2614
0.2678
0.2768
0.2769
0.2932
0.2967
0.3065
0.3310
0.3361
0.3530
0.3560
0.3735
0.3826
0.3889
0.3894
0.3901
0.3960
0.3990
0.4056
0.4079
0.4111
0.4314
0.4354
0.4377
0.4515
0.4517
0.4537
0.4618
0.4640
0.4714
0.4721
0.4757
0.4842
0.4892
0.4926
0.5002
0.5007
0.5057
0.5077
0.5132
0.5169
0.5245
0.5263
0.5307
0.5327
0.5391
0.5392
0.5452
0.5492
0.5503
0.5536
0.5565
0.5588
0.5683
0.5693
0.5712
0.5745
0.5756
0.5758
0.5785
0.5794
0.5806
0.5851
0.5861
0.5882
0.5882
0.5919
0.5942
0.6004
0.6035
0.6089
0.6166
0.6186
0.6206
0.6209
0.6331
0.6339
0.6385
0.6402
0.6404
0.6412
0.6561
0.6575
0.6593
0.6594
0.6631
0.6682
0.6682
0.6685
0.6746
0.6830
0.6916
0.6943
0.6946
0.6977
0.6997
0.7009
0.7009
0.7020
0.7074
0.7106
0.7114
0.7172
0.7210
0.7289
0.7385
0.7386
0.7390
0.7441
0.7482
0.7553
0.7554
0.7561
0.7574
0.7575
0.7670
0.7764
0.7847
0.7867
0.7876
0.7878
0.7885
0.7927
0.7928
0.7953
0.7999
0.8005
0.8014
0.8021
0.8036
0.8048
0.8179
0.8195
0.8200
0.8219
0.8238
0.8258
0.8262
0.8293
0.8300
0.8315
0.8316
0.8323
0.8347
0.8358
0.8398
0.8409
0.8438
0.8463
0.8483
0.8484
0.8484
0.8551
0.8587
0.8595
0.8725
0.8748
0.8767
0.8780
0.8791
0.8813
0.8825
0.8832
0.8838
0.8844
0.8851
0.8893
0.8893
0.8904
0.8944
0.8944
0.8963
0.8975
0.9007
0.9010
0.9036
0.9044
0.9085
0.9095
0.9096
0.9123
0.9136
0.9137
0.9166
0.9167
0.9221
0.9243
0.9249
0.9286
0.9318
0.9320
0.9374
0.9390
0.9397
0.9427
0.9472
0.9477
0.9480
0.9493
0.9538
0.9541
0.9552
0.9561
0.9561
0.9589
0.9617
0.9620
0.9622
0.9686
0.9760
0.9784
0.9800
0.9811
0.9811
0.9841
0.9844
0.9873
0.9900
0.9901
0.9939
0.9944
0.9970
1.0011
1.0027
1.0042
1.0056
1.0064
1.0071
1.0102
1.0109
1.0156
1.0163
1.0186
1.0196
1.0294
1.0307
1.0330
1.0334
1.0346
1.0352
1.0376
1.0385
1.0415
1.0416
1.0457
1.0466
1.0510
1.0551
1.0569
1.0604
1.0614
1.0639
1.0683
1.0727
1.0739
1.0743
1.0751
1.0756
1.0770
1.0770
1.0801
1.0802
1.0806
1.0810
1.0816
1.0817
1.0869
1.0885
1.0895
1.0899
1.0916
1.0916
1.0925
1.0928
1.0939
1.0961
1.0964
1.0965
1.0967
1.0972
1.0992
1.1033
1.1061
1.1078
1.1092
1.1094
1.1107
1.1119
1.1121
1.1126
1.1146
1.1158
1.1159
1.1199
1.1203
1.1221
1.1262
1.1264
1.1282
1.1303
1.1308
1.1332
1.1371
1.1372
1.1393
1.1409
1.1420
1.1442
1.1453
1.1473
1.1479
1.1492
1.1493
1.1506
1.1506
1.1516
1.1525
1.1529
1.1529
1.1551
1.1569
1.1661
1.1671
1.1675
1.1680
1.1749
1.1780
1.1790
1.1792
1.1808
1.1808
1.1813
1.1825
1.1839
1.1845
1.1861
1.1862
1.1870
1.1872
1.1883
1.1891
1.1893
1.1897
1.1922
1.1986
1.2001
1.2012
1.2022
1.2056
1.2075
1.2092
1.2094
1.2104
1.2126
1.2169
1.2175
1.2185
1.2194
1.2213
1.2232
1.2234
1.2241
1.2255
1.2265
1.2271
1.2284
1.2347
1.2396
1.2426
1.2447
1.2458
1.2472
1.2474
1.2474
1.2484
1.2507
1.2523
1.2524
1.2527
1.2572
1.2577
1.2581
1.2617
1.2642
1.2647
1.2649
1.2669
1.2681
1.2687
1.2753
1.2756
1.2766
1.2767
1.2788
1.2792
1.2833
1.2842
1.2900
1.2929
1.2932
1.2944
1.2949
1.2957
1.2995
1.2997
1.3003
1.3008
1.3016
1.3062
1.3065
1.3072
1.3093
1.3119
1.3124
1.3153
1.3170
1.3192
1.3201
1.3221
1.3236
1.3241
1.3271
1.3284
1.3300
1.3307
1.3314
1.3339
1.3365
1.3372
1.3382
1.3421
1.3423
1.3467
1.3469
1.3482
1.3489
1.3491
1.3559
1.3592
1.3605
1.3608
1.3611
1.3622
1.3638
1.3654
1.3660
1.3664
1.3666
1.3679
1.3685
1.3721
1.3796
1.3806
1.3812
1.3838
1.3908
1.3912
1.3921
1.3936
1.3951
1.3962
1.3973
1.4013
1.4044
1.4045
1.4056
1.4076
1.4087
1.4121
1.4125
1.4134
1.4134
1.4148
1.4168
1.4171
1.4177
1.4192
1.4215
1.4221
1.4239
1.4249
1.4252
1.4271
1.4281
1.4293
1.4337
1.4357
1.4369
1.4372
1.4375
1.4418
1.4419
1.4420
1.4469
1.4473
1.4476
1.4537
1.4539
1.4544
1.4555
1.4567
1.4579
1.4588
1.4638
1.4661
1.4700
1.4712
1.4718
1.4777
1.4795
1.4810
1.4827
1.4844
1.4847
1.4885
1.4886
1.4887
1.4889
1.4894
1.4899
1.4959
1.4996
1.5023
1.5046
1.5063
1.5090
1.5093
1.5117
1.5137
1.5149
1.5159
1.5177
1.5181
1.5187
1.5193
1.5201
1.5209
1.5245
1.5255
1.5257
1.5275
1.5278
1.5291
1.5302
1.5313
1.5356
1.5369
1.5391
1.5399
1.5400
1.5428
1.5442
1.5453
1.5465
1.5495
1.5522
1.5524
1.5529
1.5545
1.5549
1.5561
1.5638
1.5659
1.5703
1.5729
1.5747
1.5748
1.5761
1.5763
1.5764
1.5776
1.5779
1.5780
1.5787
1.5805
1.5821
1.5848
1.5868
1.5902
1.5903
1.5906
1.5923
1.5976
1.5983
1.5987
1.6046
1.6082
1.6106
1.6152
1.6155
1.6180
1.6184
1.6186
1.6191
1.6194
1.6196
1.6206
1.6212
1.6229
1.6233
1.6236
1.6273
1.6280
1.6307
1.6324
1.6354
1.6359
1.6367
1.6370
1.6400
1.6412
1.6464
1.6465
1.6498
1.6540
1.6559
1.6564
1.6592
1.6599
1.6621
1.6627
1.6646
1.6648
1.6649
1.6694
1.6695
1.6717
1.6728
1.6736
1.6741
1.6758
1.6760
1.6775
1.6775
1.6822
1.6833
1.6868
1.6874
1.6875
1.6883
1.6895
1.6928
1.6932
1.6953
1.6972
1.7046
1.7070
1.7087
1.7098
1.7140
1.7153
1.7202
1.7229
1.7265
1.7295
1.7304
1.7320
1.7322
1.7367
1.7377
1.7381
1.7396
1.7414
1.7449
1.7478
1.7491
1.7506
1.7518
1.7525
1.7535
1.7547
1.7584
1.7590
1.7603
1.7627
1.7640
1.7676
1.7781
1.7784
1.7795
1.7812
1.7817
1.7849
1.7871
1.7871
1.7976
1.8013
1.8031
1.8048
1.8060
1.8083
1.8101
1.8106
1.8115
1.8118
1.8200
1.8218
1.8278
1.8278
1.8304
1.8340
1.8401
1.8409
1.8489
1.8498
1.8498
1.8513
1.8556
1.8571
1.8608
1.8611
1.8621
1.8644
1.8668
1.8676
1.8679
1.8741
1.8749
1.8761
1.8762
1.8786
1.8794
1.8800
1.8821
1.8831
1.8831
1.8840
1.8853
1.8860
1.8917
1.8999
1.9010
1.9038
1.9060
1.9074
1.9077
1.9119
1.9147
1.9155
1.9175
1.9177
1.9197
1.9200
1.9202
1.9225
1.9271
1.9322
1.9329
1.9335
1.9349
1.9360
1.9389
1.9394
1.9442
1.9496
1.9514
1.9531
1.9654
1.9659
1.9681
1.9723
1.9727
1.9779
1.9811
1.9823
1.9849
1.9851
1.9903
1.9999
2.0025
2.0097
2.0175
2.0180
2.0229
2.0275
2.0293
2.0317
2.0319
2.0345
2.0361
2.0365
2.0413
2.0590
2.0604
2.0609
2.0614
2.0658
2.0672
2.0826
2.0835
2.0848
2.0859
2.0890
2.0900
2.0902
2.0908
2.0919
2.0925
2.0944
2.0967
2.0988
2.1051
2.1065
2.1144
2.1147
2.1181
2.1183
2.1189
2.1283
2.1284
2.1332
2.1350
2.1351
2.1392
2.1406
2.1417
2.1430
2.1455
2.1457
2.1468
2.1558
2.1589
2.1664
2.1726
2.1833
2.1839
2.1868
2.1903
2.1969
2.2007
2.2018
2.2022
2.2023
2.2037
2.2068
2.2084
2.2094
2.2124
2.2124
2.2187
2.2259
2.2298
2.2304
2.2337
2.2451
2.2461
2.2496
2.2522
2.2545
2.2582
2.2585
2.2643
2.2698
2.2737
2.3019
2.3038
2.3043
2.3076
2.3087
2.3089
2.3108
2.3127
2.3139
2.3272
2.3292
2.3313
2.3354
2.3369
2.3387
2.3409
2.3413
2.3465
2.3564
2.3697
2.3739
2.3832
2.3913
2.3984
2.4016
2.4031
2.4126
2.4138
2.4145
2.4185
2.4238
2.4277
2.4465
2.4542
2.4568
2.4702
2.4754
2.4895
2.4913
2.4921
2.5008
2.5017
2.5063
2.5091
2.5177
2.5229
2.5295
2.5356
2.5398
2.5492
2.5544
2.5719
2.5812
2.5822
2.5837
2.5970
2.5977
2.6044
2.6191
2.6226
2.6301
2.6396
2.6437
2.6456
2.6590
2.6672
2.6715
2.6945
2.6968
2.7130
2.7158
2.7229
2.7301
2.7304
2.7376
2.7497
2.7582
2.7778
2.7856
2.7977
2.8442
2.8588
2.8642
2.8656
2.8846
2.8912
2.8950
2.9117
2.9230
2.9239
2.9343
2.9467
2.9498
2.9520
2.9617
2.9633
2.9719
3.0307
3.0482
3.0632
3.0687
3.0817
3.0830
3.0972
3.1208
3.1241
3.1429
3.1485
3.1651
3.1815
3.1817
3.1865
3.2260
3.2322
3.2720
3.3249
3.3653
3.3846
3.3877
3.3891
3.3904
3.4029
3.4657
3.5114
3.5398
3.5525
3.6917
3.8074
3.9692
4.1009
4.1560
4.5061
