1000
1000
-1.7332,0.2064
-1.6385,0.2057
-1.4132,0.1573
-1.2576,0.1478
-1.1430,0.1436
-1.0551,0.1405
-0.9850,0.1373
-0.9268,0.1337
-0.8783,0.1314
-0.8370,0.1293
-0.8012,0.1269
-0.7696,0.1248
-0.7417,0.1227
-0.7166,0.1210
-0.6940,0.1191
-0.6735,0.1174
-0.6548,0.1157
-0.6376,0.1139
-0.6217,0.1122
-0.6069,0.1105
-0.5931,0.1088
-0.5801,0.1070
-0.5680,0.1053
-0.5565,0.1036
-0.5456,0.1020
-0.5353,0.1005
-0.5256,0.0991
-0.5164,0.0977
-0.5075,0.0964
-0.4992,0.0951
-0.4912,0.0940
-0.4837,0.0929
-0.4764,0.0919
-0.4695,0.0910
-0.4629,0.0901
-0.4565,0.0892
-0.4504,0.0884
-0.4445,0.0876
-0.4389,0.0868
-0.4335,0.0861
-0.4283,0.0854
-0.4232,0.0847
-0.4183,0.0841
-0.4136,0.0834
-0.4090,0.0827
-0.4046,0.0820
-0.4003,0.0813
-0.3961,0.0806
-0.3920,0.0800
-0.3881,0.0793
-0.3842,0.0787
-0.3804,0.0781
-0.3768,0.0775
-0.3733,0.0769
-0.3698,0.0763
-0.3664,0.0757
-0.3632,0.0752
-0.3600,0.0746
-0.3569,0.0741
-0.3538,0.0736
-0.3509,0.0730
-0.3480,0.0725
-0.3451,0.0720
-0.3424,0.0716
-0.3397,0.0711
-0.3370,0.0706
-0.3344,0.0702
-0.3319,0.0698
-0.3294,0.0693
-0.3270,0.0689
-0.3246,0.0685
-0.3223,0.0681
-0.3200,0.0677
-0.3178,0.0673
-0.3156,0.0669
-0.3135,0.0665
-0.3114,0.0662
-0.3093,0.0658
-0.3073,0.0654
-0.3053,0.0651
-0.3033,0.0648
-0.3014,0.0644
-0.2995,0.0641
-0.2977,0.0638
-0.2959,0.0635
-0.2941,0.0632
-0.2923,0.0628
-0.2906,0.0625
-0.2889,0.0622
-0.2872,0.0619
-0.2856,0.0617
-0.2840,0.0614
-0.2824,0.0611
-0.2808,0.0608
-0.2793,0.0605
-0.2777,0.0602
-0.2762,0.0600
-0.2748,0.0597
-0.2733,0.0594
-0.2719,0.0592
-0.2705,0.0589
-0.2691,0.0587
-0.2677,0.0584
-0.2664,0.0582
-0.2650,0.0579
-0.2637,0.0577
-0.2624,0.0575
-0.2612,0.0572
-0.2599,0.0570
-0.2587,0.0568
-0.2574,0.0565
-0.2562,0.0563
-0.2551,0.0561
-0.2539,0.0559
-0.2527,0.0557
-0.2516,0.0555
-0.2504,0.0553
-0.2493,0.0551
-0.2482,0.0549
-0.2471,0.0547
-0.2460,0.0545
-0.2450,0.0543
-0.2439,0.0541
-0.2429,0.0539
-0.2419,0.0537
-0.2409,0.0536
-0.2399,0.0534
-0.2389,0.0532
-0.2379,0.0530
-0.2370,0.0529
-0.2360,0.0527
-0.2351,0.0525
-0.2342,0.0524
-0.2333,0.0522
-0.2323,0.0521
-0.2315,0.0519
-0.2306,0.0517
-0.2297,0.0516
-0.2288,0.0514
-0.2280,0.0513
-0.2271,0.0511
-0.2263,0.0510
-0.2254,0.0508
-0.2246,0.0506
-0.2238,0.0505
-0.2230,0.0503
-0.2222,0.0502
-0.2214,0.0500
-0.2206,0.0499
-0.2198,0.0497
-0.2191,0.0496
-0.2183,0.0494
-0.2175,0.0493
-0.2168,0.0492
-0.2160,0.0490
-0.2153,0.0489
-0.2146,0.0487
-0.2139,0.0486
-0.2131,0.0485
-0.2124,0.0483
-0.2117,0.0482
-0.2110,0.0481
-0.2103,0.0479
-0.2097,0.0478
-0.2090,0.0477
-0.2083,0.0476
-0.2077,0.0474
-0.2070,0.0473
-0.2064,0.0472
-0.2057,0.0471
-0.2051,0.0470
-0.2044,0.0469
-0.2038,0.0468
-0.2032,0.0466
-0.2026,0.0465
-0.2020,0.0464
-0.2014,0.0463
-0.2008,0.0462
-0.2002,0.0461
-0.1996,0.0460
-0.1990,0.0459
-0.1984,0.0458
-0.1979,0.0457
-0.1973,0.0456
-0.1967,0.0455
-0.1962,0.0454
-0.1956,0.0453
-0.1951,0.0452
-0.1945,0.0451
-0.1940,0.0450
-0.1935,0.0449
-0.1929,0.0448
-0.1924,0.0447
-0.1919,0.0446
-0.1914,0.0445
-0.1909,0.0444
-0.1903,0.0443
-0.1898,0.0442
-0.1893,0.0441
-0.1888,0.0440
-0.1883,0.0439
-0.1878,0.0438
-0.1874,0.0438
-0.1869,0.0437
-0.1864,0.0436
-0.1859,0.0435
-0.1854,0.0434
-0.1850,0.0433
-0.1845,0.0432
-0.1840,0.0431
-0.1836,0.0431
-0.1831,0.0430
-0.1827,0.0429
-0.1822,0.0428
-0.1818,0.0427
-0.1813,0.0426
-0.1809,0.0426
-0.1804,0.0425
-0.1800,0.0424
-0.1796,0.0423
-0.1791,0.0422
-0.1787,0.0422
-0.1783,0.0421
-0.1779,0.0420
-0.1774,0.0419
-0.1770,0.0419
-0.1766,0.0418
-0.1762,0.0417
-0.1758,0.0416
-0.1754,0.0416
-0.1750,0.0415
-0.1746,0.0414
-0.1742,0.0413
-0.1738,0.0413
-0.1734,0.0412
-0.1730,0.0411
-0.1726,0.0410
-0.1722,0.0410
-0.1719,0.0409
-0.1715,0.0408
-0.1711,0.0407
-0.1707,0.0407
-0.1703,0.0406
-0.1700,0.0405
-0.1696,0.0405
-0.1692,0.0404
-0.1689,0.0403
-0.1685,0.0402
-0.1681,0.0402
-0.1678,0.0401
-0.1674,0.0400
-0.1671,0.0400
-0.1667,0.0399
-0.1664,0.0398
-0.1660,0.0398
-0.1657,0.0397
-0.1653,0.0396
-0.1650,0.0396
-0.1647,0.0395
-0.1643,0.0395
-0.1640,0.0394
-0.1637,0.0393
-0.1633,0.0393
-0.1630,0.0392
-0.1627,0.0391
-0.1623,0.0391
-0.1620,0.0390
-0.1617,0.0389
-0.1614,0.0389
-0.1610,0.0388
-0.1607,0.0387
-0.1604,0.0387
-0.1601,0.0386
-0.1598,0.0385
-0.1595,0.0385
-0.1592,0.0384
-0.1589,0.0384
-0.1586,0.0383
-0.1582,0.0382
-0.1579,0.0382
-0.1576,0.0381
-0.1573,0.0381
-0.1571,0.0380
-0.1568,0.0379
-0.1565,0.0379
-0.1562,0.0378
-0.1559,0.0378
-0.1556,0.0377
-0.1553,0.0376
-0.1550,0.0376
-0.1547,0.0375
-0.1545,0.0375
-0.1542,0.0374
-0.1539,0.0374
-0.1536,0.0373
-0.1533,0.0372
-0.1531,0.0372
-0.1528,0.0371
-0.1525,0.0371
-0.1522,0.0370
-0.1520,0.0370
-0.1517,0.0369
-0.1514,0.0368
-0.1512,0.0368
-0.1509,0.0367
-0.1506,0.0367
-0.1504,0.0366
-0.1501,0.0366
-0.1499,0.0365
-0.1496,0.0365
-0.1493,0.0364
-0.1491,0.0364
-0.1488,0.0363
-0.1486,0.0362
-0.1483,0.0362
-0.1481,0.0361
-0.1478,0.0361
-0.1476,0.0360
-0.1473,0.0360
-0.1471,0.0359
-0.1468,0.0359
-0.1466,0.0358
-0.1464,0.0358
-0.1461,0.0357
-0.1459,0.0357
-0.1456,0.0356
-0.1454,0.0356
-0.1452,0.0355
-0.1449,0.0355
-0.1447,0.0354
-0.1445,0.0354
-0.1442,0.0354
-0.1440,0.0353
-0.1438,0.0353
-0.1435,0.0352
-0.1433,0.0352
-0.1431,0.0351
-0.1429,0.0351
-0.1426,0.0350
-0.1424,0.0350
-0.1422,0.0349
-0.1420,0.0349
-0.1417,0.0348
-0.1415,0.0348
-0.1413,0.0347
-0.1411,0.0347
-0.1409,0.0346
-0.1406,0.0346
-0.1404,0.0346
-0.1402,0.0345
-0.1400,0.0345
-0.1398,0.0344
-0.1396,0.0344
-0.1394,0.0343
-0.1392,0.0343
-0.1389,0.0342
-0.1387,0.0342
-0.1385,0.0342
-0.1383,0.0341
-0.1381,0.0341
-0.1379,0.0340
-0.1377,0.0340
-0.1375,0.0339
-0.1373,0.0339
-0.1371,0.0339
-0.1369,0.0338
-0.1367,0.0338
-0.1365,0.0337
-0.1363,0.0337
-0.1361,0.0337
-0.1359,0.0336
-0.1357,0.0336
-0.1355,0.0335
-0.1353,0.0335
-0.1351,0.0335
-0.1350,0.0334
-0.1348,0.0334
-0.1346,0.0333
-0.1344,0.0333
-0.1342,0.0333
-0.1340,0.0332
-0.1338,0.0332
-0.1336,0.0331
-0.1334,0.0331
-0.1333,0.0331
-0.1331,0.0330
-0.1329,0.0330
-0.1327,0.0329
-0.1325,0.0329
-0.1324,0.0329
-0.1322,0.0328
-0.1320,0.0328
-0.1318,0.0328
-0.1316,0.0327
-0.1315,0.0327
-0.1313,0.0326
-0.1311,0.0326
-0.1309,0.0326
-0.1308,0.0325
-0.1306,0.0325
-0.1304,0.0325
-0.1302,0.0324
-0.1301,0.0324
-0.1299,0.0323
-0.1297,0.0323
-0.1295,0.0323
-0.1294,0.0322
-0.1292,0.0322
-0.1290,0.0322
-0.1289,0.0321
-0.1287,0.0321
-0.1285,0.0320
-0.1284,0.0320
-0.1282,0.0320
-0.1280,0.0319
-0.1279,0.0319
-0.1277,0.0319
-0.1275,0.0318
-0.1274,0.0318
-0.1272,0.0318
-0.1271,0.0317
-0.1269,0.0317
-0.1267,0.0317
-0.1266,0.0316
-0.1264,0.0316
-0.1263,0.0315
-0.1261,0.0315
-0.1259,0.0315
-0.1258,0.0314
-0.1256,0.0314
-0.1255,0.0314
-0.1253,0.0313
-0.1252,0.0313
-0.1250,0.0313
-0.1249,0.0312
-0.1247,0.0312
-0.1245,0.0312
-0.1244,0.0311
-0.1242,0.0311
-0.1241,0.0311
-0.1239,0.0310
-0.1238,0.0310
-0.1236,0.0310
-0.1235,0.0309
-0.1233,0.0309
-0.1232,0.0309
-0.1230,0.0308
-0.1229,0.0308
-0.1228,0.0308
-0.1226,0.0307
-0.1225,0.0307
-0.1223,0.0307
-0.1222,0.0306
-0.1220,0.0306
-0.1219,0.0306
-0.1217,0.0305
-0.1216,0.0305
-0.1215,0.0305
-0.1213,0.0304
-0.1212,0.0304
-0.1210,0.0304
-0.1209,0.0303
-0.1208,0.0303
-0.1206,0.0303
-0.1205,0.0302
-0.1203,0.0302
-0.1202,0.0302
-0.1201,0.0301
-0.1199,0.0301
-0.1198,0.0301
-0.1197,0.0300
-0.1195,0.0300
-0.1194,0.0300
-0.1192,0.0299
-0.1191,0.0299
-0.1190,0.0299
-0.1188,0.0298
-0.1187,0.0298
-0.1186,0.0298
-0.1184,0.0297
-0.1183,0.0297
-0.1182,0.0297
-0.1180,0.0297
-0.1179,0.0296
-0.1178,0.0296
-0.1177,0.0296
-0.1175,0.0295
-0.1174,0.0295
-0.1173,0.0295
-0.1171,0.0294
-0.1170,0.0294
-0.1169,0.0294
-0.1168,0.0294
-0.1166,0.0293
-0.1165,0.0293
-0.1164,0.0293
-0.1163,0.0292
-0.1161,0.0292
-0.1160,0.0292
-0.1159,0.0291
-0.1158,0.0291
-0.1156,0.0291
-0.1155,0.0291
-0.1154,0.0290
-0.1153,0.0290
-0.1151,0.0290
-0.1150,0.0289
-0.1149,0.0289
-0.1148,0.0289
-0.1146,0.0289
-0.1145,0.0288
-0.1144,0.0288
-0.1143,0.0288
-0.1142,0.0287
-0.1140,0.0287
-0.1139,0.0287
-0.1138,0.0286
-0.1137,0.0286
-0.1136,0.0286
-0.1134,0.0286
-0.1133,0.0285
-0.1132,0.0285
-0.1131,0.0285
-0.1130,0.0284
-0.1129,0.0284
-0.1127,0.0284
-0.1126,0.0284
-0.1125,0.0283
-0.1124,0.0283
-0.1123,0.0283
-0.1122,0.0282
-0.1121,0.0282
-0.1119,0.0282
-0.1118,0.0282
-0.1117,0.0281
-0.1116,0.0281
-0.1115,0.0281
-0.1114,0.0281
-0.1113,0.0280
-0.1112,0.0280
-0.1110,0.0280
-0.1109,0.0279
-0.1108,0.0279
-0.1107,0.0279
-0.1106,0.0279
-0.1105,0.0278
-0.1104,0.0278
-0.1103,0.0278
-0.1102,0.0278
-0.1100,0.0277
-0.1099,0.0277
-0.1098,0.0277
-0.1097,0.0277
-0.1096,0.0276
-0.1095,0.0276
-0.1094,0.0276
-0.1093,0.0275
-0.1092,0.0275
-0.1091,0.0275
-0.1090,0.0275
-0.1089,0.0274
-0.1088,0.0274
-0.1087,0.0274
-0.1086,0.0274
-0.1085,0.0273
-0.1083,0.0273
-0.1082,0.0273
-0.1081,0.0273
-0.1080,0.0272
-0.1079,0.0272
-0.1078,0.0272
-0.1077,0.0272
-0.1076,0.0271
-0.1075,0.0271
-0.1074,0.0271
-0.1073,0.0271
-0.1072,0.0270
-0.1071,0.0270
-0.1070,0.0270
-0.1069,0.0270
-0.1068,0.0269
-0.1067,0.0269
-0.1066,0.0269
-0.1065,0.0269
-0.1064,0.0269
-0.1063,0.0268
-0.1062,0.0268
-0.1061,0.0268
-0.1060,0.0268
-0.1059,0.0267
-0.1058,0.0267
-0.1057,0.0267
-0.1056,0.0267
-0.1056,0.0266
-0.1055,0.0266
-0.1054,0.0266
-0.1053,0.0266
-0.1052,0.0266
-0.1051,0.0265
-0.1050,0.0265
-0.1049,0.0265
-0.1048,0.0265
-0.1047,0.0264
-0.1046,0.0264
-0.1045,0.0264
-0.1044,0.0264
-0.1043,0.0264
-0.1042,0.0263
-0.1041,0.0263
-0.1040,0.0263
-0.1040,0.0263
-0.1039,0.0262
-0.1038,0.0262
-0.1037,0.0262
-0.1036,0.0262
-0.1035,0.0262
-0.1034,0.0261
-0.1033,0.0261
-0.1032,0.0261
-0.1031,0.0261
-0.1030,0.0260
-0.1030,0.0260
-0.1029,0.0260
-0.1028,0.0260
-0.1027,0.0260
-0.1026,0.0259
-0.1025,0.0259
-0.1024,0.0259
-0.1023,0.0259
-0.1022,0.0259
-0.1022,0.0258
-0.1021,0.0258
-0.1020,0.0258
-0.1019,0.0258
-0.1018,0.0258
-0.1017,0.0257
-0.1016,0.0257
-0.1016,0.0257
-0.1015,0.0257
-0.1014,0.0256
-0.1013,0.0256
-0.1012,0.0256
-0.1011,0.0256
-0.1010,0.0256
-0.1010,0.0255
-0.1009,0.0255
-0.1008,0.0255
-0.1007,0.0255
-0.1006,0.0255
-0.1005,0.0254
-0.1004,0.0254
-0.1004,0.0254
-0.1003,0.0254
-0.1002,0.0254
-0.1001,0.0253
-0.1000,0.0253
-0.0999,0.0253
-0.0999,0.0253
-0.0998,0.0253
-0.0997,0.0252
-0.0996,0.0252
-0.0995,0.0252
-0.0995,0.0252
-0.0994,0.0252
-0.0993,0.0251
-0.0992,0.0251
-0.0991,0.0251
-0.0991,0.0251
-0.0990,0.0251
-0.0989,0.0250
-0.0988,0.0250
-0.0987,0.0250
-0.0987,0.0250
-0.0986,0.0250
-0.0985,0.0250
-0.0984,0.0249
-0.0983,0.0249
-0.0983,0.0249
-0.0982,0.0249
-0.0981,0.0249
-0.0980,0.0248
-0.0980,0.0248
-0.0979,0.0248
-0.0978,0.0248
-0.0977,0.0248
-0.0976,0.0247
-0.0976,0.0247
-0.0975,0.0247
-0.0974,0.0247
-0.0973,0.0247
-0.0973,0.0247
-0.0972,0.0246
-0.0971,0.0246
-0.0970,0.0246
-0.0970,0.0246
-0.0969,0.0246
-0.0968,0.0245
-0.0967,0.0245
-0.0967,0.0245
-0.0966,0.0245
-0.0965,0.0245
-0.0964,0.0245
-0.0964,0.0244
-0.0963,0.0244
-0.0962,0.0244
-0.0961,0.0244
-0.0961,0.0244
-0.0960,0.0244
-0.0959,0.0243
-0.0958,0.0243
-0.0958,0.0243
-0.0957,0.0243
-0.0956,0.0243
-0.0956,0.0243
-0.0955,0.0242
-0.0954,0.0242
-0.0953,0.0242
-0.0953,0.0242
-0.0952,0.0242
-0.0951,0.0241
-0.0951,0.0241
-0.0950,0.0241
-0.0949,0.0241
-0.0948,0.0241
-0.0948,0.0241
-0.0947,0.0240
-0.0946,0.0240
-0.0946,0.0240
-0.0945,0.0240
-0.0944,0.0240
-0.0943,0.0240
-0.0943,0.0239
-0.0942,0.0239
-0.0941,0.0239
-0.0941,0.0239
-0.0940,0.0239
-0.0939,0.0239
-0.0939,0.0238
-0.0938,0.0238
-0.0937,0.0238
-0.0936,0.0238
-0.0936,0.0238
-0.0935,0.0238
-0.0934,0.0238
-0.0934,0.0237
-0.0933,0.0237
-0.0932,0.0237
-0.0932,0.0237
-0.0931,0.0237
-0.0930,0.0237
-0.0930,0.0236
-0.0929,0.0236
-0.0928,0.0236
-0.0928,0.0236
-0.0927,0.0236
-0.0926,0.0236
-0.0926,0.0235
-0.0925,0.0235
-0.0924,0.0235
-0.0924,0.0235
-0.0923,0.0235
-0.0922,0.0235
-0.0922,0.0234
-0.0921,0.0234
-0.0920,0.0234
-0.0920,0.0234
-0.0919,0.0234
-0.0918,0.0234
-0.0918,0.0234
-0.0917,0.0233
-0.0916,0.0233
-0.0916,0.0233
-0.0915,0.0233
-0.0915,0.0233
-0.0914,0.0233
-0.0913,0.0232
-0.0913,0.0232
-0.0912,0.0232
-0.0911,0.0232
-0.0911,0.0232
-0.0910,0.0232
-0.0909,0.0232
-0.0909,0.0231
-0.0908,0.0231
-0.0908,0.0231
-0.0907,0.0231
-0.0906,0.0231
-0.0906,0.0231
-0.0905,0.0230
-0.0904,0.0230
-0.0904,0.0230
-0.0903,0.0230
-0.0903,0.0230
-0.0902,0.0230
-0.0901,0.0230
-0.0901,0.0229
-0.0900,0.0229
-0.0899,0.0229
-0.0899,0.0229
-0.0898,0.0229
-0.0898,0.0229
-0.0897,0.0229
-0.0896,0.0228
-0.0896,0.0228
-0.0895,0.0228
-0.0895,0.0228
-0.0894,0.0228
-0.0893,0.0228
-0.0893,0.0228
-0.0892,0.0227
-0.0891,0.0227
-0.0891,0.0227
-0.0890,0.0227
-0.0890,0.0227
-0.0889,0.0227
-0.0888,0.0227
-0.0888,0.0226
-0.0887,0.0226
-0.0887,0.0226
-0.0886,0.0226
-0.0886,0.0226
-0.0885,0.0226
-0.0884,0.0226
-0.0884,0.0225
-0.0883,0.0225
-0.0883,0.0225
-0.0882,0.0225
-0.0881,0.0225
-0.0881,0.0225
-0.0880,0.0225
-0.0880,0.0224
-0.0879,0.0224
-0.0878,0.0224
-0.0878,0.0224
-0.0877,0.0224
-0.0877,0.0224
-0.0876,0.0224
-0.0876,0.0223
-0.0875,0.0223
-0.0874,0.0223
-0.0874,0.0223
-0.0873,0.0223
-0.0873,0.0223
-0.0872,0.0223
-0.0872,0.0222
-0.0871,0.0222
-0.0870,0.0222
-0.0870,0.0222
-0.0869,0.0222
-0.0869,0.0222
-0.0868,0.0222
-0.0868,0.0222
-0.0867,0.0221
-0.0867,0.0221
-0.0866,0.0221
-0.0865,0.0221
-0.0865,0.0221
-0.0864,0.0221
-0.0864,0.0221
-0.0863,0.0220
-0.0863,0.0220
-0.0862,0.0220
-0.0862,0.0220
-0.0861,0.0220
-0.0860,0.0220
-0.0860,0.0220
-0.0859,0.0220
-0.0859,0.0219
-0.0858,0.0219
-0.0858,0.0219
-0.0857,0.0219
-0.0857,0.0219
-0.0856,0.0219
-0.0856,0.0219
-0.0855,0.0219
-0.0854,0.0218
-0.0854,0.0218
-0.0853,0.0218
-0.0853,0.0218
-0.0852,0.0218
-0.0852,0.0218
-0.0851,0.0218
-0.0851,0.0217
-0.0850,0.0217
-0.0850,0.0217
-0.0849,0.0217
-0.0849,0.0217
-0.0848,0.0217
-0.0848,0.0217
-0.0847,0.0217
-0.0847,0.0216
-0.0846,0.0216
-0.0845,0.0216
-0.0845,0.0216
-0.0844,0.0216
-0.0844,0.0216
-0.0843,0.0216
-0.0843,0.0216
-0.0842,0.0215
-0.0842,0.0215
-0.0841,0.0215
-0.0841,0.0215
-0.0840,0.0215
-0.0840,0.0215
-0.0839,0.0215
-0.0839,0.0215
-0.0838,0.0214
-0.0838,0.0214
-0.0837,0.0214
-0.0837,0.0214
-0.0836,0.0214
-0.0836,0.0214
-0.0835,0.0214
-0.0835,0.0214
-0.0834,0.0213
-0.0834,0.0213
-0.0833,0.0213
-0.0833,0.0213
-0.0832,0.0213
-0.0832,0.0213
-0.0831,0.0213
-0.0831,0.0213
-0.0830,0.0212
-0.0830,0.0212
-0.0829,0.0212
-0.0829,0.0212
-0.0828,0.0212
-0.0828,0.0212
-0.0827,0.0212
-0.0827,0.0212
-0.0826,0.0212
-0.0826,0.0211
-0.0825,0.0211
-0.0825,0.0211
-0.0824,0.0211
-0.0824,0.0211
-0.0823,0.0211
-0.0823,0.0211
-0.0822,0.0211
-0.0822,0.0210
-0.0821,0.0210
-0.0821,0.0210
-0.0820,0.0210
-0.0820,0.0210
-0.0820,0.0210
-0.0819,0.0210
-0.0819,0.0210
-0.0818,0.0210
-0.0818,0.0209
-0.0817,0.0209
-0.0817,0.0209
-0.0816,0.0209
-0.0816,0.0209
-0.0815,0.0209
-0.0815,0.0209
-0.0814,0.0209
-0.0814,0.0208
-0.0813,0.0208
-0.0813,0.0208
-0.0812,0.0208
-0.0812,0.0208
-0.0812,0.0208
-0.0811,0.0208
-0.0811,0.0208
-0.0810,0.0208
-0.0810,0.0207
-0.0809,0.0207
-0.0809,0.0207
-0.0808,0.0207
-0.0808,0.0207
-0.0807,0.0207
-0.0807,0.0207
-0.0806,0.0207
-0.0806,0.0206
-0.0806,0.0206
-0.0805,0.0206
-0.0805,0.0206
-0.0804,0.0206
-0.0804,0.0206
-0.0803,0.0206
-0.0803,0.0206
-0.0802,0.0206
-0.0802,0.0205
-0.0801,0.0205
-0.0801,0.0205
-0.0801,0.0205
-0.0800,0.0205
-0.0800,0.0205
-0.0799,0.0205
-0.0799,0.0205
-0.0798,0.0205
-0.0798,0.0204
-0.0797,0.0204
-0.0797,0.0204
-0.0797,0.0204
-0.0796,0.0204
-0.0796,0.0204
-0.0795,0.0204
-0.0795,0.0204
-0.0794,0.0204
0.0299
0.0572
0.1526
0.1717
0.2013
0.2111
0.3484
0.3504
0.3632
0.3919
0.4162
0.4180
0.4235
0.4379
0.4387
0.4502
0.4583
0.4637
0.4692
0.4696
0.4802
0.4837
0.5065
0.5136
0.5172
0.5236
0.5336
0.5341
0.5399
0.5515
0.5566
0.5584
0.5607
0.5754
0.5865
0.5937
0.5937
0.6016
0.6063
0.6091
0.6094
0.6174
0.6230
0.6246
0.6249
0.6280
0.6290
0.6291
0.6323
0.6463
0.6552
0.6554
0.6563
0.6585
0.6610
0.6616
0.6669
0.6694
0.6765
0.6790
0.6806
0.6850
0.6967
0.6989
0.6996
0.7038
0.7046
0.7056
0.7073
0.7102
0.7120
0.7162
0.7199
0.7249
0.7297
0.7330
0.7403
0.7410
0.7442
0.7457
0.7477
0.7548
0.7569
0.7607
0.7783
0.7807
0.7811
0.7816
0.7875
0.7893
0.7940
0.7943
0.7958
0.8013
0.8054
0.8057
0.8101
0.8116
0.8209
0.8223
0.8229
0.8256
0.8260
0.8366
0.8379
0.8432
0.8505
0.8516
0.8536
0.8546
0.8580
0.8611
0.8616
0.8631
0.8636
0.8659
0.8680
0.8714
0.8719
0.8745
0.8747
0.8750
0.8842
0.8874
0.8935
0.8938
0.8973
0.8995
0.9016
0.9036
0.9036
0.9041
0.9049
0.9061
0.9098
0.9102
0.9124
0.9135
0.9141
0.9186
0.9230
0.9253
0.9269
0.9270
0.9311
0.9348
0.9357
0.9392
0.9432
0.9456
0.9457
0.9463
0.9468
0.9482
0.9487
0.9489
0.9517
0.9519
0.9522
0.9550
0.9552
0.9597
0.9610
0.9629
0.9648
0.9674
0.9710
0.9742
0.9748
0.9770
0.9785
0.9814
0.9816
0.9819
0.9828
0.9842
0.9947
0.9986
0.9990
1.0003
1.0035
1.0050
1.0051
1.0061
1.0068
1.0079
1.0083
1.0085
1.0133
1.0139
1.0192
1.0200
1.0228
1.0249
1.0256
1.0283
1.0331
1.0343
1.0353
1.0368
1.0380
1.0403
1.0436
1.0440
1.0458
1.0460
1.0469
1.0496
1.0508
1.0524
1.0531
1.0544
1.0603
1.0621
1.0639
1.0654
1.0663
1.0663
1.0663
1.0678
1.0688
1.0702
1.0726
1.0729
1.0746
1.0769
1.0798
1.0803
1.0831
1.0860
1.0884
1.0919
1.0937
1.0956
1.0976
1.0979
1.0988
1.1002
1.1017
1.1100
1.1114
1.1159
1.1163
1.1170
1.1172
1.1192
1.1194
1.1203
1.1216
1.1239
1.1242
1.1268
1.1276
1.1294
1.1310
1.1377
1.1407
1.1442
1.1451
1.1474
1.1476
1.1486
1.1488
1.1503
1.1515
1.1520
1.1523
1.1534
1.1559
1.1562
1.1629
1.1629
1.1657
1.1675
1.1680
1.1787
1.1795
1.1800
1.1820
1.1821
1.1838
1.1847
1.1855
1.1857
1.1859
1.1862
1.1883
1.1948
1.1958
1.1961
1.1982
1.2035
1.2048
1.2051
1.2108
1.2113
1.2126
1.2145
1.2153
1.2157
1.2182
1.2197
1.2251
1.2253
1.2275
1.2300
1.2306
1.2306
1.2330
1.2331
1.2377
1.2401
1.2409
1.2412
1.2413
1.2440
1.2467
1.2476
1.2486
1.2498
1.2501
1.2503
1.2541
1.2557
1.2567
1.2608
1.2617
1.2655
1.2669
1.2676
1.2681
1.2700
1.2730
1.2793
1.2828
1.2844
1.2845
1.2849
1.2852
1.2856
1.2877
1.2923
1.2923
1.2951
1.2977
1.3008
1.3008
1.3013
1.3042
1.3046
1.3071
1.3077
1.3114
1.3160
1.3190
1.3197
1.3216
1.3237
1.3253
1.3268
1.3277
1.3290
1.3294
1.3302
1.3325
1.3357
1.3385
1.3388
1.3407
1.3419
1.3435
1.3500
1.3505
1.3513
1.3519
1.3520
1.3537
1.3539
1.3549
1.3563
1.3574
1.3574
1.3586
1.3587
1.3601
1.3601
1.3602
1.3617
1.3619
1.3624
1.3663
1.3671
1.3708
1.3715
1.3730
1.3760
1.3768
1.3785
1.3799
1.3801
1.3824
1.3835
1.3850
1.3879
1.3907
1.3913
1.3916
1.3933
1.3940
1.3965
1.3971
1.4000
1.4015
1.4022
1.4035
1.4041
1.4049
1.4084
1.4091
1.4103
1.4122
1.4127
1.4130
1.4131
1.4134
1.4139
1.4146
1.4148
1.4181
1.4188
1.4219
1.4254
1.4279
1.4302
1.4329
1.4338
1.4410
1.4420
1.4454
1.4460
1.4499
1.4518
1.4529
1.4534
1.4536
1.4574
1.4594
1.4600
1.4621
1.4672
1.4687
1.4712
1.4731
1.4743
1.4757
1.4788
1.4793
1.4813
1.4822
1.4843
1.4844
1.4852
1.4888
1.4911
1.4921
1.4954
1.4977
1.4994
1.5064
1.5092
1.5097
1.5098
1.5125
1.5126
1.5133
1.5152
1.5166
1.5169
1.5170
1.5185
1.5211
1.5220
1.5230
1.5265
1.5272
1.5279
1.5288
1.5289
1.5300
1.5311
1.5351
1.5378
1.5390
1.5400
1.5419
1.5432
1.5441
1.5465
1.5469
1.5487
1.5490
1.5495
1.5509
1.5526
1.5529
1.5558
1.5564
1.5572
1.5606
1.5618
1.5622
1.5630
1.5633
1.5637
1.5646
1.5657
1.5685
1.5716
1.5727
1.5736
1.5753
1.5780
1.5807
1.5811
1.5817
1.5819
1.5822
1.5823
1.5824
1.5827
1.5839
1.5849
1.5863
1.5868
1.5869
1.5884
1.5890
1.5923
1.5927
1.5955
1.5979
1.6009
1.6015
1.6049
1.6056
1.6063
1.6097
1.6101
1.6105
1.6125
1.6144
1.6144
1.6161
1.6186
1.6189
1.6206
1.6212
1.6228
1.6253
1.6254
1.6262
1.6288
1.6307
1.6313
1.6328
1.6353
1.6353
1.6354
1.6378
1.6383
1.6407
1.6417
1.6487
1.6506
1.6512
1.6519
1.6542
1.6548
1.6581
1.6597
1.6623
1.6631
1.6663
1.6674
1.6679
1.6718
1.6732
1.6755
1.6796
1.6800
1.6827
1.6831
1.6834
1.6845
1.6877
1.6888
1.6892
1.6894
1.6910
1.6918
1.6938
1.6954
1.6965
1.6984
1.6986
1.6994
1.7029
1.7029
1.7035
1.7049
1.7062
1.7111
1.7171
1.7197
1.7211
1.7265
1.7273
1.7295
1.7295
1.7296
1.7298
1.7303
1.7307
1.7318
1.7339
1.7341
1.7360
1.7363
1.7393
1.7399
1.7451
1.7454
1.7493
1.7496
1.7506
1.7512
1.7518
1.7536
1.7552
1.7560
1.7590
1.7600
1.7602
1.7603
1.7605
1.7631
1.7637
1.7658
1.7664
1.7678
1.7702
1.7704
1.7725
1.7745
1.7756
1.7760
1.7783
1.7819
1.7822
1.7839
1.7867
1.7908
1.7930
1.7930
1.7937
1.7941
1.7957
1.7973
1.8016
1.8021
1.8025
1.8042
1.8045
1.8057
1.8060
1.8064
1.8065
1.8069
1.8077
1.8080
1.8092
1.8107
1.8109
1.8123
1.8152
1.8154
1.8159
1.8194
1.8231
1.8257
1.8262
1.8276
1.8282
1.8290
1.8292
1.8323
1.8326
1.8343
1.8403
1.8421
1.8436
1.8473
1.8476
1.8489
1.8507
1.8545
1.8548
1.8554
1.8555
1.8558
1.8576
1.8595
1.8606
1.8656
1.8656
1.8674
1.8688
1.8701
1.8741
1.8746
1.8747
1.8757
1.8820
1.8837
1.8873
1.8890
1.8905
1.8924
1.8936
1.8965
1.8971
1.8974
1.8985
1.9044
1.9071
1.9083
1.9098
1.9100
1.9119
1.9139
1.9149
1.9199
1.9202
1.9222
1.9233
1.9258
1.9268
1.9279
1.9281
1.9296
1.9318
1.9357
1.9372
1.9393
1.9450
1.9490
1.9496
1.9509
1.9521
1.9579
1.9604
1.9613
1.9621
1.9650
1.9681
1.9681
1.9687
1.9688
1.9707
1.9718
1.9735
1.9741
1.9789
1.9795
1.9813
1.9832
1.9833
1.9837
1.9856
1.9862
1.9888
1.9897
1.9980
1.9985
1.9991
1.9994
1.9999
2.0021
2.0061
2.0081
2.0084
2.0086
2.0120
2.0126
2.0127
2.0140
2.0174
2.0210
2.0237
2.0247
2.0247
2.0274
2.0338
2.0340
2.0376
2.0413
2.0423
2.0449
2.0461
2.0474
2.0564
2.0610
2.0670
2.0714
2.0734
2.0767
2.0775
2.0779
2.0795
2.0799
2.0803
2.0823
2.0953
2.0994
2.1026
2.1042
2.1049
2.1052
2.1076
2.1088
2.1092
2.1123
2.1195
2.1205
2.1222
2.1232
2.1235
2.1242
2.1344
2.1378
2.1379
2.1404
2.1404
2.1429
2.1435
2.1442
2.1486
2.1524
2.1532
2.1567
2.1590
2.1592
2.1605
2.1668
2.1718
2.1745
2.1749
2.1755
2.1796
2.1845
2.1894
2.1896
2.1930
2.1938
2.1995
2.2055
2.2090
2.2145
2.2157
2.2172
2.2221
2.2268
2.2282
2.2291
2.2302
2.2377
2.2378
2.2431
2.2445
2.2471
2.2484
2.2489
2.2492
2.2509
2.2555
2.2695
2.2831
2.2867
2.2917
2.2966
2.2987
2.3042
2.3043
2.3056
2.3126
2.3198
2.3208
2.3237
2.3246
2.3337
2.3390
2.3471
2.3584
2.3614
2.3621
2.3662
2.3678
2.3782
2.3784
2.3790
2.3797
2.3811
2.3840
2.3855
2.3900
2.3945
2.3971
2.4005
2.4083
2.4178
2.4296
2.4325
2.4449
2.4536
2.4607
2.4612
2.4706
2.4788
2.4865
2.4873
2.5052
2.5065
2.5245
2.5246
2.5283
2.5304
2.5457
2.5519
2.5604
2.5634
2.5649
2.5649
2.5666
2.5717
2.5758
2.5774
2.5853
2.5931
2.5961
2.5987
2.6019
2.6062
2.6067
2.6081
2.6132
2.6396
2.6412
2.6429
2.6434
2.6491
2.6652
2.6737
2.6937
2.6990
2.7120
2.7281
2.7308
2.7557
2.7637
2.7751
2.7809
2.7884
2.7897
2.7960
2.7997
2.8210
2.8503
2.8646
2.8713
2.8823
2.8890
2.8973
2.9034
2.9085
2.9227
2.9231
3.0139
3.0164
3.0204
3.0290
3.0389
3.0501
3.1354
3.1886
3.2704
3.3714
3.3903
3.5172
3.5205
3.6419
