1000
1000
-1.7371,0.2057
-1.6459,0.2039
-1.4231,0.1592
-1.2719,0.1500
-1.1601,0.1450
-1.0729,0.1399
-1.0028,0.1358
-0.9458,0.1334
-0.8976,0.1315
-0.8565,0.1297
-0.8207,0.1278
-0.7889,0.1257
-0.7604,0.1234
-0.7346,0.1211
-0.7112,0.1189
-0.6901,0.1172
-0.6709,0.1155
-0.6532,0.1141
-0.6368,0.1126
-0.6217,0.1112
-0.6075,0.1098
-0.5943,0.1086
-0.5820,0.1074
-0.5704,0.1063
-0.5594,0.1052
-0.5490,0.1040
-0.5391,0.1029
-0.5297,0.1018
-0.5207,0.1006
-0.5122,0.0995
-0.5040,0.0985
-0.4963,0.0975
-0.4889,0.0965
-0.4818,0.0956
-0.4750,0.0946
-0.4685,0.0937
-0.4621,0.0927
-0.4560,0.0918
-0.4502,0.0909
-0.4446,0.0900
-0.4391,0.0892
-0.4339,0.0884
-0.4288,0.0875
-0.4239,0.0867
-0.4191,0.0859
-0.4144,0.0851
-0.4100,0.0843
-0.4056,0.0836
-0.4014,0.0829
-0.3973,0.0822
-0.3933,0.0816
-0.3894,0.0809
-0.3856,0.0803
-0.3820,0.0796
-0.3784,0.0790
-0.3750,0.0784
-0.3716,0.0778
-0.3683,0.0772
-0.3651,0.0766
-0.3619,0.0760
-0.3589,0.0755
-0.3559,0.0749
-0.3530,0.0744
-0.3501,0.0738
-0.3474,0.0733
-0.3446,0.0728
-0.3420,0.0723
-0.3394,0.0718
-0.3368,0.0713
-0.3343,0.0708
-0.3319,0.0704
-0.3295,0.0699
-0.3271,0.0694
-0.3248,0.0690
-0.3225,0.0685
-0.3203,0.0681
-0.3181,0.0676
-0.3160,0.0672
-0.3139,0.0668
-0.3118,0.0664
-0.3098,0.0660
-0.3078,0.0656
-0.3058,0.0652
-0.3039,0.0649
-0.3021,0.0645
-0.3002,0.0642
-0.2984,0.0639
-0.2967,0.0635
-0.2949,0.0632
-0.2932,0.0629
-0.2915,0.0626
-0.2899,0.0623
-0.2882,0.0619
-0.2866,0.0617
-0.2850,0.0614
-0.2835,0.0611
-0.2820,0.0608
-0.2805,0.0605
-0.2790,0.0603
-0.2775,0.0600
-0.2761,0.0597
-0.2747,0.0595
-0.2733,0.0592
-0.2719,0.0590
-0.2705,0.0587
-0.2692,0.0585
-0.2679,0.0583
-0.2666,0.0580
-0.2653,0.0578
-0.2640,0.0576
-0.2628,0.0574
-0.2616,0.0571
-0.2604,0.0569
-0.2592,0.0567
-0.2580,0.0565
-0.2568,0.0563
-0.2557,0.0561
-0.2546,0.0559
-0.2535,0.0557
-0.2524,0.0555
-0.2513,0.0553
-0.2502,0.0552
-0.2491,0.0550
-0.2481,0.0548
-0.2471,0.0546
-0.2460,0.0544
-0.2450,0.0542
-0.2440,0.0540
-0.2430,0.0538
-0.2421,0.0536
-0.2411,0.0535
-0.2401,0.0533
-0.2392,0.0531
-0.2382,0.0529
-0.2373,0.0527
-0.2364,0.0526
-0.2355,0.0524
-0.2346,0.0522
-0.2337,0.0521
-0.2328,0.0519
-0.2320,0.0517
-0.2311,0.0516
-0.2302,0.0514
-0.2294,0.0512
-0.2286,0.0511
-0.2277,0.0509
-0.2269,0.0508
-0.2261,0.0506
-0.2253,0.0505
-0.2245,0.0503
-0.2237,0.0502
-0.2230,0.0500
-0.2222,0.0499
-0.2214,0.0498
-0.2207,0.0496
-0.2199,0.0495
-0.2192,0.0493
-0.2185,0.0492
-0.2177,0.0491
-0.2170,0.0489
-0.2163,0.0488
-0.2156,0.0487
-0.2149,0.0485
-0.2142,0.0484
-0.2135,0.0483
-0.2128,0.0481
-0.2121,0.0480
-0.2115,0.0479
-0.2108,0.0477
-0.2102,0.0476
-0.2095,0.0475
-0.2089,0.0474
-0.2082,0.0472
-0.2076,0.0471
-0.2069,0.0470
-0.2063,0.0469
-0.2057,0.0467
-0.2051,0.0466
-0.2045,0.0465
-0.2038,0.0464
-0.2032,0.0462
-0.2026,0.0461
-0.2020,0.0460
-0.2015,0.0459
-0.2009,0.0458
-0.2003,0.0456
-0.1997,0.0455
-0.1991,0.0454
-0.1986,0.0453
-0.1980,0.0452
-0.1975,0.0451
-0.1969,0.0450
-0.1964,0.0448
-0.1958,0.0447
-0.1953,0.0446
-0.1947,0.0445
-0.1942,0.0444
-0.1937,0.0443
-0.1932,0.0442
-0.1927,0.0441
-0.1921,0.0440
-0.1916,0.0439
-0.1911,0.0438
-0.1906,0.0437
-0.1901,0.0436
-0.1896,0.0435
-0.1892,0.0434
-0.1887,0.0433
-0.1882,0.0432
-0.1877,0.0431
-0.1872,0.0430
-0.1868,0.0429
-0.1863,0.0428
-0.1858,0.0428
-0.1854,0.0427
-0.1849,0.0426
-0.1845,0.0425
-0.1840,0.0424
-0.1836,0.0423
-0.1831,0.0422
-0.1827,0.0421
-0.1822,0.0420
-0.1818,0.0419
-0.1814,0.0418
-0.1809,0.0418
-0.1805,0.0417
-0.1801,0.0416
-0.1797,0.0415
-0.1792,0.0414
-0.1788,0.0413
-0.1784,0.0412
-0.1780,0.0411
-0.1776,0.0410
-0.1772,0.0410
-0.1768,0.0409
-0.1764,0.0408
-0.1760,0.0407
-0.1756,0.0406
-0.1752,0.0405
-0.1748,0.0405
-0.1744,0.0404
-0.1740,0.0403
-0.1736,0.0402
-0.1733,0.0401
-0.1729,0.0401
-0.1725,0.0400
-0.1721,0.0399
-0.1718,0.0398
-0.1714,0.0398
-0.1710,0.0397
-0.1707,0.0396
-0.1703,0.0395
-0.1699,0.0395
-0.1696,0.0394
-0.1692,0.0393
-0.1689,0.0392
-0.1685,0.0392
-0.1682,0.0391
-0.1678,0.0390
-0.1675,0.0389
-0.1671,0.0389
-0.1668,0.0388
-0.1665,0.0387
-0.1661,0.0387
-0.1658,0.0386
-0.1654,0.0385
-0.1651,0.0384
-0.1648,0.0384
-0.1644,0.0383
-0.1641,0.0382
-0.1638,0.0382
-0.1635,0.0381
-0.1631,0.0380
-0.1628,0.0380
-0.1625,0.0379
-0.1622,0.0378
-0.1619,0.0378
-0.1616,0.0377
-0.1613,0.0376
-0.1609,0.0376
-0.1606,0.0375
-0.1603,0.0375
-0.1600,0.0374
-0.1597,0.0373
-0.1594,0.0373
-0.1591,0.0372
-0.1588,0.0372
-0.1585,0.0371
-0.1582,0.0370
-0.1580,0.0370
-0.1577,0.0369
-0.1574,0.0369
-0.1571,0.0368
-0.1568,0.0367
-0.1565,0.0367
-0.1562,0.0366
-0.1559,0.0366
-0.1557,0.0365
-0.1554,0.0365
-0.1551,0.0364
-0.1548,0.0364
-0.1546,0.0363
-0.1543,0.0362
-0.1540,0.0362
-0.1537,0.0361
-0.1535,0.0361
-0.1532,0.0360
-0.1529,0.0360
-0.1527,0.0359
-0.1524,0.0359
-0.1522,0.0358
-0.1519,0.0358
-0.1516,0.0357
-0.1514,0.0357
-0.1511,0.0356
-0.1509,0.0356
-0.1506,0.0355
-0.1504,0.0355
-0.1501,0.0354
-0.1499,0.0354
-0.1496,0.0353
-0.1494,0.0353
-0.1491,0.0352
-0.1489,0.0352
-0.1486,0.0351
-0.1484,0.0351
-0.1481,0.0350
-0.1479,0.0350
-0.1477,0.0349
-0.1474,0.0349
-0.1472,0.0348
-0.1469,0.0348
-0.1467,0.0347
-0.1465,0.0347
-0.1462,0.0346
-0.1460,0.0346
-0.1458,0.0345
-0.1455,0.0345
-0.1453,0.0344
-0.1451,0.0344
-0.1448,0.0343
-0.1446,0.0343
-0.1444,0.0342
-0.1442,0.0342
-0.1439,0.0341
-0.1437,0.0341
-0.1435,0.0340
-0.1433,0.0340
-0.1430,0.0339
-0.1428,0.0339
-0.1426,0.0338
-0.1424,0.0338
-0.1422,0.0337
-0.1419,0.0337
-0.1417,0.0336
-0.1415,0.0336
-0.1413,0.0335
-0.1411,0.0335
-0.1409,0.0335
-0.1407,0.0334
-0.1405,0.0334
-0.1402,0.0333
-0.1400,0.0333
-0.1398,0.0332
-0.1396,0.0332
-0.1394,0.0331
-0.1392,0.0331
-0.1390,0.0331
-0.1388,0.0330
-0.1386,0.0330
-0.1384,0.0329
-0.1382,0.0329
-0.1380,0.0328
-0.1378,0.0328
-0.1376,0.0328
-0.1374,0.0327
-0.1372,0.0327
-0.1370,0.0326
-0.1368,0.0326
-0.1366,0.0325
-0.1365,0.0325
-0.1363,0.0325
-0.1361,0.0324
-0.1359,0.0324
-0.1357,0.0324
-0.1355,0.0323
-0.1353,0.0323
-0.1351,0.0322
-0.1349,0.0322
-0.1348,0.0322
-0.1346,0.0321
-0.1344,0.0321
-0.1342,0.0320
-0.1340,0.0320
-0.1338,0.0320
-0.1337,0.0319
-0.1335,0.0319
-0.1333,0.0318
-0.1331,0.0318
-0.1329,0.0318
-0.1328,0.0317
-0.1326,0.0317
-0.1324,0.0317
-0.1322,0.0316
-0.1321,0.0316
-0.1319,0.0315
-0.1317,0.0315
-0.1315,0.0315
-0.1314,0.0314
-0.1312,0.0314
-0.1310,0.0314
-0.1309,0.0313
-0.1307,0.0313
-0.1305,0.0312
-0.1303,0.0312
-0.1302,0.0312
-0.1300,0.0311
-0.1298,0.0311
-0.1297,0.0311
-0.1295,0.0310
-0.1293,0.0310
-0.1292,0.0310
-0.1290,0.0309
-0.1289,0.0309
-0.1287,0.0309
-0.1285,0.0308
-0.1284,0.0308
-0.1282,0.0308
-0.1280,0.0307
-0.1279,0.0307
-0.1277,0.0307
-0.1276,0.0306
-0.1274,0.0306
-0.1273,0.0306
-0.1271,0.0305
-0.1269,0.0305
-0.1268,0.0304
-0.1266,0.0304
-0.1265,0.0304
-0.1263,0.0303
-0.1262,0.0303
-0.1260,0.0303
-0.1258,0.0302
-0.1257,0.0302
-0.1255,0.0302
-0.1254,0.0301
-0.1252,0.0301
-0.1251,0.0301
-0.1249,0.0300
-0.1248,0.0300
-0.1246,0.0300
-0.1245,0.0299
-0.1243,0.0299
-0.1242,0.0299
-0.1240,0.0298
-0.1239,0.0298
-0.1238,0.0298
-0.1236,0.0297
-0.1235,0.0297
-0.1233,0.0297
-0.1232,0.0296
-0.1230,0.0296
-0.1229,0.0296
-0.1227,0.0296
-0.1226,0.0295
-0.1225,0.0295
-0.1223,0.0295
-0.1222,0.0294
-0.1220,0.0294
-0.1219,0.0294
-0.1218,0.0293
-0.1216,0.0293
-0.1215,0.0293
-0.1213,0.0292
-0.1212,0.0292
-0.1211,0.0292
-0.1209,0.0291
-0.1208,0.0291
-0.1206,0.0291
-0.1205,0.0291
-0.1204,0.0290
-0.1202,0.0290
-0.1201,0.0290
-0.1200,0.0289
-0.1198,0.0289
-0.1197,0.0289
-0.1196,0.0288
-0.1194,0.0288
-0.1193,0.0288
-0.1192,0.0288
-0.1191,0.0287
-0.1189,0.0287
-0.1188,0.0287
-0.1187,0.0286
-0.1185,0.0286
-0.1184,0.0286
-0.1183,0.0286
-0.1182,0.0285
-0.1180,0.0285
-0.1179,0.0285
-0.1178,0.0285
-0.1176,0.0284
-0.1175,0.0284
-0.1174,0.0284
-0.1173,0.0283
-0.1171,0.0283
-0.1170,0.0283
-0.1169,0.0283
-0.1168,0.0282
-0.1166,0.0282
-0.1165,0.0282
-0.1164,0.0282
-0.1163,0.0281
-0.1162,0.0281
-0.1160,0.0281
-0.1159,0.0280
-0.1158,0.0280
-0.1157,0.0280
-0.1156,0.0280
-0.1154,0.0279
-0.1153,0.0279
-0.1152,0.0279
-0.1151,0.0279
-0.1150,0.0278
-0.1148,0.0278
-0.1147,0.0278
-0.1146,0.0278
-0.1145,0.0277
-0.1144,0.0277
-0.1143,0.0277
-0.1141,0.0277
-0.1140,0.0276
-0.1139,0.0276
-0.1138,0.0276
-0.1137,0.0276
-0.1136,0.0275
-0.1135,0.0275
-0.1133,0.0275
-0.1132,0.0275
-0.1131,0.0274
-0.1130,0.0274
-0.1129,0.0274
-0.1128,0.0274
-0.1127,0.0273
-0.1126,0.0273
-0.1124,0.0273
-0.1123,0.0273
-0.1122,0.0272
-0.1121,0.0272
-0.1120,0.0272
-0.1119,0.0272
-0.1118,0.0271
-0.1117,0.0271
-0.1116,0.0271
-0.1115,0.0271
-0.1113,0.0270
-0.1112,0.0270
-0.1111,0.0270
-0.1110,0.0270
-0.1109,0.0270
-0.1108,0.0269
-0.1107,0.0269
-0.1106,0.0269
-0.1105,0.0269
-0.1104,0.0268
-0.1103,0.0268
-0.1102,0.0268
-0.1101,0.0268
-0.1100,0.0267
-0.1099,0.0267
-0.1097,0.0267
-0.1096,0.0267
-0.1095,0.0266
-0.1094,0.0266
-0.1093,0.0266
-0.1092,0.0266
-0.1091,0.0265
-0.1090,0.0265
-0.1089,0.0265
-0.1088,0.0265
-0.1087,0.0265
-0.1086,0.0264
-0.1085,0.0264
-0.1084,0.0264
-0.1083,0.0264
-0.1082,0.0263
-0.1081,0.0263
-0.1080,0.0263
-0.1079,0.0263
-0.1078,0.0263
-0.1077,0.0262
-0.1076,0.0262
-0.1075,0.0262
-0.1074,0.0262
-0.1073,0.0261
-0.1072,0.0261
-0.1071,0.0261
-0.1070,0.0261
-0.1069,0.0261
-0.1068,0.0260
-0.1067,0.0260
-0.1066,0.0260
-0.1065,0.0260
-0.1065,0.0260
-0.1064,0.0259
-0.1063,0.0259
-0.1062,0.0259
-0.1061,0.0259
-0.1060,0.0258
-0.1059,0.0258
-0.1058,0.0258
-0.1057,0.0258
-0.1056,0.0258
-0.1055,0.0257
-0.1054,0.0257
-0.1053,0.0257
-0.1052,0.0257
-0.1051,0.0257
-0.1050,0.0256
-0.1049,0.0256
-0.1049,0.0256
-0.1048,0.0256
-0.1047,0.0256
-0.1046,0.0255
-0.1045,0.0255
-0.1044,0.0255
-0.1043,0.0255
-0.1042,0.0255
-0.1041,0.0254
-0.1040,0.0254
-0.1039,0.0254
-0.1039,0.0254
-0.1038,0.0253
-0.1037,0.0253
-0.1036,0.0253
-0.1035,0.0253
-0.1034,0.0253
-0.1033,0.0252
-0.1032,0.0252
-0.1031,0.0252
-0.1031,0.0252
-0.1030,0.0252
-0.1029,0.0251
-0.1028,0.0251
-0.1027,0.0251
-0.1026,0.0251
-0.1025,0.0251
-0.1024,0.0250
-0.1024,0.0250
-0.1023,0.0250
-0.1022,0.0250
-0.1021,0.0250
-0.1020,0.0249
-0.1019,0.0249
-0.1018,0.0249
-0.1018,0.0249
-0.1017,0.0249
-0.1016,0.0248
-0.1015,0.0248
-0.1014,0.0248
-0.1013,0.0248
-0.1012,0.0248
-0.1012,0.0248
-0.1011,0.0247
-0.1010,0.0247
-0.1009,0.0247
-0.1008,0.0247
-0.1007,0.0247
-0.1007,0.0246
-0.1006,0.0246
-0.1005,0.0246
-0.1004,0.0246
-0.1003,0.0246
-0.1002,0.0245
-0.1002,0.0245
-0.1001,0.0245
-0.1000,0.0245
-0.0999,0.0245
-0.0998,0.0244
-0.0998,0.0244
-0.0997,0.0244
-0.0996,0.0244
-0.0995,0.0244
-0.0994,0.0244
-0.0994,0.0243
-0.0993,0.0243
-0.0992,0.0243
-0.0991,0.0243
-0.0990,0.0243
-0.0990,0.0242
-0.0989,0.0242
-0.0988,0.0242
-0.0987,0.0242
-0.0986,0.0242
-0.0986,0.0242
-0.0985,0.0241
-0.0984,0.0241
-0.0983,0.0241
-0.0982,0.0241
-0.0982,0.0241
-0.0981,0.0241
-0.0980,0.0240
-0.0979,0.0240
-0.0979,0.0240
-0.0978,0.0240
-0.0977,0.0240
-0.0976,0.0239
-0.0976,0.0239
-0.0975,0.0239
-0.0974,0.0239
-0.0973,0.0239
-0.0973,0.0239
-0.0972,0.0238
-0.0971,0.0238
-0.0970,0.0238
-0.0969,0.0238
-0.0969,0.0238
-0.0968,0.0238
-0.0967,0.0237
-0.0967,0.0237
-0.0966,0.0237
-0.0965,0.0237
-0.0964,0.0237
-0.0964,0.0237
-0.0963,0.0236
-0.0962,0.0236
-0.0961,0.0236
-0.0961,0.0236
-0.0960,0.0236
-0.0959,0.0236
-0.0958,0.0235
-0.0958,0.0235
-0.0957,0.0235
-0.0956,0.0235
-0.0956,0.0235
-0.0955,0.0235
-0.0954,0.0234
-0.0953,0.0234
-0.0953,0.0234
-0.0952,0.0234
-0.0951,0.0234
-0.0951,0.0234
-0.0950,0.0233
-0.0949,0.0233
-0.0948,0.0233
-0.0948,0.0233
-0.0947,0.0233
-0.0946,0.0233
-0.0946,0.0233
-0.0945,0.0232
-0.0944,0.0232
-0.0944,0.0232
-0.0943,0.0232
-0.0942,0.0232
-0.0941,0.0232
-0.0941,0.0231
-0.0940,0.0231
-0.0939,0.0231
-0.0939,0.0231
-0.0938,0.0231
-0.0937,0.0231
-0.0937,0.0230
-0.0936,0.0230
-0.0935,0.0230
-0.0935,0.0230
-0.0934,0.0230
-0.0933,0.0230
-0.0933,0.0230
-0.0932,0.0229
-0.0931,0.0229
-0.0931,0.0229
-0.0930,0.0229
-0.0929,0.0229
-0.0929,0.0229
-0.0928,0.0229
-0.0927,0.0228
-0.0927,0.0228
-0.0926,0.0228
-0.0925,0.0228
-0.0925,0.0228
-0.0924,0.0228
-0.0923,0.0227
-0.0923,0.0227
-0.0922,0.0227
-0.0921,0.0227
-0.0921,0.0227
-0.0920,0.0227
-0.0920,0.0227
-0.0919,0.0226
-0.0918,0.0226
-0.0918,0.0226
-0.0917,0.0226
-0.0916,0.0226
-0.0916,0.0226
-0.0915,0.0226
-0.0914,0.0225
-0.0914,0.0225
-0.0913,0.0225
-0.0912,0.0225
-0.0912,0.0225
-0.0911,0.0225
-0.0911,0.0225
-0.0910,0.0224
-0.0909,0.0224
-0.0909,0.0224
-0.0908,0.0224
-0.0907,0.0224
-0.0907,0.0224
-0.0906,0.0224
-0.0906,0.0223
-0.0905,0.0223
-0.0904,0.0223
-0.0904,0.0223
-0.0903,0.0223
-0.0903,0.0223
-0.0902,0.0223
-0.0901,0.0223
-0.0901,0.0222
-0.0900,0.0222
-0.0900,0.0222
-0.0899,0.0222
-0.0898,0.0222
-0.0898,0.0222
-0.0897,0.0222
-0.0897,0.0221
-0.0896,0.0221
-0.0895,0.0221
-0.0895,0.0221
-0.0894,0.0221
-0.0894,0.0221
-0.0893,0.0221
-0.0892,0.0220
-0.0892,0.0220
-0.0891,0.0220
-0.0891,0.0220
-0.0890,0.0220
-0.0889,0.0220
-0.0889,0.0220
-0.0888,0.0219
-0.0888,0.0219
-0.0887,0.0219
-0.0886,0.0219
-0.0886,0.0219
-0.0885,0.0219
-0.0885,0.0219
-0.0884,0.0218
-0.0883,0.0218
-0.0883,0.0218
-0.0882,0.0218
-0.0882,0.0218
-0.0881,0.0218
-0.0881,0.0218
-0.0880,0.0218
-0.0879,0.0217
-0.0879,0.0217
-0.0878,0.0217
-0.0878,0.0217
-0.0877,0.0217
-0.0877,0.0217
-0.0876,0.0217
-0.0875,0.0216
-0.0875,0.0216
-0.0874,0.0216
-0.0874,0.0216
-0.0873,0.0216
-0.0873,0.0216
-0.0872,0.0216
-0.0872,0.0216
-0.0871,0.0215
-0.0870,0.0215
-0.0870,0.0215
-0.0869,0.0215
-0.0869,0.0215
-0.0868,0.0215
-0.0868,0.0215
-0.0867,0.0214
-0.0867,0.0214
-0.0866,0.0214
-0.0865,0.0214
-0.0865,0.0214
-0.0864,0.0214
-0.0864,0.0214
-0.0863,0.0214
-0.0863,0.0213
-0.0862,0.0213
-0.0862,0.0213
-0.0861,0.0213
-0.0861,0.0213
-0.0860,0.0213
-0.0860,0.0213
-0.0859,0.0213
-0.0858,0.0212
-0.0858,0.0212
-0.0857,0.0212
-0.0857,0.0212
-0.0856,0.0212
-0.0856,0.0212
-0.0855,0.0212
-0.0855,0.0212
-0.0854,0.0211
-0.0854,0.0211
-0.0853,0.0211
-0.0853,0.0211
-0.0852,0.0211
-0.0852,0.0211
-0.0851,0.0211
-0.0851,0.0211
-0.0850,0.0210
-0.0850,0.0210
-0.0849,0.0210
-0.0848,0.0210
-0.0848,0.0210
-0.0847,0.0210
-0.0847,0.0210
-0.0846,0.0210
-0.0846,0.0209
-0.0845,0.0209
-0.0845,0.0209
-0.0844,0.0209
-0.0844,0.0209
-0.0843,0.0209
-0.0843,0.0209
-0.0842,0.0209
-0.0842,0.0208
-0.0841,0.0208
-0.0841,0.0208
-0.0840,0.0208
-0.0840,0.0208
-0.0839,0.0208
-0.0839,0.0208
-0.0838,0.0208
-0.0838,0.0207
-0.0837,0.0207
-0.0837,0.0207
-0.0836,0.0207
-0.0836,0.0207
-0.0835,0.0207
-0.0835,0.0207
-0.0834,0.0207
-0.0834,0.0206
-0.0833,0.0206
-0.0833,0.0206
-0.0832,0.0206
-0.0832,0.0206
-0.0831,0.0206
-0.0831,0.0206
-0.0830,0.0206
-0.0830,0.0206
-0.0829,0.0205
-0.0829,0.0205
-0.0828,0.0205
-0.0828,0.0205
-0.0828,0.0205
-0.0827,0.0205
-0.0827,0.0205
-0.0826,0.0205
-0.0826,0.0205
-0.0825,0.0204
-0.0825,0.0204
-0.0824,0.0204
-0.0824,0.0204
-0.0823,0.0204
-0.0823,0.0204
-0.0822,0.0204
-0.0822,0.0204
-0.0821,0.0203
-0.0821,0.0203
-0.0820,0.0203
-0.0820,0.0203
-0.0819,0.0203
-0.0819,0.0203
-0.0819,0.0203
-0.0818,0.0203
-0.0818,0.0203
-0.0817,0.0203
-0.0817,0.0202
-0.0816,0.0202
-0.0816,0.0202
-0.0815,0.0202
-0.0815,0.0202
-0.0814,0.0202
-0.0814,0.0202
-0.0813,0.0202
-0.0813,0.0202
-0.0813,0.0201
-0.0812,0.0201
-0.0812,0.0201
-0.0811,0.0201
-0.0811,0.0201
-0.0810,0.0201
-0.0810,0.0201
-0.0809,0.0201
-0.0809,0.0201
-0.0808,0.0200
-0.0808,0.0200
-0.0808,0.0200
-0.0807,0.0200
-0.0807,0.0200
-0.0806,0.0200
-0.0806,0.0200
0.0296
0.1795
0.2313
0.3025
0.3257
0.3321
0.3521
0.4147
0.4202
0.4531
0.4568
0.4838
0.4850
0.4852
0.5073
0.5087
0.5290
0.5470
0.5563
0.5699
0.5700
0.5809
0.5929
0.5976
0.5991
0.6055
0.6176
0.6314
0.6328
0.6342
0.6386
0.6438
0.6456
0.6487
0.6516
0.6520
0.6601
0.6639
0.6681
0.6723
0.6862
0.6889
0.6911
0.6927
0.6982
0.6984
0.7025
0.7052
0.7062
0.7075
0.7086
0.7125
0.7131
0.7132
0.7238
0.7310
0.7326
0.7328
0.7378
0.7397
0.7446
0.7552
0.7569
0.7595
0.7621
0.7622
0.7654
0.7694
0.7714
0.7747
0.7785
0.7821
0.7860
0.8039
0.8073
0.8092
0.8159
0.8271
0.8280
0.8299
0.8347
0.8358
0.8359
0.8361
0.8375
0.8421
0.8444
0.8459
0.8527
0.8603
0.8611
0.8638
0.8642
0.8645
0.8658
0.8676
0.8736
0.8740
0.8744
0.8757
0.8788
0.8793
0.8825
0.8841
0.8857
0.8937
0.8947
0.9009
0.9030
0.9072
0.9082
0.9102
0.9106
0.9108
0.9132
0.9136
0.9145
0.9180
0.9182
0.9201
0.9202
0.9204
0.9208
0.9213
0.9213
0.9221
0.9246
0.9285
0.9301
0.9322
0.9322
0.9354
0.9361
0.9362
0.9389
0.9395
0.9401
0.9425
0.9440
0.9489
0.9509
0.9538
0.9540
0.9575
0.9595
0.9607
0.9608
0.9631
0.9644
0.9669
0.9708
0.9709
0.9737
0.9751
0.9856
0.9895
0.9896
0.9909
0.9916
0.9944
0.9966
0.9981
1.0016
1.0064
1.0082
1.0084
1.0086
1.0104
1.0142
1.0152
1.0156
1.0180
1.0194
1.0218
1.0219
1.0226
1.0249
1.0250
1.0259
1.0295
1.0332
1.0359
1.0364
1.0365
1.0389
1.0393
1.0445
1.0454
1.0482
1.0488
1.0550
1.0573
1.0579
1.0641
1.0677
1.0682
1.0714
1.0726
1.0743
1.0759
1.0767
1.0793
1.0809
1.0814
1.0828
1.0843
1.0843
1.0869
1.0872
1.0887
1.0899
1.0910
1.0929
1.0932
1.0963
1.0979
1.0980
1.0986
1.1004
1.1016
1.1101
1.1133
1.1157
1.1165
1.1170
1.1202
1.1206
1.1232
1.1291
1.1299
1.1326
1.1326
1.1327
1.1328
1.1348
1.1385
1.1477
1.1479
1.1484
1.1486
1.1521
1.1531
1.1533
1.1543
1.1564
1.1576
1.1603
1.1627
1.1637
1.1646
1.1665
1.1670
1.1701
1.1725
1.1727
1.1742
1.1749
1.1788
1.1788
1.1811
1.1836
1.1843
1.1853
1.1860
1.1864
1.1889
1.1927
1.1957
1.1958
1.1964
1.1981
1.1989
1.1992
1.2022
1.2029
1.2031
1.2033
1.2046
1.2068
1.2091
1.2135
1.2151
1.2153
1.2189
1.2218
1.2275
1.2287
1.2298
1.2315
1.2362
1.2409
1.2422
1.2447
1.2477
1.2487
1.2534
1.2562
1.2591
1.2634
1.2636
1.2642
1.2644
1.2645
1.2645
1.2704
1.2707
1.2718
1.2720
1.2721
1.2728
1.2733
1.2770
1.2791
1.2802
1.2827
1.2846
1.2861
1.2887
1.2888
1.2893
1.2909
1.2966
1.3020
1.3031
1.3037
1.3048
1.3072
1.3074
1.3078
1.3080
1.3082
1.3089
1.3140
1.3155
1.3187
1.3216
1.3222
1.3224
1.3239
1.3261
1.3293
1.3311
1.3322
1.3368
1.3403
1.3407
1.3417
1.3442
1.3451
1.3452
1.3454
1.3466
1.3497
1.3499
1.3512
1.3520
1.3534
1.3548
1.3555
1.3564
1.3584
1.3588
1.3593
1.3599
1.3599
1.3635
1.3656
1.3663
1.3672
1.3677
1.3703
1.3704
1.3731
1.3737
1.3745
1.3760
1.3768
1.3789
1.3843
1.3862
1.3879
1.3889
1.3908
1.3924
1.3958
1.3964
1.3965
1.4034
1.4034
1.4034
1.4063
1.4063
1.4093
1.4100
1.4116
1.4125
1.4141
1.4191
1.4193
1.4210
1.4238
1.4240
1.4289
1.4299
1.4313
1.4314
1.4350
1.4383
1.4390
1.4394
1.4399
1.4400
1.4402
1.4440
1.4459
1.4461
1.4492
1.4502
1.4502
1.4505
1.4518
1.4542
1.4548
1.4553
1.4584
1.4597
1.4629
1.4632
1.4635
1.4656
1.4691
1.4705
1.4711
1.4712
1.4721
1.4752
1.4757
1.4758
1.4770
1.4773
1.4836
1.4838
1.4851
1.4862
1.4865
1.4866
1.4911
1.4916
1.4926
1.4941
1.4953
1.4965
1.4991
1.5004
1.5012
1.5017
1.5037
1.5041
1.5064
1.5071
1.5103
1.5129
1.5135
1.5145
1.5151
1.5158
1.5182
1.5190
1.5195
1.5226
1.5237
1.5254
1.5259
1.5273
1.5280
1.5293
1.5295
1.5301
1.5301
1.5303
1.5323
1.5343
1.5394
1.5401
1.5405
1.5418
1.5423
1.5435
1.5475
1.5508
1.5523
1.5525
1.5560
1.5580
1.5585
1.5587
1.5597
1.5602
1.5615
1.5623
1.5630
1.5648
1.5676
1.5681
1.5691
1.5700
1.5744
1.5838
1.5850
1.5851
1.5857
1.5869
1.5884
1.5889
1.5922
1.5955
1.5984
1.5996
1.6000
1.6016
1.6060
1.6142
1.6156
1.6173
1.6191
1.6192
1.6215
1.6222
1.6225
1.6231
1.6269
1.6272
1.6289
1.6313
1.6314
1.6315
1.6322
1.6324
1.6325
1.6333
1.6362
1.6365
1.6381
1.6388
1.6399
1.6451
1.6453
1.6453
1.6457
1.6467
1.6472
1.6492
1.6511
1.6550
1.6553
1.6579
1.6590
1.6602
1.6609
1.6611
1.6612
1.6619
1.6627
1.6670
1.6671
1.6676
1.6679
1.6717
1.6720
1.6725
1.6791
1.6809
1.6812
1.6822
1.6828
1.6835
1.6836
1.6856
1.6859
1.6876
1.6882
1.6921
1.6930
1.6935
1.6970
1.6973
1.6974
1.6986
1.7011
1.7014
1.7036
1.7044
1.7052
1.7056
1.7111
1.7131
1.7134
1.7161
1.7184
1.7188
1.7189
1.7189
1.7199
1.7199
1.7202
1.7207
1.7223
1.7262
1.7269
1.7271
1.7278
1.7280
1.7293
1.7313
1.7351
1.7415
1.7426
1.7428
1.7434
1.7449
1.7454
1.7463
1.7466
1.7475
1.7479
1.7484
1.7490
1.7495
1.7497
1.7505
1.7522
1.7535
1.7568
1.7598
1.7614
1.7697
1.7712
1.7725
1.7738
1.7756
1.7761
1.7779
1.7780
1.7782
1.7789
1.7796
1.7802
1.7862
1.7904
1.7917
1.7923
1.7924
1.7940
1.7951
1.7978
1.8040
1.8118
1.8122
1.8147
1.8190
1.8205
1.8213
1.8235
1.8237
1.8266
1.8267
1.8282
1.8289
1.8299
1.8308
1.8316
1.8317
1.8333
1.8374
1.8381
1.8389
1.8399
1.8417
1.8464
1.8472
1.8496
1.8499
1.8514
1.8529
1.8543
1.8554
1.8594
1.8599
1.8635
1.8657
1.8661
1.8707
1.8736
1.8782
1.8797
1.8821
1.8842
1.8846
1.8858
1.8870
1.8888
1.8950
1.8965
1.9015
1.9025
1.9035
1.9043
1.9051
1.9055
1.9081
1.9114
1.9122
1.9153
1.9160
1.9169
1.9177
1.9178
1.9197
1.9225
1.9230
1.9293
1.9303
1.9329
1.9339
1.9364
1.9378
1.9406
1.9418
1.9423
1.9469
1.9479
1.9484
1.9492
1.9496
1.9504
1.9580
1.9598
1.9614
1.9650
1.9656
1.9666
1.9692
1.9707
1.9712
1.9760
1.9796
1.9810
1.9821
1.9855
1.9902
1.9951
1.9962
2.0001
2.0011
2.0021
2.0031
2.0060
2.0082
2.0111
2.0144
2.0167
2.0195
2.0205
2.0206
2.0287
2.0308
2.0325
2.0350
2.0358
2.0378
2.0384
2.0459
2.0463
2.0480
2.0488
2.0524
2.0564
2.0565
2.0591
2.0592
2.0595
2.0596
2.0597
2.0631
2.0637
2.0644
2.0649
2.0710
2.0711
2.0726
2.0766
2.0776
2.0803
2.0814
2.0816
2.0833
2.0925
2.0931
2.0932
2.0939
2.0944
2.0944
2.1015
2.1017
2.1050
2.1050
2.1050
2.1052
2.1054
2.1068
2.1115
2.1116
2.1119
2.1123
2.1136
2.1136
2.1142
2.1154
2.1169
2.1210
2.1242
2.1266
2.1281
2.1324
2.1362
2.1369
2.1402
2.1465
2.1476
2.1490
2.1500
2.1506
2.1512
2.1550
2.1557
2.1597
2.1605
2.1647
2.1823
2.1835
2.1852
2.1855
2.1857
2.1872
2.1920
2.2140
2.2163
2.2255
2.2255
2.2256
2.2285
2.2286
2.2296
2.2313
2.2316
2.2335
2.2401
2.2409
2.2428
2.2434
2.2448
2.2460
2.2467
2.2482
2.2500
2.2501
2.2513
2.2609
2.2649
2.2680
2.2709
2.2744
2.2745
2.2758
2.2781
2.2794
2.2847
2.2859
2.2920
2.2945
2.2976
2.2999
2.3016
2.3046
2.3074
2.3099
2.3159
2.3160
2.3182
2.3231
2.3256
2.3345
2.3385
2.3410
2.3468
2.3498
2.3552
2.3566
2.3581
2.3591
2.3611
2.3641
2.3648
2.3679
2.3680
2.3685
2.3733
2.3740
2.3757
2.3776
2.3817
2.3834
2.3891
2.3920
2.3929
2.3934
2.3991
2.4010
2.4023
2.4206
2.4215
2.4243
2.4264
2.4299
2.4377
2.4422
2.4471
2.4495
2.4497
2.4603
2.4604
2.4636
2.4744
2.4798
2.4883
2.4923
2.4931
2.4931
2.4961
2.5014
2.5097
2.5252
2.5352
2.5382
2.5408
2.5570
2.5698
2.5723
2.5757
2.5787
2.5798
2.5884
2.5924
2.6252
2.6292
2.6298
2.6311
2.6316
2.6341
2.6451
2.6529
2.6587
2.6627
2.6858
2.6869
2.6890
2.6894
2.6970
2.7002
2.7005
2.7231
2.7324
2.7412
2.7524
2.7534
2.7573
2.8019
2.8034
2.8189
2.8377
2.8379
2.8728
2.9132
2.9279
2.9292
2.9348
2.9437
2.9524
2.9559
2.9781
2.9896
3.0012
3.0142
3.0302
3.1007
3.1765
3.1867
3.2126
3.3639
3.5232
