1000
1000
-1.5450,0.1849
-1.4512,0.1823
-1.2302,0.1377
-1.0793,0.1295
-0.9705,0.1256
-0.8880,0.1244
-0.8229,0.1237
-0.7703,0.1231
-0.7263,0.1220
-0.6885,0.1205
-0.6557,0.1186
-0.6271,0.1169
-0.6016,0.1149
-0.5788,0.1127
-0.5581,0.1104
-0.5394,0.1083
-0.5223,0.1061
-0.5065,0.1039
-0.4920,0.1019
-0.4787,0.1000
-0.4663,0.0981
-0.4548,0.0964
-0.4441,0.0948
-0.4341,0.0934
-0.4248,0.0921
-0.4160,0.0908
-0.4077,0.0895
-0.3998,0.0882
-0.3923,0.0870
-0.3852,0.0858
-0.3785,0.0847
-0.3722,0.0836
-0.3661,0.0826
-0.3604,0.0816
-0.3548,0.0806
-0.3495,0.0796
-0.3444,0.0786
-0.3395,0.0777
-0.3348,0.0768
-0.3303,0.0759
-0.3259,0.0750
-0.3217,0.0742
-0.3177,0.0734
-0.3138,0.0727
-0.3100,0.0720
-0.3064,0.0713
-0.3029,0.0706
-0.2995,0.0700
-0.2962,0.0694
-0.2930,0.0688
-0.2899,0.0682
-0.2868,0.0676
-0.2839,0.0670
-0.2811,0.0665
-0.2783,0.0659
-0.2756,0.0654
-0.2730,0.0649
-0.2704,0.0644
-0.2679,0.0639
-0.2655,0.0635
-0.2631,0.0630
-0.2608,0.0626
-0.2585,0.0622
-0.2563,0.0617
-0.2542,0.0613
-0.2521,0.0609
-0.2500,0.0605
-0.2480,0.0601
-0.2460,0.0597
-0.2441,0.0593
-0.2422,0.0590
-0.2403,0.0586
-0.2385,0.0582
-0.2368,0.0579
-0.2351,0.0575
-0.2334,0.0572
-0.2317,0.0569
-0.2301,0.0566
-0.2285,0.0563
-0.2270,0.0560
-0.2254,0.0557
-0.2240,0.0554
-0.2225,0.0551
-0.2211,0.0548
-0.2196,0.0546
-0.2182,0.0543
-0.2169,0.0540
-0.2155,0.0538
-0.2142,0.0535
-0.2129,0.0532
-0.2117,0.0530
-0.2104,0.0528
-0.2092,0.0525
-0.2080,0.0523
-0.2068,0.0521
-0.2056,0.0518
-0.2045,0.0516
-0.2034,0.0514
-0.2022,0.0512
-0.2011,0.0509
-0.2001,0.0507
-0.1990,0.0505
-0.1979,0.0503
-0.1969,0.0501
-0.1959,0.0498
-0.1949,0.0496
-0.1939,0.0494
-0.1929,0.0492
-0.1919,0.0490
-0.1910,0.0488
-0.1900,0.0486
-0.1891,0.0484
-0.1882,0.0482
-0.1873,0.0480
-0.1864,0.0478
-0.1855,0.0476
-0.1847,0.0474
-0.1838,0.0473
-0.1830,0.0471
-0.1821,0.0469
-0.1813,0.0467
-0.1805,0.0465
-0.1797,0.0464
-0.1789,0.0462
-0.1781,0.0460
-0.1774,0.0458
-0.1766,0.0456
-0.1758,0.0455
-0.1751,0.0453
-0.1744,0.0451
-0.1736,0.0450
-0.1729,0.0448
-0.1722,0.0447
-0.1715,0.0445
-0.1708,0.0443
-0.1701,0.0442
-0.1694,0.0440
-0.1688,0.0439
-0.1681,0.0437
-0.1675,0.0436
-0.1668,0.0434
-0.1662,0.0433
-0.1655,0.0431
-0.1649,0.0430
-0.1643,0.0429
-0.1637,0.0427
-0.1631,0.0426
-0.1625,0.0425
-0.1619,0.0423
-0.1613,0.0422
-0.1607,0.0421
-0.1602,0.0419
-0.1596,0.0418
-0.1590,0.0417
-0.1585,0.0415
-0.1579,0.0414
-0.1574,0.0413
-0.1568,0.0411
-0.1563,0.0410
-0.1558,0.0409
-0.1552,0.0408
-0.1547,0.0407
-0.1542,0.0405
-0.1537,0.0404
-0.1532,0.0403
-0.1527,0.0402
-0.1522,0.0401
-0.1517,0.0400
-0.1512,0.0399
-0.1507,0.0398
-0.1503,0.0397
-0.1498,0.0395
-0.1493,0.0394
-0.1489,0.0393
-0.1484,0.0392
-0.1479,0.0391
-0.1475,0.0390
-0.1470,0.0389
-0.1466,0.0388
-0.1462,0.0387
-0.1457,0.0386
-0.1453,0.0385
-0.1449,0.0384
-0.1444,0.0383
-0.1440,0.0382
-0.1436,0.0381
-0.1432,0.0380
-0.1428,0.0379
-0.1424,0.0378
-0.1420,0.0377
-0.1416,0.0376
-0.1412,0.0375
-0.1408,0.0374
-0.1404,0.0373
-0.1400,0.0372
-0.1396,0.0371
-0.1392,0.0371
-0.1388,0.0370
-0.1385,0.0369
-0.1381,0.0368
-0.1377,0.0367
-0.1374,0.0366
-0.1370,0.0365
-0.1366,0.0364
-0.1363,0.0364
-0.1359,0.0363
-0.1356,0.0362
-0.1352,0.0361
-0.1349,0.0360
-0.1345,0.0359
-0.1342,0.0358
-0.1338,0.0358
-0.1335,0.0357
-0.1331,0.0356
-0.1328,0.0355
-0.1325,0.0354
-0.1321,0.0354
-0.1318,0.0353
-0.1315,0.0352
-0.1312,0.0351
-0.1308,0.0350
-0.1305,0.0350
-0.1302,0.0349
-0.1299,0.0348
-0.1296,0.0347
-0.1293,0.0347
-0.1289,0.0346
-0.1286,0.0345
-0.1283,0.0344
-0.1280,0.0343
-0.1277,0.0343
-0.1274,0.0342
-0.1271,0.0341
-0.1268,0.0341
-0.1265,0.0340
-0.1262,0.0339
-0.1259,0.0338
-0.1256,0.0338
-0.1253,0.0337
-0.1251,0.0336
-0.1248,0.0336
-0.1245,0.0335
-0.1242,0.0334
-0.1239,0.0334
-0.1236,0.0333
-0.1234,0.0332
-0.1231,0.0331
-0.1228,0.0331
-0.1225,0.0330
-0.1223,0.0329
-0.1220,0.0329
-0.1217,0.0328
-0.1215,0.0327
-0.1212,0.0327
-0.1209,0.0326
-0.1207,0.0325
-0.1204,0.0325
-0.1202,0.0324
-0.1199,0.0324
-0.1196,0.0323
-0.1194,0.0322
-0.1191,0.0322
-0.1189,0.0321
-0.1186,0.0320
-0.1184,0.0320
-0.1181,0.0319
-0.1179,0.0319
-0.1177,0.0318
-0.1174,0.0317
-0.1172,0.0317
-0.1169,0.0316
-0.1167,0.0316
-0.1164,0.0315
-0.1162,0.0314
-0.1160,0.0314
-0.1157,0.0313
-0.1155,0.0313
-0.1153,0.0312
-0.1150,0.0311
-0.1148,0.0311
-0.1146,0.0310
-0.1144,0.0310
-0.1141,0.0309
-0.1139,0.0309
-0.1137,0.0308
-0.1135,0.0307
-0.1132,0.0307
-0.1130,0.0306
-0.1128,0.0306
-0.1126,0.0305
-0.1124,0.0305
-0.1122,0.0304
-0.1119,0.0304
-0.1117,0.0303
-0.1115,0.0302
-0.1113,0.0302
-0.1111,0.0301
-0.1109,0.0301
-0.1107,0.0300
-0.1105,0.0300
-0.1103,0.0299
-0.1101,0.0299
-0.1098,0.0298
-0.1096,0.0298
-0.1094,0.0297
-0.1092,0.0297
-0.1090,0.0296
-0.1088,0.0296
-0.1086,0.0295
-0.1085,0.0295
-0.1083,0.0294
-0.1081,0.0294
-0.1079,0.0293
-0.1077,0.0293
-0.1075,0.0292
-0.1073,0.0292
-0.1071,0.0291
-0.1069,0.0291
-0.1067,0.0290
-0.1065,0.0289
-0.1063,0.0289
-0.1061,0.0288
-0.1060,0.0288
-0.1058,0.0287
-0.1056,0.0287
-0.1054,0.0286
-0.1052,0.0286
-0.1050,0.0285
-0.1048,0.0285
-0.1047,0.0284
-0.1045,0.0284
-0.1043,0.0283
-0.1041,0.0283
-0.1039,0.0282
-0.1038,0.0282
-0.1036,0.0281
-0.1034,0.0281
-0.1032,0.0280
-0.1031,0.0280
-0.1029,0.0279
-0.1027,0.0279
-0.1025,0.0278
-0.1024,0.0278
-0.1022,0.0277
-0.1020,0.0277
-0.1019,0.0276
-0.1017,0.0276
-0.1015,0.0275
-0.1013,0.0275
-0.1012,0.0274
-0.1010,0.0274
-0.1008,0.0273
-0.1007,0.0273
-0.1005,0.0272
-0.1003,0.0272
-0.1002,0.0272
-0.1000,0.0271
-0.0999,0.0271
-0.0997,0.0270
-0.0995,0.0270
-0.0994,0.0269
-0.0992,0.0269
-0.0991,0.0268
-0.0989,0.0268
-0.0987,0.0267
-0.0986,0.0267
-0.0984,0.0267
-0.0983,0.0266
-0.0981,0.0266
-0.0980,0.0265
-0.0978,0.0265
-0.0976,0.0264
-0.0975,0.0264
-0.0973,0.0263
-0.0972,0.0263
-0.0970,0.0263
-0.0969,0.0262
-0.0967,0.0262
-0.0966,0.0261
-0.0964,0.0261
-0.0963,0.0260
-0.0961,0.0260
-0.0960,0.0259
-0.0958,0.0259
-0.0957,0.0259
-0.0955,0.0258
-0.0954,0.0258
-0.0953,0.0257
-0.0951,0.0257
-0.0950,0.0256
-0.0948,0.0256
-0.0947,0.0255
-0.0945,0.0255
-0.0944,0.0255
-0.0942,0.0254
-0.0941,0.0254
-0.0940,0.0253
-0.0938,0.0253
-0.0937,0.0252
-0.0935,0.0252
-0.0934,0.0252
-0.0933,0.0251
-0.0931,0.0251
-0.0930,0.0250
-0.0929,0.0250
-0.0927,0.0250
-0.0926,0.0249
-0.0925,0.0249
-0.0923,0.0248
-0.0922,0.0248
-0.0920,0.0248
-0.0919,0.0247
-0.0918,0.0247
-0.0917,0.0246
-0.0915,0.0246
-0.0914,0.0246
-0.0913,0.0245
-0.0911,0.0245
-0.0910,0.0244
-0.0909,0.0244
-0.0907,0.0244
-0.0906,0.0243
-0.0905,0.0243
-0.0904,0.0242
-0.0902,0.0242
-0.0901,0.0242
-0.0900,0.0241
-0.0899,0.0241
-0.0897,0.0240
-0.0896,0.0240
-0.0895,0.0240
-0.0894,0.0239
-0.0892,0.0239
-0.0891,0.0239
-0.0890,0.0238
-0.0889,0.0238
-0.0887,0.0237
-0.0886,0.0237
-0.0885,0.0237
-0.0884,0.0236
-0.0883,0.0236
-0.0881,0.0235
-0.0880,0.0235
-0.0879,0.0235
-0.0878,0.0234
-0.0877,0.0234
-0.0875,0.0234
-0.0874,0.0233
-0.0873,0.0233
-0.0872,0.0232
-0.0871,0.0232
-0.0869,0.0232
-0.0868,0.0231
-0.0867,0.0231
-0.0866,0.0231
-0.0865,0.0230
-0.0864,0.0230
-0.0862,0.0229
-0.0861,0.0229
-0.0860,0.0229
-0.0859,0.0228
-0.0858,0.0228
-0.0857,0.0228
-0.0856,0.0227
-0.0854,0.0227
-0.0853,0.0227
-0.0852,0.0226
-0.0851,0.0226
-0.0850,0.0226
-0.0849,0.0225
-0.0848,0.0225
-0.0847,0.0225
-0.0846,0.0224
-0.0844,0.0224
-0.0843,0.0223
-0.0842,0.0223
-0.0841,0.0223
-0.0840,0.0222
-0.0839,0.0222
-0.0838,0.0222
-0.0837,0.0221
-0.0836,0.0221
-0.0835,0.0221
-0.0834,0.0220
-0.0833,0.0220
-0.0832,0.0220
-0.0830,0.0219
-0.0829,0.0219
-0.0828,0.0219
-0.0827,0.0218
-0.0826,0.0218
-0.0825,0.0218
-0.0824,0.0217
-0.0823,0.0217
-0.0822,0.0217
-0.0821,0.0217
-0.0820,0.0216
-0.0819,0.0216
-0.0818,0.0216
-0.0817,0.0215
-0.0816,0.0215
-0.0815,0.0215
-0.0814,0.0214
-0.0813,0.0214
-0.0812,0.0214
-0.0811,0.0213
-0.0810,0.0213
-0.0809,0.0213
-0.0808,0.0213
-0.0807,0.0212
-0.0806,0.0212
-0.0805,0.0212
-0.0804,0.0211
-0.0803,0.0211
-0.0802,0.0211
-0.0801,0.0210
-0.0800,0.0210
-0.0799,0.0210
-0.0798,0.0210
-0.0797,0.0209
-0.0796,0.0209
-0.0795,0.0209
-0.0794,0.0208
-0.0793,0.0208
-0.0792,0.0208
-0.0791,0.0207
-0.0790,0.0207
-0.0789,0.0207
-0.0788,0.0207
-0.0787,0.0206
-0.0787,0.0206
-0.0786,0.0206
-0.0785,0.0205
-0.0784,0.0205
-0.0783,0.0205
-0.0782,0.0205
-0.0781,0.0204
-0.0780,0.0204
-0.0779,0.0204
-0.0778,0.0203
-0.0777,0.0203
-0.0776,0.0203
-0.0775,0.0203
-0.0774,0.0202
-0.0773,0.0202
-0.0773,0.0202
-0.0772,0.0201
-0.0771,0.0201
-0.0770,0.0201
-0.0769,0.0201
-0.0768,0.0200
-0.0767,0.0200
-0.0766,0.0200
-0.0765,0.0199
-0.0764,0.0199
-0.0763,0.0199
-0.0763,0.0199
-0.0762,0.0198
-0.0761,0.0198
-0.0760,0.0198
-0.0759,0.0198
-0.0758,0.0197
-0.0757,0.0197
-0.0756,0.0197
-0.0755,0.0196
-0.0755,0.0196
-0.0754,0.0196
-0.0753,0.0196
-0.0752,0.0195
-0.0751,0.0195
-0.0750,0.0195
-0.0749,0.0195
-0.0748,0.0194
-0.0748,0.0194
-0.0747,0.0194
-0.0746,0.0193
-0.0745,0.0193
-0.0744,0.0193
-0.0743,0.0193
-0.0742,0.0192
-0.0741,0.0192
-0.0741,0.0192
-0.0740,0.0192
-0.0739,0.0191
-0.0738,0.0191
-0.0737,0.0191
-0.0736,0.0190
-0.0735,0.0190
-0.0735,0.0190
-0.0734,0.0190
-0.0733,0.0189
-0.0732,0.0189
-0.0731,0.0189
-0.0730,0.0189
-0.0729,0.0188
-0.0729,0.0188
-0.0728,0.0188
-0.0727,0.0187
-0.0726,0.0187
-0.0725,0.0187
-0.0724,0.0187
-0.0724,0.0186
-0.0723,0.0186
-0.0722,0.0186
-0.0721,0.0186
-0.0720,0.0185
-0.0719,0.0185
-0.0719,0.0185
-0.0718,0.0185
-0.0717,0.0184
-0.0716,0.0184
-0.0715,0.0184
-0.0715,0.0183
-0.0714,0.0183
-0.0713,0.0183
-0.0712,0.0183
-0.0711,0.0182
-0.0711,0.0182
-0.0710,0.0182
-0.0709,0.0182
-0.0708,0.0181
-0.0707,0.0181
-0.0707,0.0181
-0.0706,0.0181
-0.0705,0.0180
-0.0704,0.0180
-0.0703,0.0180
-0.0703,0.0180
-0.0702,0.0179
-0.0701,0.0179
-0.0700,0.0179
-0.0699,0.0179
-0.0699,0.0178
-0.0698,0.0178
-0.0697,0.0178
-0.0696,0.0178
-0.0696,0.0177
-0.0695,0.0177
-0.0694,0.0177
-0.0693,0.0177
-0.0692,0.0176
-0.0692,0.0176
-0.0691,0.0176
-0.0690,0.0176
-0.0689,0.0176
-0.0689,0.0175
-0.0688,0.0175
-0.0687,0.0175
-0.0686,0.0175
-0.0685,0.0174
-0.0685,0.0174
-0.0684,0.0174
-0.0683,0.0174
-0.0682,0.0173
-0.0682,0.0173
-0.0681,0.0173
-0.0680,0.0173
-0.0679,0.0172
-0.0679,0.0172
-0.0678,0.0172
-0.0677,0.0172
-0.0676,0.0171
-0.0676,0.0171
-0.0675,0.0171
-0.0674,0.0171
-0.0673,0.0171
-0.0673,0.0170
-0.0672,0.0170
-0.0671,0.0170
-0.0671,0.0170
-0.0670,0.0169
-0.0669,0.0169
-0.0668,0.0169
-0.0668,0.0169
-0.0667,0.0168
-0.0666,0.0168
-0.0665,0.0168
-0.0665,0.0168
-0.0664,0.0168
-0.0663,0.0167
-0.0662,0.0167
-0.0662,0.0167
-0.0661,0.0167
-0.0660,0.0166
-0.0660,0.0166
-0.0659,0.0166
-0.0658,0.0166
-0.0657,0.0165
-0.0657,0.0165
-0.0656,0.0165
-0.0655,0.0165
-0.0655,0.0165
-0.0654,0.0164
-0.0653,0.0164
-0.0652,0.0164
-0.0652,0.0164
-0.0651,0.0163
-0.0650,0.0163
-0.0650,0.0163
-0.0649,0.0163
-0.0648,0.0162
-0.0647,0.0162
-0.0647,0.0162
-0.0646,0.0162
-0.0645,0.0162
-0.0645,0.0161
-0.0644,0.0161
-0.0643,0.0161
-0.0643,0.0161
-0.0642,0.0160
-0.0641,0.0160
-0.0640,0.0160
-0.0640,0.0160
-0.0639,0.0160
-0.0638,0.0159
-0.0638,0.0159
-0.0637,0.0159
-0.0636,0.0159
-0.0636,0.0158
-0.0635,0.0158
-0.0634,0.0158
-0.0634,0.0158
-0.0633,0.0158
-0.0632,0.0157
-0.0632,0.0157
-0.0631,0.0157
-0.0630,0.0157
-0.0630,0.0157
-0.0629,0.0156
-0.0628,0.0156
-0.0627,0.0156
-0.0627,0.0156
-0.0626,0.0155
-0.0625,0.0155
-0.0625,0.0155
-0.0624,0.0155
-0.0623,0.0155
-0.0623,0.0154
-0.0622,0.0154
-0.0621,0.0154
-0.0621,0.0154
-0.0620,0.0154
-0.0619,0.0153
-0.0619,0.0153
-0.0618,0.0153
-0.0617,0.0153
-0.0617,0.0153
-0.0616,0.0152
-0.0615,0.0152
-0.0615,0.0152
-0.0614,0.0152
-0.0614,0.0151
-0.0613,0.0151
-0.0612,0.0151
-0.0612,0.0151
-0.0611,0.0151
-0.0610,0.0150
-0.0610,0.0150
-0.0609,0.0150
-0.0608,0.0150
-0.0608,0.0150
-0.0607,0.0149
-0.0606,0.0149
-0.0606,0.0149
-0.0605,0.0149
-0.0604,0.0149
-0.0604,0.0149
-0.0603,0.0148
-0.0602,0.0148
-0.0602,0.0148
-0.0601,0.0148
-0.0601,0.0148
-0.0600,0.0147
-0.0599,0.0147
-0.0599,0.0147
-0.0598,0.0147
-0.0597,0.0147
-0.0597,0.0146
-0.0596,0.0146
-0.0595,0.0146
-0.0595,0.0146
-0.0594,0.0146
-0.0594,0.0145
-0.0593,0.0145
-0.0592,0.0145
-0.0592,0.0145
-0.0591,0.0145
-0.0590,0.0145
-0.0590,0.0144
-0.0589,0.0144
-0.0589,0.0144
-0.0588,0.0144
-0.0587,0.0144
-0.0587,0.0143
-0.0586,0.0143
-0.0585,0.0143
-0.0585,0.0143
-0.0584,0.0143
-0.0584,0.0142
-0.0583,0.0142
-0.0582,0.0142
-0.0582,0.0142
-0.0581,0.0142
-0.0580,0.0141
-0.0580,0.0141
-0.0579,0.0141
-0.0579,0.0141
-0.0578,0.0141
-0.0577,0.0141
-0.0577,0.0140
-0.0576,0.0140
-0.0576,0.0140
-0.0575,0.0140
-0.0574,0.0140
-0.0574,0.0139
-0.0573,0.0139
-0.0572,0.0139
-0.0572,0.0139
-0.0571,0.0139
-0.0571,0.0138
-0.0570,0.0138
-0.0569,0.0138
-0.0569,0.0138
-0.0568,0.0138
-0.0567,0.0137
-0.0567,0.0137
-0.0566,0.0137
-0.0566,0.0137
-0.0565,0.0137
-0.0564,0.0137
-0.0564,0.0136
-0.0563,0.0136
-0.0563,0.0136
-0.0562,0.0136
-0.0561,0.0136
-0.0561,0.0135
-0.0560,0.0135
-0.0560,0.0135
-0.0559,0.0135
-0.0558,0.0135
-0.0558,0.0135
-0.0557,0.0134
-0.0557,0.0134
-0.0556,0.0134
-0.0555,0.0134
-0.0555,0.0134
-0.0554,0.0133
-0.0553,0.0133
-0.0553,0.0133
-0.0552,0.0133
-0.0552,0.0133
-0.0551,0.0133
-0.0550,0.0132
-0.0550,0.0132
-0.0549,0.0132
-0.0549,0.0132
-0.0548,0.0132
-0.0548,0.0131
-0.0547,0.0131
-0.0546,0.0131
-0.0546,0.0131
-0.0545,0.0131
-0.0545,0.0131
-0.0544,0.0130
-0.0543,0.0130
-0.0543,0.0130
-0.0542,0.0130
-0.0542,0.0130
-0.0541,0.0130
-0.0540,0.0129
-0.0540,0.0129
-0.0539,0.0129
-0.0539,0.0129
-0.0538,0.0129
-0.0537,0.0129
-0.0537,0.0128
-0.0536,0.0128
-0.0536,0.0128
-0.0535,0.0128
-0.0535,0.0128
-0.0534,0.0128
-0.0533,0.0127
-0.0533,0.0127
-0.0532,0.0127
-0.0532,0.0127
-0.0531,0.0127
-0.0531,0.0127
-0.0530,0.0126
-0.0529,0.0126
-0.0529,0.0126
-0.0528,0.0126
-0.0528,0.0126
-0.0527,0.0126
-0.0526,0.0125
-0.0526,0.0125
-0.0525,0.0125
-0.0525,0.0125
-0.0524,0.0125
-0.0524,0.0125
-0.0523,0.0124
-0.0522,0.0124
-0.0522,0.0124
-0.0521,0.0124
-0.0521,0.0124
-0.0520,0.0124
-0.0520,0.0123
-0.0519,0.0123
-0.0519,0.0123
-0.0518,0.0123
-0.0517,0.0123
-0.0517,0.0123
-0.0516,0.0122
-0.0516,0.0122
-0.0515,0.0122
-0.0515,0.0122
-0.0514,0.0122
-0.0513,0.0122
-0.0513,0.0121
-0.0512,0.0121
-0.0512,0.0121
-0.0511,0.0121
-0.0511,0.0121
-0.0510,0.0121
-0.0509,0.0120
-0.0509,0.0120
-0.0508,0.0120
-0.0508,0.0120
-0.0507,0.0120
-0.0507,0.0119
-0.0506,0.0119
-0.0505,0.0119
-0.0505,0.0119
-0.0504,0.0119
-0.0504,0.0119
-0.0503,0.0119
-0.0503,0.0118
-0.0502,0.0118
-0.0501,0.0118
-0.0501,0.0118
-0.0500,0.0118
-0.0500,0.0118
-0.0499,0.0117
-0.0499,0.0117
-0.0498,0.0117
-0.0498,0.0117
-0.0497,0.0117
-0.0496,0.0117
-0.0496,0.0116
-0.0495,0.0116
-0.0495,0.0116
-0.0494,0.0116
-0.0494,0.0116
-0.0493,0.0116
-0.0493,0.0115
-0.0492,0.0115
-0.0491,0.0115
-0.0491,0.0115
-0.0490,0.0115
-0.0490,0.0115
-0.0489,0.0115
-0.0489,0.0114
-0.0488,0.0114
-0.0488,0.0114
-0.0487,0.0114
-0.0486,0.0114
-0.0486,0.0114
-0.0485,0.0113
-0.0485,0.0113
-0.0484,0.0113
-0.0484,0.0113
-0.0483,0.0113
-0.0483,0.0113
-0.0482,0.0113
-0.0481,0.0112
-0.0481,0.0112
-0.0480,0.0112
-0.0480,0.0112
-0.0479,0.0112
-0.0479,0.0112
-0.0478,0.0111
-0.0478,0.0111
-0.0477,0.0111
-0.0477,0.0111
-0.0476,0.0111
-0.0475,0.0111
-0.0475,0.0111
-0.0474,0.0110
-0.0474,0.0110
-0.0473,0.0110
-0.0473,0.0110
-0.0472,0.0110
-0.0472,0.0110
-0.0471,0.0109
-0.0470,0.0109
-0.0470,0.0109
-0.0469,0.0109
-0.0469,0.0109
-0.0468,0.0109
-0.0468,0.0109
-0.0467,0.0108
-0.4519
-0.3957
-0.3913
-0.3205
-0.3172
-0.3147
-0.1656
-0.1642
-0.1387
-0.1137
-0.1119
-0.0900
-0.0797
-0.0137
0.0064
0.0203
0.0387
0.0528
0.0648
0.0761
0.0771
0.0788
0.0836
0.0850
0.0896
0.1029
0.1084
0.1091
0.1136
0.1195
0.1203
0.1205
0.1260
0.1594
0.1596
0.1604
0.1638
0.1739
0.1957
0.2070
0.2091
0.2112
0.2118
0.2413
0.2505
0.2599
0.2646
0.2652
0.2687
0.2808
0.2929
0.3006
0.3015
0.3035
0.3062
0.3077
0.3087
0.3193
0.3248
0.3304
0.3309
0.3479
0.3489
0.3499
0.3566
0.3600
0.3657
0.3737
0.3738
0.3871
0.3884
0.3910
0.3962
0.4022
0.4024
0.4034
0.4044
0.4066
0.4136
0.4175
0.4180
0.4208
0.4211
0.4260
0.4315
0.4317
0.4350
0.4363
0.4367
0.4449
0.4539
0.4541
0.4557
0.4579
0.4640
0.4642
0.4795
0.4811
0.4846
0.4858
0.4872
0.4942
0.4976
0.4979
0.5004
0.5022
0.5153
0.5172
0.5174
0.5227
0.5260
0.5287
0.5341
0.5355
0.5398
0.5440
0.5469
0.5469
0.5483
0.5530
0.5551
0.5626
0.5633
0.5671
0.5684
0.5706
0.5757
0.5824
0.5888
0.5967
0.5990
0.6041
0.6047
0.6078
0.6084
0.6122
0.6230
0.6230
0.6244
0.6250
0.6270
0.6298
0.6318
0.6327
0.6328
0.6346
0.6357
0.6370
0.6398
0.6404
0.6410
0.6450
0.6565
0.6621
0.6647
0.6710
0.6734
0.6801
0.6848
0.6897
0.6954
0.6964
0.7078
0.7093
0.7103
0.7125
0.7135
0.7303
0.7318
0.7351
0.7352
0.7372
0.7395
0.7407
0.7442
0.7455
0.7458
0.7486
0.7503
0.7505
0.7513
0.7526
0.7532
0.7538
0.7561
0.7569
0.7593
0.7599
0.7636
0.7637
0.7654
0.7665
0.7726
0.7735
0.7738
0.7749
0.7767
0.7794
0.7835
0.7846
0.7867
0.7979
0.7988
0.8030
0.8034
0.8081
0.8085
0.8119
0.8147
0.8234
0.8258
0.8318
0.8336
0.8342
0.8348
0.8359
0.8387
0.8392
0.8416
0.8450
0.8461
0.8465
0.8469
0.8495
0.8501
0.8528
0.8564
0.8571
0.8598
0.8606
0.8622
0.8653
0.8661
0.8684
0.8702
0.8715
0.8735
0.8746
0.8795
0.8879
0.8928
0.8930
0.8937
0.8944
0.8956
0.8973
0.9037
0.9040
0.9050
0.9057
0.9063
0.9143
0.9146
0.9240
0.9304
0.9310
0.9347
0.9350
0.9358
0.9367
0.9386
0.9394
0.9435
0.9461
0.9488
0.9553
0.9569
0.9573
0.9594
0.9623
0.9660
0.9712
0.9723
0.9735
0.9830
0.9839
0.9914
1.0009
1.0013
1.0034
1.0086
1.0136
1.0149
1.0194
1.0312
1.0320
1.0327
1.0389
1.0411
1.0418
1.0429
1.0432
1.0448
1.0452
1.0464
1.0508
1.0530
1.0555
1.0560
1.0586
1.0589
1.0599
1.0613
1.0621
1.0641
1.0644
1.0669
1.0676
1.0699
1.0702
1.0770
1.0816
1.0823
1.0835
1.0836
1.0846
1.0852
1.0861
1.0879
1.0925
1.0927
1.0966
1.0989
1.1010
1.1025
1.1026
1.1111
1.1112
1.1114
1.1146
1.1172
1.1181
1.1191
1.1194
1.1207
1.1212
1.1241
1.1249
1.1255
1.1271
1.1314
1.1333
1.1338
1.1355
1.1375
1.1415
1.1431
1.1441
1.1471
1.1498
1.1501
1.1527
1.1550
1.1550
1.1555
1.1557
1.1583
1.1602
1.1622
1.1636
1.1662
1.1692
1.1717
1.1722
1.1729
1.1740
1.1758
1.1790
1.1802
1.1855
1.1868
1.1902
1.1945
1.1956
1.2044
1.2069
1.2098
1.2120
1.2121
1.2123
1.2148
1.2153
1.2160
1.2163
1.2198
1.2206
1.2214
1.2215
1.2244
1.2280
1.2288
1.2296
1.2375
1.2381
1.2409
1.2421
1.2433
1.2439
1.2452
1.2465
1.2476
1.2492
1.2504
1.2546
1.2566
1.2579
1.2638
1.2658
1.2664
1.2677
1.2684
1.2695
1.2701
1.2704
1.2731
1.2776
1.2835
1.2841
1.2880
1.2900
1.2941
1.2960
1.2977
1.3072
1.3090
1.3141
1.3248
1.3269
1.3300
1.3313
1.3382
1.3393
1.3407
1.3410
1.3430
1.3469
1.3486
1.3490
1.3491
1.3555
1.3587
1.3591
1.3609
1.3647
1.3711
1.3724
1.3743
1.3769
1.3772
1.3775
1.3790
1.3802
1.3808
1.3828
1.3863
1.3883
1.3890
1.3892
1.3917
1.3951
1.3958
1.3970
1.3971
1.3973
1.3975
1.3992
1.4003
1.4004
1.4025
1.4030
1.4031
1.4034
1.4034
1.4051
1.4081
1.4081
1.4105
1.4105
1.4136
1.4213
1.4229
1.4231
1.4265
1.4286
1.4303
1.4329
1.4338
1.4350
1.4351
1.4380
1.4385
1.4391
1.4403
1.4433
1.4435
1.4441
1.4466
1.4470
1.4507
1.4513
1.4514
1.4535
1.4561
1.4573
1.4604
1.4613
1.4633
1.4641
1.4690
1.4698
1.4822
1.4832
1.4838
1.4860
1.4879
1.4884
1.4892
1.4906
1.4938
1.4939
1.4955
1.5000
1.5049
1.5053
1.5058
1.5067
1.5076
1.5077
1.5084
1.5105
1.5106
1.5124
1.5142
1.5143
1.5153
1.5187
1.5204
1.5212
1.5240
1.5270
1.5323
1.5327
1.5404
1.5405
1.5410
1.5431
1.5477
1.5492
1.5505
1.5511
1.5537
1.5550
1.5571
1.5575
1.5581
1.5582
1.5587
1.5612
1.5614
1.5620
1.5622
1.5625
1.5675
1.5677
1.5680
1.5720
1.5728
1.5743
1.5748
1.5767
1.5786
1.5802
1.5821
1.5844
1.5859
1.5885
1.5917
1.5942
1.5950
1.5970
1.5988
1.6011
1.6037
1.6053
1.6062
1.6071
1.6091
1.6098
1.6132
1.6134
1.6147
1.6149
1.6154
1.6157
1.6163
1.6189
1.6192
1.6205
1.6212
1.6227
1.6235
1.6254
1.6281
1.6330
1.6330
1.6361
1.6418
1.6420
1.6421
1.6433
1.6436
1.6496
1.6515
1.6530
1.6632
1.6668
1.6674
1.6684
1.6693
1.6696
1.6737
1.6745
1.6782
1.6792
1.6832
1.6889
1.6894
1.6905
1.6918
1.6923
1.6926
1.6947
1.6948
1.6950
1.6957
1.6998
1.7047
1.7076
1.7110
1.7126
1.7139
1.7143
1.7148
1.7157
1.7195
1.7197
1.7237
1.7240
1.7312
1.7316
1.7322
1.7354
1.7394
1.7402
1.7472
1.7474
1.7480
1.7480
1.7488
1.7495
1.7508
1.7568
1.7570
1.7584
1.7608
1.7682
1.7704
1.7745
1.7758
1.7758
1.7759
1.7785
1.7793
1.7803
1.7813
1.7816
1.7827
1.7831
1.7856
1.7881
1.7952
1.7962
1.7965
1.7978
1.8008
1.8018
1.8065
1.8131
1.8182
1.8184
1.8189
1.8196
1.8205
1.8210
1.8285
1.8301
1.8385
1.8409
1.8429
1.8431
1.8448
1.8494
1.8536
1.8562
1.8585
1.8598
1.8599
1.8628
1.8671
1.8715
1.8716
1.8797
1.8854
1.8861
1.8879
1.8885
1.8931
1.8942
1.8964
1.8968
1.8995
1.9011
1.9038
1.9042
1.9053
1.9093
1.9093
1.9137
1.9165
1.9226
1.9265
1.9309
1.9344
1.9379
1.9402
1.9402
1.9464
1.9502
1.9508
1.9558
1.9569
1.9632
1.9639
1.9640
1.9657
1.9684
1.9719
1.9745
1.9787
1.9821
1.9836
1.9851
1.9864
1.9872
1.9899
1.9942
1.9953
2.0022
2.0028
2.0055
2.0059
2.0116
2.0118
2.0205
2.0256
2.0299
2.0318
2.0359
2.0435
2.0461
2.0509
2.0547
2.0552
2.0618
2.0657
2.0787
2.0808
2.0817
2.0880
2.0906
2.0965
2.1000
2.1085
2.1086
2.1125
2.1142
2.1169
2.1176
2.1216
2.1266
2.1296
2.1320
2.1340
2.1384
2.1479
2.1495
2.1505
2.1577
2.1593
2.1596
2.1625
2.1641
2.1667
2.1674
2.1701
2.1707
2.1773
2.1836
2.1838
2.1886
2.1923
2.1928
2.1959
2.1965
2.2065
2.2074
2.2092
2.2105
2.2135
2.2140
2.2170
2.2219
2.2232
2.2238
2.2259
2.2299
2.2306
2.2312
2.2326
2.2332
2.2382
2.2445
2.2503
2.2563
2.2583
2.2588
2.2668
2.2669
2.2721
2.2758
2.2785
2.2786
2.2800
2.2814
2.2871
2.2886
2.2899
2.2938
2.2978
2.3005
2.3042
2.3042
2.3068
2.3076
2.3079
2.3108
2.3108
2.3169
2.3231
2.3238
2.3339
2.3359
2.3378
2.3388
2.3452
2.3465
2.3465
2.3486
2.3566
2.3619
2.3620
2.3645
2.3695
2.3714
2.3725
2.3813
2.3860
2.3860
2.3879
2.3918
2.3947
2.3955
2.3995
2.4247
2.4249
2.4255
2.4350
2.4352
2.4405
2.4477
2.4581
2.4677
2.4711
2.4853
2.4932
2.4973
2.5082
2.5083
2.5089
2.5103
2.5336
2.5377
2.5420
2.5434
2.5533
2.5554
2.5599
2.5612
2.5627
2.5722
2.5991
2.6126
2.6153
2.6222
2.6229
2.6417
2.6421
2.6535
2.6618
2.6674
2.6729
2.6941
2.6942
2.6969
2.7053
2.7294
2.7387
2.7471
2.7530
2.7551
2.7618
2.7643
2.7646
2.7753
2.7786
2.7920
2.7999
2.8002
2.8124
2.8164
2.8170
2.8194
2.8219
2.8225
2.8228
2.8267
2.8274
2.8362
2.8381
2.8469
2.8529
2.8538
2.8620
2.8663
2.9083
2.9147
2.9329
2.9385
2.9411
2.9560
2.9669
2.9754
2.9959
3.0039
3.0096
3.0345
3.0395
3.0906
3.1304
3.1626
3.1695
3.1850
3.2085
3.2095
3.2218
3.2367
3.2446
3.2553
3.2694
3.2907
3.3036
3.3295
3.3565
3.3653
3.3716
3.3718
3.5134
3.5331
3.5554
3.5707
3.5732
3.6007
3.6065
3.6801
3.7668
3.7915
3.8251
3.8263
3.9965
4.1234
