1000
1000
-1.5296,0.1801
-1.4397,0.1775
-1.2234,0.1349
-1.0779,0.1326
-0.9702,0.1328
-0.8872,0.1312
-0.8219,0.1293
-0.7683,0.1272
-0.7234,0.1250
-0.6848,0.1222
-0.6513,0.1192
-0.6222,0.1168
-0.5965,0.1145
-0.5735,0.1123
-0.5528,0.1100
-0.5341,0.1078
-0.5171,0.1058
-0.5015,0.1036
-0.4871,0.1016
-0.4739,0.0997
-0.4616,0.0979
-0.4503,0.0962
-0.4397,0.0946
-0.4298,0.0930
-0.4205,0.0915
-0.4118,0.0901
-0.4035,0.0887
-0.3957,0.0874
-0.3883,0.0862
-0.3813,0.0851
-0.3747,0.0840
-0.3684,0.0829
-0.3623,0.0819
-0.3565,0.0809
-0.3510,0.0799
-0.3457,0.0790
-0.3406,0.0781
-0.3358,0.0773
-0.3311,0.0765
-0.3266,0.0756
-0.3223,0.0749
-0.3182,0.0742
-0.3142,0.0735
-0.3103,0.0728
-0.3066,0.0722
-0.3030,0.0715
-0.2995,0.0709
-0.2962,0.0703
-0.2929,0.0697
-0.2898,0.0691
-0.2867,0.0685
-0.2837,0.0679
-0.2808,0.0674
-0.2780,0.0668
-0.2752,0.0663
-0.2725,0.0657
-0.2699,0.0652
-0.2674,0.0647
-0.2649,0.0642
-0.2625,0.0637
-0.2601,0.0632
-0.2578,0.0627
-0.2555,0.0623
-0.2533,0.0618
-0.2512,0.0614
-0.2491,0.0610
-0.2470,0.0606
-0.2450,0.0601
-0.2431,0.0597
-0.2412,0.0594
-0.2393,0.0590
-0.2375,0.0586
-0.2357,0.0582
-0.2339,0.0579
-0.2322,0.0575
-0.2305,0.0572
-0.2289,0.0569
-0.2273,0.0566
-0.2257,0.0563
-0.2242,0.0560
-0.2227,0.0557
-0.2212,0.0554
-0.2198,0.0551
-0.2183,0.0548
-0.2169,0.0545
-0.2156,0.0543
-0.2142,0.0540
-0.2129,0.0537
-0.2116,0.0535
-0.2103,0.0532
-0.2090,0.0530
-0.2078,0.0527
-0.2066,0.0525
-0.2054,0.0522
-0.2042,0.0520
-0.2030,0.0517
-0.2019,0.0515
-0.2008,0.0513
-0.1997,0.0510
-0.1986,0.0508
-0.1975,0.0506
-0.1964,0.0504
-0.1954,0.0501
-0.1944,0.0499
-0.1934,0.0497
-0.1924,0.0495
-0.1914,0.0493
-0.1904,0.0491
-0.1895,0.0489
-0.1885,0.0487
-0.1876,0.0485
-0.1867,0.0483
-0.1858,0.0481
-0.1849,0.0479
-0.1841,0.0478
-0.1832,0.0476
-0.1823,0.0474
-0.1815,0.0472
-0.1807,0.0470
-0.1799,0.0468
-0.1791,0.0467
-0.1783,0.0465
-0.1775,0.0463
-0.1767,0.0462
-0.1759,0.0460
-0.1752,0.0458
-0.1744,0.0457
-0.1737,0.0455
-0.1730,0.0453
-0.1723,0.0452
-0.1715,0.0450
-0.1708,0.0449
-0.1701,0.0447
-0.1694,0.0445
-0.1688,0.0444
-0.1681,0.0442
-0.1674,0.0440
-0.1667,0.0439
-0.1661,0.0437
-0.1654,0.0436
-0.1648,0.0434
-0.1641,0.0432
-0.1635,0.0431
-0.1629,0.0429
-0.1623,0.0428
-0.1617,0.0426
-0.1611,0.0425
-0.1605,0.0423
-0.1599,0.0422
-0.1593,0.0420
-0.1587,0.0419
-0.1582,0.0417
-0.1576,0.0416
-0.1570,0.0415
-0.1565,0.0413
-0.1559,0.0412
-0.1554,0.0410
-0.1548,0.0409
-0.1543,0.0408
-0.1538,0.0406
-0.1533,0.0405
-0.1527,0.0404
-0.1522,0.0403
-0.1517,0.0401
-0.1512,0.0400
-0.1507,0.0399
-0.1502,0.0397
-0.1497,0.0396
-0.1493,0.0395
-0.1488,0.0394
-0.1483,0.0393
-0.1478,0.0392
-0.1474,0.0390
-0.1469,0.0389
-0.1465,0.0388
-0.1460,0.0387
-0.1456,0.0386
-0.1451,0.0385
-0.1447,0.0384
-0.1442,0.0383
-0.1438,0.0381
-0.1434,0.0380
-0.1429,0.0379
-0.1425,0.0378
-0.1421,0.0377
-0.1417,0.0376
-0.1413,0.0375
-0.1409,0.0374
-0.1405,0.0373
-0.1401,0.0372
-0.1397,0.0371
-0.1393,0.0370
-0.1389,0.0369
-0.1385,0.0368
-0.1381,0.0367
-0.1377,0.0366
-0.1374,0.0365
-0.1370,0.0364
-0.1366,0.0363
-0.1362,0.0362
-0.1359,0.0361
-0.1355,0.0360
-0.1351,0.0359
-0.1348,0.0358
-0.1344,0.0357
-0.1341,0.0357
-0.1337,0.0356
-0.1334,0.0355
-0.1330,0.0354
-0.1327,0.0353
-0.1323,0.0352
-0.1320,0.0351
-0.1317,0.0351
-0.1313,0.0350
-0.1310,0.0349
-0.1307,0.0348
-0.1303,0.0347
-0.1300,0.0347
-0.1297,0.0346
-0.1294,0.0345
-0.1291,0.0344
-0.1287,0.0343
-0.1284,0.0343
-0.1281,0.0342
-0.1278,0.0341
-0.1275,0.0340
-0.1272,0.0340
-0.1269,0.0339
-0.1266,0.0338
-0.1263,0.0337
-0.1260,0.0337
-0.1257,0.0336
-0.1254,0.0335
-0.1251,0.0335
-0.1248,0.0334
-0.1245,0.0333
-0.1242,0.0333
-0.1240,0.0332
-0.1237,0.0331
-0.1234,0.0331
-0.1231,0.0330
-0.1228,0.0329
-0.1226,0.0328
-0.1223,0.0328
-0.1220,0.0327
-0.1217,0.0326
-0.1215,0.0326
-0.1212,0.0325
-0.1209,0.0325
-0.1207,0.0324
-0.1204,0.0323
-0.1201,0.0323
-0.1199,0.0322
-0.1196,0.0321
-0.1194,0.0321
-0.1191,0.0320
-0.1188,0.0320
-0.1186,0.0319
-0.1183,0.0318
-0.1181,0.0318
-0.1178,0.0317
-0.1176,0.0317
-0.1173,0.0316
-0.1171,0.0315
-0.1169,0.0315
-0.1166,0.0314
-0.1164,0.0313
-0.1161,0.0313
-0.1159,0.0312
-0.1156,0.0312
-0.1154,0.0311
-0.1152,0.0310
-0.1149,0.0310
-0.1147,0.0309
-0.1145,0.0308
-0.1142,0.0308
-0.1140,0.0307
-0.1138,0.0307
-0.1135,0.0306
-0.1133,0.0305
-0.1131,0.0305
-0.1128,0.0304
-0.1126,0.0303
-0.1124,0.0303
-0.1122,0.0302
-0.1119,0.0301
-0.1117,0.0301
-0.1115,0.0300
-0.1113,0.0300
-0.1111,0.0299
-0.1108,0.0298
-0.1106,0.0298
-0.1104,0.0297
-0.1102,0.0296
-0.1100,0.0296
-0.1098,0.0295
-0.1096,0.0295
-0.1093,0.0294
-0.1091,0.0293
-0.1089,0.0293
-0.1087,0.0292
-0.1085,0.0292
-0.1083,0.0291
-0.1081,0.0290
-0.1079,0.0290
-0.1077,0.0289
-0.1075,0.0289
-0.1073,0.0288
-0.1071,0.0287
-0.1069,0.0287
-0.1067,0.0286
-0.1065,0.0286
-0.1063,0.0285
-0.1061,0.0285
-0.1059,0.0284
-0.1057,0.0284
-0.1055,0.0283
-0.1053,0.0282
-0.1051,0.0282
-0.1049,0.0281
-0.1048,0.0281
-0.1046,0.0280
-0.1044,0.0280
-0.1042,0.0279
-0.1040,0.0279
-0.1038,0.0278
-0.1036,0.0277
-0.1035,0.0277
-0.1033,0.0276
-0.1031,0.0276
-0.1029,0.0275
-0.1027,0.0275
-0.1025,0.0274
-0.1024,0.0274
-0.1022,0.0273
-0.1020,0.0273
-0.1018,0.0272
-0.1017,0.0272
-0.1015,0.0271
-0.1013,0.0271
-0.1011,0.0270
-0.1010,0.0270
-0.1008,0.0269
-0.1006,0.0269
-0.1005,0.0268
-0.1003,0.0268
-0.1001,0.0267
-0.0999,0.0267
-0.0998,0.0266
-0.0996,0.0266
-0.0994,0.0265
-0.0993,0.0265
-0.0991,0.0264
-0.0990,0.0264
-0.0988,0.0263
-0.0986,0.0263
-0.0985,0.0262
-0.0983,0.0262
-0.0981,0.0261
-0.0980,0.0261
-0.0978,0.0260
-0.0977,0.0260
-0.0975,0.0259
-0.0973,0.0259
-0.0972,0.0258
-0.0970,0.0258
-0.0969,0.0257
-0.0967,0.0257
-0.0966,0.0257
-0.0964,0.0256
-0.0963,0.0256
-0.0961,0.0255
-0.0960,0.0255
-0.0958,0.0254
-0.0957,0.0254
-0.0955,0.0253
-0.0954,0.0253
-0.0952,0.0252
-0.0951,0.0252
-0.0949,0.0252
-0.0948,0.0251
-0.0946,0.0251
-0.0945,0.0250
-0.0943,0.0250
-0.0942,0.0249
-0.0940,0.0249
-0.0939,0.0248
-0.0937,0.0248
-0.0936,0.0248
-0.0934,0.0247
-0.0933,0.0247
-0.0932,0.0246
-0.0930,0.0246
-0.0929,0.0245
-0.0927,0.0245
-0.0926,0.0245
-0.0925,0.0244
-0.0923,0.0244
-0.0922,0.0243
-0.0920,0.0243
-0.0919,0.0242
-0.0918,0.0242
-0.0916,0.0242
-0.0915,0.0241
-0.0914,0.0241
-0.0912,0.0240
-0.0911,0.0240
-0.0910,0.0240
-0.0908,0.0239
-0.0907,0.0239
-0.0906,0.0238
-0.0904,0.0238
-0.0903,0.0238
-0.0902,0.0237
-0.0900,0.0237
-0.0899,0.0236
-0.0898,0.0236
-0.0896,0.0236
-0.0895,0.0235
-0.0894,0.0235
-0.0892,0.0234
-0.0891,0.0234
-0.0890,0.0234
-0.0889,0.0233
-0.0887,0.0233
-0.0886,0.0233
-0.0885,0.0232
-0.0883,0.0232
-0.0882,0.0231
-0.0881,0.0231
-0.0880,0.0231
-0.0878,0.0230
-0.0877,0.0230
-0.0876,0.0229
-0.0875,0.0229
-0.0874,0.0229
-0.0872,0.0228
-0.0871,0.0228
-0.0870,0.0228
-0.0869,0.0227
-0.0867,0.0227
-0.0866,0.0226
-0.0865,0.0226
-0.0864,0.0226
-0.0863,0.0225
-0.0861,0.0225
-0.0860,0.0225
-0.0859,0.0224
-0.0858,0.0224
-0.0857,0.0224
-0.0856,0.0223
-0.0854,0.0223
-0.0853,0.0223
-0.0852,0.0222
-0.0851,0.0222
-0.0850,0.0222
-0.0849,0.0221
-0.0847,0.0221
-0.0846,0.0220
-0.0845,0.0220
-0.0844,0.0220
-0.0843,0.0219
-0.0842,0.0219
-0.0841,0.0219
-0.0839,0.0218
-0.0838,0.0218
-0.0837,0.0218
-0.0836,0.0217
-0.0835,0.0217
-0.0834,0.0217
-0.0833,0.0216
-0.0832,0.0216
-0.0831,0.0216
-0.0829,0.0215
-0.0828,0.0215
-0.0827,0.0215
-0.0826,0.0214
-0.0825,0.0214
-0.0824,0.0214
-0.0823,0.0213
-0.0822,0.0213
-0.0821,0.0213
-0.0820,0.0212
-0.0819,0.0212
-0.0818,0.0212
-0.0816,0.0211
-0.0815,0.0211
-0.0814,0.0211
-0.0813,0.0210
-0.0812,0.0210
-0.0811,0.0210
-0.0810,0.0209
-0.0809,0.0209
-0.0808,0.0209
-0.0807,0.0208
-0.0806,0.0208
-0.0805,0.0208
-0.0804,0.0208
-0.0803,0.0207
-0.0802,0.0207
-0.0801,0.0207
-0.0800,0.0206
-0.0799,0.0206
-0.0798,0.0206
-0.0797,0.0205
-0.0796,0.0205
-0.0795,0.0205
-0.0794,0.0204
-0.0793,0.0204
-0.0792,0.0204
-0.0791,0.0204
-0.0790,0.0203
-0.0789,0.0203
-0.0788,0.0203
-0.0787,0.0202
-0.0786,0.0202
-0.0785,0.0202
-0.0784,0.0201
-0.0783,0.0201
-0.0782,0.0201
-0.0781,0.0201
-0.0780,0.0200
-0.0779,0.0200
-0.0778,0.0200
-0.0777,0.0199
-0.0776,0.0199
-0.0775,0.0199
-0.0774,0.0198
-0.0773,0.0198
-0.0772,0.0198
-0.0771,0.0198
-0.0770,0.0197
-0.0769,0.0197
-0.0768,0.0197
-0.0767,0.0196
-0.0766,0.0196
-0.0765,0.0196
-0.0764,0.0195
-0.0764,0.0195
-0.0763,0.0195
-0.0762,0.0195
-0.0761,0.0194
-0.0760,0.0194
-0.0759,0.0194
-0.0758,0.0193
-0.0757,0.0193
-0.0756,0.0193
-0.0755,0.0193
-0.0754,0.0192
-0.0753,0.0192
-0.0752,0.0192
-0.0751,0.0191
-0.0751,0.0191
-0.0750,0.0191
-0.0749,0.0191
-0.0748,0.0190
-0.0747,0.0190
-0.0746,0.0190
-0.0745,0.0189
-0.0744,0.0189
-0.0743,0.0189
-0.0742,0.0189
-0.0742,0.0188
-0.0741,0.0188
-0.0740,0.0188
-0.0739,0.0187
-0.0738,0.0187
-0.0737,0.0187
-0.0736,0.0187
-0.0735,0.0186
-0.0734,0.0186
-0.0734,0.0186
-0.0733,0.0186
-0.0732,0.0185
-0.0731,0.0185
-0.0730,0.0185
-0.0729,0.0184
-0.0728,0.0184
-0.0728,0.0184
-0.0727,0.0184
-0.0726,0.0183
-0.0725,0.0183
-0.0724,0.0183
-0.0723,0.0182
-0.0722,0.0182
-0.0722,0.0182
-0.0721,0.0182
-0.0720,0.0181
-0.0719,0.0181
-0.0718,0.0181
-0.0717,0.0181
-0.0716,0.0180
-0.0716,0.0180
-0.0715,0.0180
-0.0714,0.0179
-0.0713,0.0179
-0.0712,0.0179
-0.0711,0.0179
-0.0711,0.0178
-0.0710,0.0178
-0.0709,0.0178
-0.0708,0.0178
-0.0707,0.0177
-0.0706,0.0177
-0.0706,0.0177
-0.0705,0.0177
-0.0704,0.0176
-0.0703,0.0176
-0.0702,0.0176
-0.0701,0.0176
-0.0701,0.0175
-0.0700,0.0175
-0.0699,0.0175
-0.0698,0.0175
-0.0697,0.0174
-0.0697,0.0174
-0.0696,0.0174
-0.0695,0.0173
-0.0694,0.0173
-0.0693,0.0173
-0.0693,0.0173
-0.0692,0.0172
-0.0691,0.0172
-0.0690,0.0172
-0.0689,0.0172
-0.0689,0.0171
-0.0688,0.0171
-0.0687,0.0171
-0.0686,0.0171
-0.0685,0.0170
-0.0685,0.0170
-0.0684,0.0170
-0.0683,0.0170
-0.0682,0.0169
-0.0682,0.0169
-0.0681,0.0169
-0.0680,0.0169
-0.0679,0.0168
-0.0678,0.0168
-0.0678,0.0168
-0.0677,0.0168
-0.0676,0.0167
-0.0675,0.0167
-0.0675,0.0167
-0.0674,0.0167
-0.0673,0.0166
-0.0672,0.0166
-0.0671,0.0166
-0.0671,0.0166
-0.0670,0.0165
-0.0669,0.0165
-0.0668,0.0165
-0.0668,0.0165
-0.0667,0.0164
-0.0666,0.0164
-0.0665,0.0164
-0.0665,0.0164
-0.0664,0.0163
-0.0663,0.0163
-0.0662,0.0163
-0.0662,0.0163
-0.0661,0.0162
-0.0660,0.0162
-0.0659,0.0162
-0.0659,0.0162
-0.0658,0.0162
-0.0657,0.0161
-0.0656,0.0161
-0.0656,0.0161
-0.0655,0.0161
-0.0654,0.0160
-0.0653,0.0160
-0.0653,0.0160
-0.0652,0.0160
-0.0651,0.0159
-0.0650,0.0159
-0.0650,0.0159
-0.0649,0.0159
-0.0648,0.0158
-0.0647,0.0158
-0.0647,0.0158
-0.0646,0.0158
-0.0645,0.0157
-0.0645,0.0157
-0.0644,0.0157
-0.0643,0.0157
-0.0642,0.0156
-0.0642,0.0156
-0.0641,0.0156
-0.0640,0.0156
-0.0639,0.0156
-0.0639,0.0155
-0.0638,0.0155
-0.0637,0.0155
-0.0637,0.0155
-0.0636,0.0154
-0.0635,0.0154
-0.0634,0.0154
-0.0634,0.0154
-0.0633,0.0153
-0.0632,0.0153
-0.0632,0.0153
-0.0631,0.0153
-0.0630,0.0152
-0.0629,0.0152
-0.0629,0.0152
-0.0628,0.0152
-0.0627,0.0152
-0.0627,0.0151
-0.0626,0.0151
-0.0625,0.0151
-0.0624,0.0151
-0.0624,0.0150
-0.0623,0.0150
-0.0622,0.0150
-0.0622,0.0150
-0.0621,0.0149
-0.0620,0.0149
-0.0620,0.0149
-0.0619,0.0149
-0.0618,0.0149
-0.0617,0.0148
-0.0617,0.0148
-0.0616,0.0148
-0.0615,0.0148
-0.0615,0.0147
-0.0614,0.0147
-0.0613,0.0147
-0.0613,0.0147
-0.0612,0.0147
-0.0611,0.0146
-0.0611,0.0146
-0.0610,0.0146
-0.0609,0.0146
-0.0608,0.0145
-0.0608,0.0145
-0.0607,0.0145
-0.0606,0.0145
-0.0606,0.0145
-0.0605,0.0144
-0.0604,0.0144
-0.0604,0.0144
-0.0603,0.0144
-0.0602,0.0143
-0.0602,0.0143
-0.0601,0.0143
-0.0600,0.0143
-0.0600,0.0143
-0.0599,0.0142
-0.0598,0.0142
-0.0598,0.0142
-0.0597,0.0142
-0.0596,0.0142
-0.0596,0.0141
-0.0595,0.0141
-0.0594,0.0141
-0.0594,0.0141
-0.0593,0.0141
-0.0592,0.0140
-0.0592,0.0140
-0.0591,0.0140
-0.0590,0.0140
-0.0590,0.0140
-0.0589,0.0139
-0.0588,0.0139
-0.0588,0.0139
-0.0587,0.0139
-0.0586,0.0139
-0.0586,0.0138
-0.0585,0.0138
-0.0584,0.0138
-0.0584,0.0138
-0.0583,0.0137
-0.0582,0.0137
-0.0582,0.0137
-0.0581,0.0137
-0.0581,0.0137
-0.0580,0.0136
-0.0579,0.0136
-0.0579,0.0136
-0.0578,0.0136
-0.0577,0.0136
-0.0577,0.0135
-0.0576,0.0135
-0.0575,0.0135
-0.0575,0.0135
-0.0574,0.0135
-0.0573,0.0134
-0.0573,0.0134
-0.0572,0.0134
-0.0572,0.0134
-0.0571,0.0134
-0.0570,0.0134
-0.0570,0.0133
-0.0569,0.0133
-0.0568,0.0133
-0.0568,0.0133
-0.0567,0.0133
-0.0566,0.0132
-0.0566,0.0132
-0.0565,0.0132
-0.0565,0.0132
-0.0564,0.0132
-0.0563,0.0131
-0.0563,0.0131
-0.0562,0.0131
-0.0561,0.0131
-0.0561,0.0131
-0.0560,0.0130
-0.0560,0.0130
-0.0559,0.0130
-0.0558,0.0130
-0.0558,0.0130
-0.0557,0.0130
-0.0556,0.0129
-0.0556,0.0129
-0.0555,0.0129
-0.0555,0.0129
-0.0554,0.0129
-0.0553,0.0128
-0.0553,0.0128
-0.0552,0.0128
-0.0552,0.0128
-0.0551,0.0128
-0.0550,0.0128
-0.0550,0.0127
-0.0549,0.0127
-0.0548,0.0127
-0.0548,0.0127
-0.0547,0.0127
-0.0547,0.0126
-0.0546,0.0126
-0.0545,0.0126
-0.0545,0.0126
-0.0544,0.0126
-0.0544,0.0126
-0.0543,0.0125
-0.0542,0.0125
-0.0542,0.0125
-0.0541,0.0125
-0.0541,0.0125
-0.0540,0.0124
-0.0539,0.0124
-0.0539,0.0124
-0.0538,0.0124
-0.0537,0.0124
-0.0537,0.0123
-0.0536,0.0123
-0.0536,0.0123
-0.0535,0.0123
-0.0534,0.0123
-0.0534,0.0123
-0.0533,0.0122
-0.0533,0.0122
-0.0532,0.0122
-0.0531,0.0122
-0.0531,0.0122
-0.0530,0.0121
-0.0530,0.0121
-0.0529,0.0121
-0.0528,0.0121
-0.0528,0.0121
-0.0527,0.0121
-0.0527,0.0120
-0.0526,0.0120
-0.0525,0.0120
-0.0525,0.0120
-0.0524,0.0120
-0.0524,0.0119
-0.0523,0.0119
-0.0522,0.0119
-0.0522,0.0119
-0.0521,0.0119
-0.0521,0.0119
-0.0520,0.0118
-0.0519,0.0118
-0.0519,0.0118
-0.0518,0.0118
-0.0518,0.0118
-0.0517,0.0117
-0.0516,0.0117
-0.0516,0.0117
-0.0515,0.0117
-0.0515,0.0117
-0.0514,0.0117
-0.0514,0.0116
-0.0513,0.0116
-0.0512,0.0116
-0.0512,0.0116
-0.0511,0.0116
-0.0511,0.0116
-0.0510,0.0115
-0.0509,0.0115
-0.0509,0.0115
-0.0508,0.0115
-0.0508,0.0115
-0.0507,0.0114
-0.0507,0.0114
-0.0506,0.0114
-0.0505,0.0114
-0.0505,0.0114
-0.0504,0.0114
-0.0504,0.0113
-0.0503,0.0113
-0.0502,0.0113
-0.0502,0.0113
-0.0501,0.0113
-0.0501,0.0113
-0.0500,0.0112
-0.0500,0.0112
-0.0499,0.0112
-0.0498,0.0112
-0.0498,0.0112
-0.0497,0.0112
-0.0497,0.0111
-0.0496,0.0111
-0.0495,0.0111
-0.0495,0.0111
-0.0494,0.0111
-0.0494,0.0110
-0.0493,0.0110
-0.0493,0.0110
-0.0492,0.0110
-0.0491,0.0110
-0.0491,0.0110
-0.0490,0.0109
-0.0490,0.0109
-0.0489,0.0109
-0.0489,0.0109
-0.0488,0.0109
-0.0487,0.0109
-0.0487,0.0108
-0.0486,0.0108
-0.0486,0.0108
-0.0485,0.0108
-0.0485,0.0108
-0.0484,0.0108
-0.0483,0.0107
-0.0483,0.0107
-0.0482,0.0107
-0.0482,0.0107
-0.0481,0.0107
-0.0481,0.0106
-0.0480,0.0106
-0.0479,0.0106
-0.0479,0.0106
-0.0478,0.0106
-0.0478,0.0106
-0.0477,0.0105
-0.0477,0.0105
-0.0476,0.0105
-0.0475,0.0105
-0.0475,0.0105
-0.0474,0.0105
-0.0474,0.0104
-0.0473,0.0104
-0.0473,0.0104
-0.0472,0.0104
-0.0471,0.0104
-0.0471,0.0104
-0.0470,0.0103
-0.0470,0.0103
-0.0469,0.0103
-0.0469,0.0103
-0.0468,0.0103
-0.0467,0.0103
-0.0467,0.0102
-0.0466,0.0102
-0.0466,0.0102
-0.0465,0.0102
-0.0465,0.0102
-0.0464,0.0102
-0.0463,0.0101
-0.0463,0.0101
-0.0462,0.0101
-0.0462,0.0101
-0.0461,0.0101
-0.0461,0.0101
-0.0460,0.0100
-0.0459,0.0100
-0.0459,0.0100
-0.0458,0.0100
-0.0458,0.0100
-0.0457,0.0100
-0.0457,0.0100
-0.0456,0.0099
-0.0456,0.0099
-0.0455,0.0099
-0.0454,0.0099
-0.0454,0.0099
-0.0453,0.0099
-0.0453,0.0098
-0.0452,0.0098
-0.0452,0.0098
-0.0451,0.0098
-0.0450,0.0098
-0.0450,0.0098
-0.0449,0.0097
-0.0449,0.0097
-0.0448,0.0097
-0.2469
-0.2243
-0.1947
-0.1710
-0.1343
-0.1249
-0.1057
-0.0938
-0.0234
-0.0175
-0.0062
0.0230
0.0304
0.0449
0.0473
0.0473
0.0524
0.0598
0.0615
0.0637
0.0642
0.0824
0.1036
0.1130
0.1168
0.1285
0.1406
0.1460
0.1543
0.1760
0.2075
0.2195
0.2207
0.2279
0.2287
0.2313
0.2345
0.2371
0.2417
0.2489
0.2490
0.2617
0.2731
0.2787
0.2951
0.3053
0.3118
0.3226
0.3245
0.3336
0.3369
0.3433
0.3540
0.3548
0.3616
0.3631
0.3767
0.3826
0.3890
0.3914
0.3916
0.4156
0.4158
0.4169
0.4169
0.4263
0.4313
0.4314
0.4423
0.4465
0.4498
0.4500
0.4620
0.4621
0.4646
0.4648
0.4748
0.4806
0.4864
0.4874
0.4892
0.4894
0.4940
0.4949
0.5030
0.5089
0.5093
0.5115
0.5173
0.5194
0.5202
0.5220
0.5258
0.5308
0.5315
0.5337
0.5398
0.5432
0.5510
0.5551
0.5586
0.5600
0.5605
0.5620
0.5627
0.5671
0.5694
0.5727
0.5738
0.5771
0.5852
0.5866
0.5902
0.5941
0.5945
0.5958
0.5998
0.6003
0.6058
0.6105
0.6126
0.6169
0.6327
0.6350
0.6365
0.6408
0.6419
0.6436
0.6469
0.6507
0.6522
0.6538
0.6569
0.6583
0.6598
0.6609
0.6692
0.6694
0.6718
0.6805
0.6816
0.6829
0.6830
0.6838
0.6861
0.6883
0.6947
0.6974
0.6975
0.7001
0.7021
0.7032
0.7041
0.7048
0.7061
0.7061
0.7098
0.7098
0.7127
0.7129
0.7130
0.7134
0.7140
0.7178
0.7181
0.7197
0.7225
0.7262
0.7373
0.7424
0.7429
0.7475
0.7496
0.7517
0.7534
0.7587
0.7593
0.7603
0.7612
0.7643
0.7654
0.7699
0.7729
0.7730
0.7750
0.7774
0.7788
0.7877
0.7883
0.7900
0.7918
0.7925
0.7958
0.7970
0.7977
0.7979
0.7982
0.8013
0.8048
0.8123
0.8135
0.8146
0.8178
0.8195
0.8286
0.8321
0.8324
0.8342
0.8343
0.8354
0.8372
0.8385
0.8400
0.8405
0.8443
0.8486
0.8497
0.8498
0.8522
0.8533
0.8553
0.8555
0.8656
0.8664
0.8671
0.8681
0.8763
0.8772
0.8785
0.8790
0.8822
0.8826
0.8850
0.8883
0.8891
0.8893
0.8917
0.8926
0.8931
0.8958
0.8978
0.9009
0.9018
0.9045
0.9062
0.9063
0.9075
0.9082
0.9084
0.9089
0.9137
0.9167
0.9170
0.9171
0.9174
0.9215
0.9241
0.9245
0.9246
0.9265
0.9286
0.9299
0.9319
0.9321
0.9327
0.9373
0.9425
0.9440
0.9466
0.9472
0.9477
0.9478
0.9562
0.9566
0.9578
0.9580
0.9625
0.9627
0.9634
0.9657
0.9665
0.9699
0.9700
0.9705
0.9739
0.9751
0.9768
0.9785
0.9799
0.9809
0.9834
0.9851
0.9877
0.9959
0.9977
0.9998
1.0093
1.0096
1.0106
1.0186
1.0188
1.0192
1.0217
1.0218
1.0221
1.0261
1.0266
1.0285
1.0309
1.0317
1.0343
1.0354
1.0412
1.0420
1.0428
1.0438
1.0444
1.0447
1.0473
1.0483
1.0492
1.0507
1.0520
1.0570
1.0581
1.0595
1.0647
1.0671
1.0678
1.0704
1.0705
1.0707
1.0746
1.0762
1.0771
1.0776
1.0805
1.0833
1.0883
1.0903
1.0940
1.0966
1.0972
1.0974
1.0979
1.0981
1.0986
1.0990
1.1002
1.1061
1.1084
1.1107
1.1124
1.1131
1.1138
1.1155
1.1189
1.1191
1.1202
1.1205
1.1251
1.1252
1.1280
1.1285
1.1312
1.1332
1.1338
1.1352
1.1356
1.1388
1.1425
1.1446
1.1453
1.1464
1.1472
1.1495
1.1509
1.1524
1.1545
1.1555
1.1566
1.1595
1.1649
1.1672
1.1699
1.1718
1.1724
1.1746
1.1746
1.1752
1.1770
1.1833
1.1844
1.1878
1.1891
1.1892
1.1914
1.1976
1.2004
1.2016
1.2033
1.2071
1.2091
1.2149
1.2174
1.2242
1.2242
1.2305
1.2323
1.2323
1.2360
1.2367
1.2373
1.2387
1.2390
1.2397
1.2399
1.2415
1.2418
1.2437
1.2465
1.2469
1.2531
1.2537
1.2574
1.2578
1.2589
1.2639
1.2705
1.2745
1.2746
1.2770
1.2782
1.2792
1.2807
1.2818
1.2825
1.2836
1.2866
1.2876
1.2896
1.2909
1.2931
1.2968
1.2975
1.2981
1.3021
1.3023
1.3071
1.3096
1.3105
1.3189
1.3218
1.3240
1.3241
1.3261
1.3293
1.3294
1.3300
1.3320
1.3382
1.3390
1.3396
1.3399
1.3415
1.3429
1.3463
1.3480
1.3482
1.3496
1.3522
1.3535
1.3555
1.3560
1.3563
1.3597
1.3612
1.3683
1.3697
1.3760
1.3791
1.3828
1.3839
1.3849
1.3904
1.3930
1.3962
1.3968
1.3989
1.4015
1.4032
1.4067
1.4090
1.4141
1.4142
1.4142
1.4146
1.4150
1.4173
1.4180
1.4187
1.4200
1.4235
1.4311
1.4319
1.4356
1.4361
1.4362
1.4379
1.4402
1.4413
1.4423
1.4454
1.4470
1.4471
1.4491
1.4504
1.4510
1.4524
1.4526
1.4575
1.4592
1.4595
1.4655
1.4673
1.4696
1.4701
1.4741
1.4781
1.4813
1.4822
1.4828
1.4833
1.4854
1.4880
1.4935
1.4992
1.4998
1.5009
1.5011
1.5014
1.5023
1.5034
1.5079
1.5096
1.5104
1.5121
1.5148
1.5167
1.5191
1.5192
1.5219
1.5221
1.5223
1.5239
1.5260
1.5309
1.5338
1.5370
1.5408
1.5415
1.5445
1.5450
1.5456
1.5465
1.5470
1.5471
1.5517
1.5532
1.5541
1.5542
1.5557
1.5576
1.5586
1.5593
1.5630
1.5662
1.5664
1.5680
1.5688
1.5688
1.5690
1.5705
1.5733
1.5762
1.5763
1.5776
1.5777
1.5793
1.5802
1.5817
1.5829
1.5840
1.5842
1.5898
1.6025
1.6131
1.6202
1.6220
1.6225
1.6237
1.6248
1.6250
1.6259
1.6274
1.6276
1.6279
1.6289
1.6296
1.6349
1.6392
1.6427
1.6439
1.6442
1.6461
1.6465
1.6471
1.6480
1.6538
1.6549
1.6576
1.6592
1.6719
1.6722
1.6795
1.6806
1.6806
1.6810
1.6813
1.6813
1.6860
1.6875
1.6913
1.6940
1.6947
1.6964
1.6971
1.6994
1.7036
1.7067
1.7075
1.7095
1.7101
1.7109
1.7114
1.7186
1.7198
1.7200
1.7202
1.7211
1.7236
1.7271
1.7297
1.7309
1.7316
1.7361
1.7367
1.7372
1.7389
1.7396
1.7415
1.7433
1.7469
1.7472
1.7480
1.7486
1.7486
1.7498
1.7515
1.7519
1.7525
1.7528
1.7530
1.7613
1.7626
1.7636
1.7673
1.7697
1.7702
1.7767
1.7825
1.7826
1.7843
1.7851
1.7862
1.7953
1.7966
1.7981
1.8029
1.8035
1.8056
1.8058
1.8088
1.8162
1.8197
1.8210
1.8223
1.8296
1.8367
1.8374
1.8382
1.8389
1.8396
1.8402
1.8425
1.8447
1.8485
1.8485
1.8525
1.8527
1.8539
1.8575
1.8616
1.8649
1.8661
1.8719
1.8733
1.8747
1.8748
1.8795
1.8804
1.8816
1.8828
1.8838
1.8895
1.8940
1.8941
1.8958
1.8959
1.9001
1.9009
1.9041
1.9049
1.9061
1.9071
1.9086
1.9086
1.9115
1.9122
1.9171
1.9175
1.9209
1.9219
1.9225
1.9239
1.9239
1.9260
1.9349
1.9351
1.9393
1.9404
1.9404
1.9438
1.9458
1.9526
1.9609
1.9687
1.9707
1.9770
1.9779
1.9804
1.9810
1.9853
1.9888
1.9902
1.9915
1.9934
1.9949
1.9984
1.9990
2.0054
2.0071
2.0124
2.0148
2.0187
2.0218
2.0286
2.0301
2.0364
2.0389
2.0396
2.0408
2.0442
2.0488
2.0493
2.0556
2.0570
2.0643
2.0647
2.0663
2.0704
2.0728
2.0737
2.0760
2.0764
2.0771
2.0783
2.0815
2.0846
2.0911
2.0915
2.0927
2.0932
2.0941
2.0946
2.0946
2.1001
2.1029
2.1033
2.1034
2.1059
2.1085
2.1231
2.1255
2.1266
2.1324
2.1351
2.1356
2.1404
2.1409
2.1412
2.1422
2.1423
2.1441
2.1450
2.1504
2.1546
2.1554
2.1653
2.1745
2.1798
2.1826
2.1908
2.1948
2.1956
2.2056
2.2070
2.2147
2.2155
2.2179
2.2233
2.2240
2.2248
2.2249
2.2265
2.2301
2.2443
2.2563
2.2572
2.2643
2.2740
2.2752
2.2756
2.2844
2.2919
2.2965
2.2982
2.3048
2.3075
2.3090
2.3094
2.3102
2.3105
2.3120
2.3272
2.3284
2.3313
2.3316
2.3318
2.3343
2.3380
2.3443
2.3536
2.3546
2.3594
2.3653
2.3686
2.3752
2.3770
2.3818
2.3857
2.3899
2.3965
2.4002
2.4127
2.4165
2.4284
2.4303
2.4435
2.4461
2.4471
2.4593
2.4631
2.4834
2.4920
2.5020
2.5144
2.5164
2.5464
2.5493
2.5602
2.5666
2.5689
2.5757
2.5770
2.5847
2.5870
2.6187
2.6220
2.6260
2.6360
2.6402
2.6482
2.6584
2.6706
2.6716
2.6731
2.6919
2.7156
2.7194
2.7224
2.7283
2.7346
2.7448
2.7522
2.7532
2.7536
2.7578
2.7613
2.7639
2.7772
2.7857
2.7859
2.7897
2.7920
2.7985
2.8176
2.8268
2.8305
2.8412
2.8492
2.8632
2.8742
2.8830
2.8844
2.8873
2.8879
2.9005
2.9068
2.9480
2.9643
2.9694
2.9700
2.9749
2.9790
2.9973
3.0302
3.0445
3.0667
3.0776
3.1234
3.1646
3.1791
3.1965
3.2215
3.2274
3.2329
3.2490
3.2730
3.2739
3.2777
3.2861
3.3168
3.3173
3.3254
3.3547
3.3838
3.4019
3.4124
3.4127
3.4414
3.4614
3.4661
3.4746
3.4947
3.5174
3.6180
3.6386
3.6668
3.6828
3.6974
3.7876
3.7966
3.8320
3.8583
4.0709
4.0851
4.1508
4.2890
4.4389
