1000
1000
-1.4601,0.1825
-1.3685,0.1795
-1.1518,0.1404
-1.0081,0.1343
-0.9033,0.1307
-0.8231,0.1277
-0.7605,0.1255
-0.7100,0.1237
-0.6680,0.1220
-0.6321,0.1201
-0.6014,0.1186
-0.5744,0.1168
-0.5502,0.1144
-0.5287,0.1122
-0.5095,0.1103
-0.4921,0.1086
-0.4761,0.1068
-0.4613,0.1047
-0.4477,0.1027
-0.4351,0.1008
-0.4234,0.0990
-0.4126,0.0973
-0.4026,0.0957
-0.3932,0.0942
-0.3845,0.0928
-0.3762,0.0914
-0.3684,0.0901
-0.3611,0.0888
-0.3542,0.0876
-0.3477,0.0864
-0.3414,0.0853
-0.3355,0.0841
-0.3298,0.0831
-0.3245,0.0820
-0.3193,0.0811
-0.3145,0.0802
-0.3098,0.0793
-0.3053,0.0785
-0.3010,0.0777
-0.2969,0.0768
-0.2929,0.0760
-0.2891,0.0752
-0.2854,0.0745
-0.2818,0.0737
-0.2784,0.0729
-0.2750,0.0722
-0.2718,0.0715
-0.2687,0.0708
-0.2657,0.0701
-0.2628,0.0694
-0.2599,0.0687
-0.2572,0.0681
-0.2545,0.0675
-0.2519,0.0668
-0.2494,0.0662
-0.2469,0.0656
-0.2446,0.0650
-0.2422,0.0645
-0.2400,0.0639
-0.2378,0.0633
-0.2356,0.0628
-0.2336,0.0623
-0.2315,0.0618
-0.2295,0.0613
-0.2276,0.0608
-0.2257,0.0604
-0.2238,0.0599
-0.2220,0.0594
-0.2203,0.0590
-0.2185,0.0586
-0.2169,0.0582
-0.2152,0.0578
-0.2136,0.0574
-0.2120,0.0570
-0.2105,0.0566
-0.2090,0.0562
-0.2075,0.0559
-0.2061,0.0555
-0.2047,0.0552
-0.2033,0.0548
-0.2019,0.0545
-0.2006,0.0542
-0.1993,0.0539
-0.1980,0.0536
-0.1968,0.0533
-0.1956,0.0530
-0.1943,0.0526
-0.1931,0.0524
-0.1920,0.0521
-0.1908,0.0518
-0.1897,0.0515
-0.1886,0.0512
-0.1875,0.0509
-0.1864,0.0506
-0.1854,0.0503
-0.1843,0.0501
-0.1833,0.0498
-0.1823,0.0495
-0.1813,0.0493
-0.1803,0.0490
-0.1793,0.0488
-0.1784,0.0485
-0.1775,0.0483
-0.1765,0.0480
-0.1756,0.0478
-0.1747,0.0476
-0.1739,0.0473
-0.1730,0.0471
-0.1721,0.0469
-0.1713,0.0467
-0.1704,0.0465
-0.1696,0.0462
-0.1688,0.0460
-0.1680,0.0458
-0.1672,0.0456
-0.1664,0.0454
-0.1656,0.0452
-0.1649,0.0450
-0.1641,0.0448
-0.1634,0.0446
-0.1626,0.0444
-0.1619,0.0442
-0.1612,0.0440
-0.1605,0.0438
-0.1598,0.0436
-0.1591,0.0434
-0.1584,0.0432
-0.1577,0.0430
-0.1570,0.0428
-0.1564,0.0427
-0.1557,0.0425
-0.1551,0.0423
-0.1544,0.0421
-0.1538,0.0419
-0.1532,0.0418
-0.1525,0.0416
-0.1519,0.0414
-0.1513,0.0413
-0.1507,0.0411
-0.1501,0.0409
-0.1495,0.0407
-0.1489,0.0406
-0.1483,0.0404
-0.1477,0.0403
-0.1472,0.0401
-0.1466,0.0399
-0.1460,0.0398
-0.1455,0.0396
-0.1449,0.0395
-0.1444,0.0393
-0.1438,0.0392
-0.1433,0.0390
-0.1428,0.0389
-0.1422,0.0387
-0.1417,0.0386
-0.1412,0.0384
-0.1407,0.0383
-0.1402,0.0381
-0.1396,0.0380
-0.1391,0.0379
-0.1386,0.0377
-0.1382,0.0376
-0.1377,0.0374
-0.1372,0.0373
-0.1367,0.0372
-0.1362,0.0371
-0.1358,0.0369
-0.1353,0.0368
-0.1348,0.0367
-0.1344,0.0365
-0.1339,0.0364
-0.1334,0.0363
-0.1330,0.0362
-0.1326,0.0360
-0.1321,0.0359
-0.1317,0.0358
-0.1312,0.0357
-0.1308,0.0356
-0.1304,0.0354
-0.1299,0.0353
-0.1295,0.0352
-0.1291,0.0351
-0.1287,0.0350
-0.1283,0.0349
-0.1279,0.0347
-0.1275,0.0346
-0.1270,0.0345
-0.1266,0.0344
-0.1262,0.0343
-0.1258,0.0342
-0.1255,0.0340
-0.1251,0.0339
-0.1247,0.0338
-0.1243,0.0337
-0.1239,0.0336
-0.1235,0.0335
-0.1231,0.0334
-0.1228,0.0333
-0.1224,0.0331
-0.1220,0.0330
-0.1216,0.0329
-0.1213,0.0328
-0.1209,0.0327
-0.1205,0.0326
-0.1202,0.0324
-0.1198,0.0323
-0.1194,0.0322
-0.1191,0.0321
-0.1187,0.0320
-0.1184,0.0319
-0.1180,0.0317
-0.1177,0.0316
-0.1173,0.0315
-0.1170,0.0314
-0.1166,0.0313
-0.1163,0.0312
-0.1160,0.0310
-0.1156,0.0309
-0.1153,0.0308
-0.1149,0.0307
-0.1146,0.0306
-0.1143,0.0305
-0.1140,0.0304
-0.1136,0.0303
-0.1133,0.0302
-0.1130,0.0301
-0.1127,0.0300
-0.1123,0.0299
-0.1120,0.0298
-0.1117,0.0297
-0.1114,0.0296
-0.1111,0.0295
-0.1108,0.0294
-0.1105,0.0293
-0.1102,0.0292
-0.1099,0.0291
-0.1096,0.0290
-0.1093,0.0289
-0.1090,0.0288
-0.1087,0.0287
-0.1084,0.0286
-0.1081,0.0285
-0.1078,0.0284
-0.1075,0.0283
-0.1072,0.0282
-0.1069,0.0281
-0.1066,0.0280
-0.1063,0.0280
-0.1060,0.0279
-0.1058,0.0278
-0.1055,0.0277
-0.1052,0.0276
-0.1049,0.0275
-0.1046,0.0274
-0.1043,0.0273
-0.1041,0.0272
-0.1038,0.0271
-0.1035,0.0270
-0.1032,0.0269
-0.1030,0.0268
-0.1027,0.0267
-0.1024,0.0267
-0.1022,0.0266
-0.1019,0.0265
-0.1016,0.0264
-0.1014,0.0263
-0.1011,0.0262
-0.1008,0.0261
-0.1006,0.0260
-0.1003,0.0259
-0.1001,0.0259
-0.0998,0.0258
-0.0995,0.0257
-0.0993,0.0256
-0.0990,0.0255
-0.0988,0.0254
-0.0985,0.0254
-0.0983,0.0253
-0.0980,0.0252
-0.0978,0.0251
-0.0975,0.0250
-0.0973,0.0249
-0.0970,0.0249
-0.0968,0.0248
-0.0965,0.0247
-0.0963,0.0246
-0.0960,0.0245
-0.0958,0.0245
-0.0956,0.0244
-0.0953,0.0243
-0.0951,0.0242
-0.0948,0.0241
-0.0946,0.0240
-0.0944,0.0240
-0.0941,0.0239
-0.0939,0.0238
-0.0937,0.0237
-0.0934,0.0237
-0.0932,0.0236
-0.0930,0.0235
-0.0927,0.0234
-0.0925,0.0233
-0.0923,0.0233
-0.0920,0.0232
-0.0918,0.0231
-0.0916,0.0230
-0.0914,0.0230
-0.0911,0.0229
-0.0909,0.0228
-0.0907,0.0227
-0.0905,0.0226
-0.0902,0.0226
-0.0900,0.0225
-0.0898,0.0224
-0.0896,0.0223
-0.0893,0.0223
-0.0891,0.0222
-0.0889,0.0221
-0.0887,0.0220
-0.0885,0.0220
-0.0882,0.0219
-0.0880,0.0218
-0.0878,0.0217
-0.0876,0.0217
-0.0874,0.0216
-0.0871,0.0215
-0.0869,0.0214
-0.0867,0.0214
-0.0865,0.0213
-0.0863,0.0212
-0.0860,0.0211
-0.0858,0.0211
-0.0856,0.0210
-0.0854,0.0209
-0.0852,0.0208
-0.0850,0.0208
-0.0848,0.0207
-0.0846,0.0206
-0.0843,0.0205
-0.0841,0.0205
-0.0839,0.0204
-0.0837,0.0203
-0.0835,0.0203
-0.0833,0.0202
-0.0831,0.0201
-0.0829,0.0201
-0.0827,0.0200
-0.0825,0.0199
-0.0823,0.0199
-0.0821,0.0198
-0.0819,0.0197
-0.0816,0.0196
-0.0814,0.0196
-0.0812,0.0195
-0.0810,0.0194
-0.0808,0.0194
-0.0806,0.0193
-0.0804,0.0192
-0.0802,0.0192
-0.0800,0.0191
-0.0798,0.0190
-0.0796,0.0190
-0.0794,0.0189
-0.0792,0.0188
-0.0790,0.0188
-0.0788,0.0187
-0.0786,0.0186
-0.0785,0.0186
-0.0783,0.0185
-0.0781,0.0185
-0.0779,0.0184
-0.0777,0.0183
-0.0775,0.0183
-0.0773,0.0182
-0.0771,0.0182
-0.0769,0.0181
-0.0767,0.0180
-0.0765,0.0180
-0.0763,0.0179
-0.0761,0.0179
-0.0759,0.0178
-0.0757,0.0177
-0.0755,0.0177
-0.0753,0.0176
-0.0752,0.0176
-0.0750,0.0175
-0.0748,0.0174
-0.0746,0.0174
-0.0744,0.0173
-0.0742,0.0173
-0.0740,0.0172
-0.0738,0.0171
-0.0736,0.0171
-0.0734,0.0170
-0.0733,0.0170
-0.0731,0.0169
-0.0729,0.0169
-0.0727,0.0168
-0.0725,0.0167
-0.0723,0.0167
-0.0721,0.0166
-0.0719,0.0166
-0.0718,0.0165
-0.0716,0.0165
-0.0714,0.0164
-0.0712,0.0163
-0.0710,0.0163
-0.0708,0.0162
-0.0706,0.0162
-0.0705,0.0161
-0.0703,0.0161
-0.0701,0.0160
-0.0699,0.0159
-0.0697,0.0159
-0.0695,0.0158
-0.0694,0.0158
-0.0692,0.0157
-0.0690,0.0157
-0.0688,0.0156
-0.0686,0.0156
-0.0684,0.0155
-0.0682,0.0154
-0.0681,0.0154
-0.0679,0.0153
-0.0677,0.0153
-0.0675,0.0152
-0.0673,0.0152
-0.0672,0.0151
-0.0670,0.0151
-0.0668,0.0150
-0.0666,0.0150
-0.0664,0.0149
-0.0663,0.0148
-0.0661,0.0148
-0.0659,0.0147
-0.0657,0.0147
-0.0655,0.0146
-0.0653,0.0146
-0.0652,0.0145
-0.0650,0.0145
-0.0648,0.0144
-0.0646,0.0144
-0.0644,0.0143
-0.0643,0.0143
-0.0641,0.0142
-0.0639,0.0142
-0.0637,0.0141
-0.0635,0.0140
-0.0634,0.0140
-0.0632,0.0139
-0.0630,0.0139
-0.0628,0.0138
-0.0626,0.0138
-0.0624,0.0137
-0.0623,0.0137
-0.0621,0.0136
-0.0619,0.0136
-0.0617,0.0135
-0.0615,0.0135
-0.0614,0.0134
-0.0612,0.0134
-0.0610,0.0133
-0.0608,0.0133
-0.0606,0.0132
-0.0605,0.0132
-0.0603,0.0131
-0.0601,0.0131
-0.0599,0.0130
-0.0597,0.0130
-0.0596,0.0129
-0.0594,0.0129
-0.0592,0.0128
-0.0590,0.0128
-0.0588,0.0127
-0.0587,0.0127
-0.0585,0.0126
-0.0583,0.0126
-0.0581,0.0125
-0.0579,0.0125
-0.0577,0.0124
-0.0576,0.0124
-0.0574,0.0123
-0.0572,0.0123
-0.0570,0.0122
-0.0568,0.0122
-0.0567,0.0121
-0.0565,0.0121
-0.0563,0.0120
-0.0561,0.0120
-0.0559,0.0119
-0.0557,0.0119
-0.0556,0.0118
-0.0554,0.0118
-0.0552,0.0117
-0.0550,0.0117
-0.0548,0.0116
-0.0547,0.0116
-0.0545,0.0115
-0.0543,0.0115
-0.0541,0.0114
-0.0539,0.0114
-0.0538,0.0114
-0.0536,0.0113
-0.0534,0.0113
-0.0532,0.0112
-0.0530,0.0112
-0.0528,0.0111
-0.0527,0.0111
-0.0525,0.0110
-0.0523,0.0110
-0.0521,0.0109
-0.0519,0.0109
-0.0517,0.0108
-0.0516,0.0108
-0.0514,0.0107
-0.0512,0.0107
-0.0510,0.0106
-0.0508,0.0106
-0.0506,0.0105
-0.0504,0.0105
-0.0503,0.0104
-0.0501,0.0104
-0.0499,0.0103
-0.0497,0.0103
-0.0495,0.0102
-0.0493,0.0102
-0.0491,0.0101
-0.0489,0.0101
-0.0488,0.0100
-0.0486,0.0100
-0.0484,0.0099
-0.0482,0.0099
-0.0480,0.0098
-0.0478,0.0098
-0.0476,0.0098
-0.0474,0.0097
-0.0472,0.0097
-0.0470,0.0096
-0.0468,0.0096
-0.0467,0.0095
-0.0465,0.0095
-0.0463,0.0094
-0.0461,0.0094
-0.0459,0.0094
-0.0457,0.0093
-0.0455,0.0093
-0.0453,0.0092
-0.0451,0.0092
-0.0449,0.0091
-0.0447,0.0091
-0.0445,0.0091
-0.0443,0.0090
-0.0441,0.0090
-0.0439,0.0089
-0.0437,0.0089
-0.0435,0.0088
-0.0433,0.0088
-0.0431,0.0088
-0.0429,0.0087
-0.0427,0.0087
-0.0425,0.0086
-0.0423,0.0086
-0.0421,0.0086
-0.0419,0.0085
-0.0417,0.0085
-0.0415,0.0084
-0.0413,0.0084
-0.0411,0.0084
-0.0409,0.0083
-0.0407,0.0083
-0.0405,0.0082
-0.0403,0.0082
-0.0401,0.0082
-0.0399,0.0081
-0.0397,0.0081
-0.0394,0.0080
-0.0392,0.0080
-0.0390,0.0080
-0.0388,0.0079
-0.0386,0.0079
-0.0384,0.0078
-0.0382,0.0078
-0.0379,0.0077
-0.0377,0.0077
-0.0375,0.0077
-0.0373,0.0076
-0.0371,0.0076
-0.0368,0.0075
-0.0366,0.0075
-0.0364,0.0074
-0.0361,0.0074
-0.0359,0.0073
-0.0357,0.0073
-0.0355,0.0072
-0.0352,0.0072
-0.0350,0.0071
-0.0347,0.0071
-0.0345,0.0070
-0.0343,0.0070
-0.0340,0.0069
-0.0338,0.0069
-0.0335,0.0068
-0.0333,0.0068
-0.0330,0.0067
-0.0328,0.0067
-0.0325,0.0066
-0.0323,0.0066
-0.0320,0.0065
-0.0318,0.0065
-0.0315,0.0064
-0.0313,0.0064
-0.0310,0.0063
-0.0307,0.0063
-0.0305,0.0062
-0.0302,0.0062
-0.0299,0.0061
-0.0297,0.0061
-0.0294,0.0060
-0.0291,0.0059
-0.0288,0.0059
-0.0285,0.0058
-0.0283,0.0058
-0.0280,0.0057
-0.0277,0.0057
-0.0274,0.0056
-0.0271,0.0056
-0.0268,0.0055
-0.0265,0.0055
-0.0262,0.0054
-0.0259,0.0053
-0.0255,0.0053
-0.0252,0.0052
-0.0249,0.0052
-0.0246,0.0051
-0.0243,0.0051
-0.0239,0.0050
-0.0236,0.0050
-0.0232,0.0049
-0.0229,0.0048
-0.0225,0.0048
-0.0222,0.0047
-0.0218,0.0047
-0.0214,0.0046
-0.0210,0.0046
-0.0207,0.0045
-0.0203,0.0045
-0.0199,0.0044
-0.0195,0.0044
-0.0191,0.0043
-0.0186,0.0042
-0.0182,0.0042
-0.0178,0.0041
-0.0173,0.0041
-0.0169,0.0040
-0.0164,0.0040
-0.0159,0.0039
-0.0154,0.0039
-0.0149,0.0038
-0.0143,0.0038
-0.0138,0.0037
-0.0132,0.0037
-0.0126,0.0036
-0.0119,0.0035
-0.0113,0.0034
-0.0106,0.0033
-0.0098,0.0032
-0.0090,0.0031
-0.0080,0.0029
0.0000,0.0000
0.0000,0.0000
0.0000,0.0000
0.0000,0.0000
0.0000,0.0000
0.0000,0.0000
0.0000,0.0000
0.0000,0.0000
0.0000,0.0000
0.0000,0.0000
0.0000,0.0000
0.0000,0.0000
0.0000,0.0000
0.0000,0.0000
0.0000,0.0000
0.0000,0.0000
0.0000,0.0000
0.0000,0.0000
0.0000,0.0000
0.0000,0.0000
0.0000,0.0000
0.0000,0.0000
0.0000,0.0000
0.0000,0.0000
0.0000,0.0000
0.0000,0.0000
0.0000,0.0000
0.0000,0.0000
0.0000,0.0000
0.0000,0.0000
0.0000,0.0000
0.0000,0.0000
0.0000,0.0000
0.0000,0.0000
0.0000,0.0000
0.0000,0.0000
0.0000,0.0000
0.0000,0.0000
0.0000,0.0000
0.0000,0.0000
0.0000,0.0000
0.0000,0.0000
0.0000,0.0000
0.0000,0.0000
0.0000,0.0000
0.0000,0.0000
0.0000,0.0000
0.0000,0.0000
0.0000,0.0000
0.0000,0.0000
0.0000,0.0000
0.0000,0.0000
0.0000,0.0000
0.0000,0.0000
0.0000,0.0000
0.0000,0.0000
0.0000,0.0000
0.0000,0.0000
0.0000,0.0000
0.0000,0.0000
0.0000,0.0000
0.0000,0.0000
0.0000,0.0000
0.0000,0.0000
0.0000,0.0000
0.0000,0.0000
0.0000,0.0000
0.0000,0.0000
0.0000,0.0000
0.0000,0.0000
0.0000,0.0000
0.0000,0.0000
0.0000,0.0000
0.0000,0.0000
0.0000,0.0000
0.0000,0.0000
0.0000,0.0000
0.0000,0.0000
0.0000,0.0000
0.0000,0.0000
0.0000,0.0000
0.0000,0.0000
0.0000,0.0000
0.0000,0.0000
0.0000,0.0000
0.0000,0.0000
0.0000,0.0000
0.0000,0.0000
0.0000,0.0000
0.0000,0.0000
0.0000,0.0000
0.0000,0.0000
0.0000,0.0000
0.0000,0.0000
0.0000,0.0000
0.0000,0.0000
0.0000,0.0000
0.0000,0.0000
0.0000,0.0000
0.0000,0.0000
0.0000,0.0000
0.0000,0.0000
0.0000,0.0000
0.0000,0.0000
0.0000,0.0000
0.0000,0.0000
0.0000,0.0000
0.0000,0.0000
0.0000,0.0000
0.0000,0.0000
0.0000,0.0000
0.0000,0.0000
0.0000,0.0000
0.0000,0.0000
0.0000,0.0000
0.0000,0.0000
0.0000,0.0000
0.0000,0.0000
0.0000,0.0000
0.0000,0.0000
0.0000,0.0000
0.0000,0.0000
0.0000,0.0000
0.0000,0.0000
0.0000,0.0000
0.0000,0.0000
0.0000,0.0000
0.0000,0.0000
0.0000,0.0000
0.0000,0.0000
0.0000,0.0000
0.0000,0.0000
0.0000,0.0000
0.0000,0.0000
0.0000,0.0000
0.0000,0.0000
0.0000,0.0000
0.0000,0.0000
0.0000,0.0000
0.0000,0.0000
0.0000,0.0000
0.0000,0.0000
0.0000,0.0000
0.0000,0.0000
0.0000,0.0000
0.0000,0.0000
0.0000,0.0000
0.0000,0.0000
0.0000,0.0000
0.0000,0.0000
0.0000,0.0000
0.0000,0.0000
0.0000,0.0000
0.0000,0.0000
0.0000,0.0000
0.0000,0.0000
0.0000,0.0000
0.0000,0.0000
0.0000,0.0000
0.0000,0.0000
0.0000,0.0000
0.0000,0.0000
0.0000,0.0000
0.0000,0.0000
0.0000,0.0000
0.0000,0.0000
0.0000,0.0000
0.0000,0.0000
0.0000,0.0000
0.0000,0.0000
0.0000,0.0000
0.0000,0.0000
0.0000,0.0000
0.0000,0.0000
0.0000,0.0000
0.0000,0.0000
0.0000,0.0000
0.0000,0.0000
0.0000,0.0000
0.0000,0.0000
0.0000,0.0000
0.0000,0.0000
0.0000,0.0000
0.0000,0.0000
0.0000,0.0000
0.0000,0.0000
0.0000,0.0000
0.0000,0.0000
0.0000,0.0000
0.0000,0.0000
0.0000,0.0000
0.0000,0.0000
0.0000,0.0000
0.0000,0.0000
0.0000,0.0000
0.0000,0.0000
0.0000,0.0000
0.0000,0.0000
0.0000,0.0000
0.0000,0.0000
0.0000,0.0000
0.0000,0.0000
0.0000,0.0000
0.0000,0.0000
0.0000,0.0000
0.0000,0.0000
0.0000,0.0000
0.0000,0.0000
0.0000,0.0000
0.0000,0.0000
0.0000,0.0000
0.0000,0.0000
0.0000,0.0000
0.0000,0.0000
0.0000,0.0000
0.0000,0.0000
0.0000,0.0000
0.0000,0.0000
0.0000,0.0000
0.0000,0.0000
0.0000,0.0000
0.0000,0.0000
0.0000,0.0000
0.0000,0.0000
0.0000,0.0000
0.0000,0.0000
0.0000,0.0000
0.0000,0.0000
0.0000,0.0000
0.0000,0.0000
0.0000,0.0000
0.0000,0.0000
0.0000,0.0000
0.0000,0.0000
0.0000,0.0000
0.0000,0.0000
0.0000,0.0000
0.0000,0.0000
0.0000,0.0000
0.0000,0.0000
0.0000,0.0000
0.0000,0.0000
0.0000,0.0000
0.0000,0.0000
0.0000,0.0000
0.0000,0.0000
0.0000,0.0000
0.0000,0.0000
0.0000,0.0000
0.0000,0.0000
0.0000,0.0000
0.0000,0.0000
0.0000,0.0000
0.0000,0.0000
0.0000,0.0000
0.0000,0.0000
0.0000,0.0000
0.0000,0.0000
0.0000,0.0000
0.0000,0.0000
0.0000,0.0000
0.0000,0.0000
0.0000,0.0000
0.0000,0.0000
0.0000,0.0000
0.0000,0.0000
0.0000,0.0000
0.0000,0.0000
0.0000,0.0000
0.0000,0.0000
0.0000,0.0000
0.0000,0.0000
0.0000,0.0000
0.0000,0.0000
0.0000,0.0000
0.0000,0.0000
0.0000,0.0000
0.0000,0.0000
0.0000,0.0000
0.0000,0.0000
0.0000,0.0000
0.0000,0.0000
0.0000,0.0000
0.0000,0.0000
0.0000,0.0000
0.0000,0.0000
0.0000,0.0000
0.0000,0.0000
0.0000,0.0000
0.0000,0.0000
0.0000,0.0000
0.0000,0.0000
0.0000,0.0000
0.0000,0.0000
0.0000,0.0000
0.0000,0.0000
0.0000,0.0000
0.0000,0.0000
0.0000,0.0000
0.0000,0.0000
0.0000,0.0000
0.0000,0.0000
0.0000,0.0000
0.0000,0.0000
0.0000,0.0000
0.0000,0.0000
0.0000,0.0000
0.0000,0.0000
0.0000,0.0000
0.0000,0.0000
0.0000,0.0000
0.0000,0.0000
0.0000,0.0000
0.0000,0.0000
0.0000,0.0000
0.0000,0.0000
0.0000,0.0000
0.0000,0.0000
0.0000,0.0000
0.0000,0.0000
0.0000,0.0000
0.0000,0.0000
0.0000,0.0000
0.0000,0.0000
0.0000,0.0000
0.0000,0.0000
0.0000,0.0000
0.0000,0.0000
0.0000,0.0000
0.0000,0.0000
0.0000,0.0000
0.0000,0.0000
-0.5288
-0.3309
-0.2779
-0.2365
-0.1191
-0.0757
-0.0586
-0.0065
0.0208
0.0271
0.0302
0.0332
0.0592
0.0640
0.0808
0.0811
0.0942
0.1053
0.1288
0.1415
0.1429
0.1579
0.1654
0.1733
0.1911
0.1990
0.2072
0.2192
0.2381
0.2483
0.2502
0.2536
0.2606
0.2610
0.2663
0.2671
0.2709
0.2715
0.2772
0.2837
0.2905
0.2908
0.3126
0.3143
0.3180
0.3192
0.3352
0.3361
0.3407
0.3477
0.3494
0.3504
0.3576
0.3583
0.3630
0.3705
0.3873
0.4069
0.4072
0.4118
0.4146
0.4179
0.4190
0.4205
0.4232
0.4238
0.4427
0.4427
0.4467
0.4488
0.4557
0.4586
0.4608
0.4628
0.4638
0.4657
0.4676
0.4815
0.4872
0.4897
0.4927
0.4954
0.5014
0.5042
0.5290
0.5394
0.5396
0.5416
0.5430
0.5577
0.5622
0.5624
0.5625
0.5648
0.5651
0.5737
0.5753
0.5787
0.5805
0.5812
0.5812
0.5826
0.5833
0.5865
0.5891
0.5908
0.5934
0.5951
0.5969
0.6074
0.6097
0.6105
0.6154
0.6197
0.6217
0.6226
0.6231
0.6259
0.6262
0.6408
0.6435
0.6509
0.6524
0.6554
0.6569
0.6674
0.6686
0.6736
0.6767
0.6785
0.6785
0.6787
0.6834
0.6869
0.6887
0.6889
0.7040
0.7062
0.7068
0.7091
0.7123
0.7158
0.7233
0.7234
0.7253
0.7271
0.7333
0.7335
0.7341
0.7348
0.7365
0.7369
0.7374
0.7398
0.7403
0.7509
0.7525
0.7609
0.7656
0.7664
0.7686
0.7709
0.7765
0.7840
0.7845
0.7858
0.7869
0.7881
0.7893
0.7911
0.7949
0.7954
0.8046
0.8099
0.8123
0.8136
0.8141
0.8168
0.8178
0.8225
0.8264
0.8282
0.8332
0.8344
0.8383
0.8428
0.8434
0.8441
0.8460
0.8471
0.8490
0.8490
0.8516
0.8535
0.8600
0.8611
0.8641
0.8655
0.8701
0.8703
0.8730
0.8770
0.8856
0.8865
0.8885
0.8892
0.8987
0.8994
0.8995
0.8999
0.9002
0.9019
0.9040
0.9047
0.9053
0.9119
0.9172
0.9180
0.9184
0.9296
0.9332
0.9395
0.9395
0.9411
0.9498
0.9503
0.9508
0.9522
0.9539
0.9555
0.9560
0.9621
0.9627
0.9657
0.9697
0.9699
0.9721
0.9733
0.9754
0.9798
0.9820
0.9846
0.9856
0.9867
0.9952
0.9955
0.9985
0.9996
1.0020
1.0030
1.0042
1.0061
1.0119
1.0134
1.0149
1.0184
1.0198
1.0223
1.0252
1.0284
1.0298
1.0307
1.0309
1.0317
1.0319
1.0335
1.0345
1.0349
1.0387
1.0441
1.0454
1.0454
1.0461
1.0466
1.0480
1.0567
1.0622
1.0646
1.0656
1.0669
1.0705
1.0715
1.0730
1.0749
1.0757
1.0761
1.0794
1.0799
1.0814
1.0847
1.0854
1.0936
1.0948
1.0949
1.0961
1.0989
1.1065
1.1108
1.1109
1.1135
1.1159
1.1181
1.1188
1.1226
1.1230
1.1248
1.1280
1.1322
1.1327
1.1403
1.1410
1.1422
1.1435
1.1454
1.1464
1.1469
1.1470
1.1484
1.1547
1.1598
1.1654
1.1687
1.1688
1.1700
1.1700
1.1708
1.1710
1.1734
1.1741
1.1758
1.1779
1.1833
1.1834
1.1873
1.1874
1.1879
1.1918
1.1925
1.1932
1.1938
1.1959
1.1995
1.2013
1.2056
1.2104
1.2121
1.2186
1.2229
1.2236
1.2314
1.2317
1.2327
1.2364
1.2370
1.2401
1.2402
1.2425
1.2517
1.2523
1.2527
1.2529
1.2539
1.2544
1.2621
1.2644
1.2644
1.2645
1.2664
1.2666
1.2676
1.2777
1.2841
1.2892
1.2895
1.2903
1.2931
1.2959
1.3009
1.3015
1.3023
1.3026
1.3062
1.3075
1.3087
1.3102
1.3113
1.3122
1.3135
1.3159
1.3180
1.3199
1.3236
1.3237
1.3271
1.3277
1.3288
1.3292
1.3303
1.3332
1.3333
1.3336
1.3355
1.3397
1.3401
1.3426
1.3434
1.3440
1.3444
1.3447
1.3463
1.3514
1.3552
1.3567
1.3586
1.3618
1.3624
1.3648
1.3654
1.3667
1.3674
1.3679
1.3692
1.3726
1.3761
1.3789
1.3789
1.3841
1.3842
1.3848
1.3849
1.3850
1.3929
1.3957
1.3967
1.4016
1.4020
1.4063
1.4088
1.4095
1.4104
1.4129
1.4136
1.4201
1.4216
1.4229
1.4234
1.4234
1.4266
1.4271
1.4288
1.4331
1.4334
1.4354
1.4457
1.4471
1.4492
1.4498
1.4501
1.4511
1.4555
1.4596
1.4619
1.4625
1.4645
1.4649
1.4663
1.4723
1.4783
1.4784
1.4801
1.4813
1.4814
1.4814
1.4816
1.4833
1.4843
1.4858
1.4902
1.4910
1.4925
1.4936
1.4955
1.4962
1.4998
1.5023
1.5054
1.5056
1.5083
1.5114
1.5114
1.5188
1.5204
1.5296
1.5299
1.5320
1.5404
1.5406
1.5415
1.5415
1.5415
1.5478
1.5512
1.5513
1.5537
1.5545
1.5556
1.5562
1.5564
1.5571
1.5590
1.5602
1.5608
1.5622
1.5644
1.5654
1.5661
1.5664
1.5751
1.5792
1.5821
1.5836
1.5859
1.5874
1.5901
1.5912
1.5936
1.5939
1.5944
1.6053
1.6093
1.6229
1.6243
1.6243
1.6261
1.6271
1.6279
1.6368
1.6404
1.6405
1.6405
1.6424
1.6451
1.6452
1.6459
1.6496
1.6590
1.6590
1.6591
1.6599
1.6609
1.6610
1.6614
1.6625
1.6635
1.6637
1.6643
1.6705
1.6732
1.6816
1.6816
1.6847
1.6865
1.6928
1.6931
1.6947
1.6981
1.7063
1.7070
1.7089
1.7092
1.7201
1.7215
1.7236
1.7240
1.7298
1.7326
1.7355
1.7358
1.7376
1.7386
1.7406
1.7416
1.7455
1.7478
1.7484
1.7618
1.7625
1.7629
1.7632
1.7632
1.7654
1.7684
1.7710
1.7719
1.7736
1.7757
1.7777
1.7844
1.7851
1.7897
1.7904
1.7907
1.7914
1.7915
1.7934
1.7942
1.7953
1.7976
1.7985
1.8000
1.8005
1.8006
1.8015
1.8106
1.8108
1.8111
1.8185
1.8196
1.8254
1.8262
1.8285
1.8309
1.8402
1.8422
1.8496
1.8555
1.8563
1.8589
1.8621
1.8631
1.8636
1.8665
1.8670
1.8697
1.8713
1.8717
1.8720
1.8748
1.8865
1.8867
1.8875
1.8885
1.8897
1.8911
1.8968
1.8996
1.9041
1.9042
1.9048
1.9069
1.9078
1.9085
1.9115
1.9142
1.9149
1.9161
1.9163
1.9176
1.9210
1.9212
1.9223
1.9244
1.9301
1.9301
1.9310
1.9316
1.9341
1.9368
1.9371
1.9403
1.9409
1.9412
1.9414
1.9429
1.9432
1.9437
1.9491
1.9559
1.9617
1.9626
1.9627
1.9628
1.9628
1.9662
1.9679
1.9689
1.9737
1.9742
1.9775
1.9806
1.9842
1.9868
1.9920
1.9957
1.9973
1.9974
1.9985
1.9990
1.9991
2.0020
2.0025
2.0060
2.0081
2.0123
2.0192
2.0280
2.0282
2.0289
2.0373
2.0467
2.0474
2.0493
2.0508
2.0534
2.0549
2.0663
2.0670
2.0685
2.0696
2.0736
2.0773
2.0788
2.0788
2.0801
2.0898
2.0930
2.0986
2.0988
2.0990
2.1041
2.1056
2.1153
2.1182
2.1194
2.1258
2.1289
2.1349
2.1350
2.1351
2.1392
2.1408
2.1428
2.1515
2.1530
2.1558
2.1591
2.1594
2.1595
2.1742
2.1770
2.1786
2.1799
2.1835
2.1879
2.1882
2.1899
2.1914
2.1974
2.1983
2.2010
2.2021
2.2040
2.2048
2.2087
2.2141
2.2160
2.2229
2.2243
2.2246
2.2310
2.2333
2.2357
2.2418
2.2453
2.2526
2.2534
2.2597
2.2607
2.2700
2.2720
2.2723
2.2752
2.2789
2.2801
2.2825
2.2855
2.2970
2.2975
2.3032
2.3052
2.3066
2.3118
2.3124
2.3133
2.3174
2.3188
2.3214
2.3225
2.3255
2.3287
2.3356
2.3393
2.3417
2.3470
2.3503
2.3551
2.3604
2.3623
2.3623
2.3701
2.3752
2.3766
2.3806
2.3813
2.3819
2.3844
2.3870
2.4005
2.4005
2.4022
2.4023
2.4032
2.4135
2.4152
2.4170
2.4210
2.4352
2.4371
2.4404
2.4412
2.4466
2.4553
2.4575
2.4583
2.4588
2.4625
2.4630
2.4675
2.4754
2.4768
2.4967
2.4977
2.5004
2.5041
2.5057
2.5069
2.5096
2.5103
2.5165
2.5171
2.5171
2.5310
2.5389
2.5396
2.5429
2.5468
2.5541
2.5561
2.5580
2.5644
2.5714
2.5772
2.5827
2.5841
2.5880
2.5932
2.5937
2.5944
2.5964
2.6065
2.6258
2.6281
2.6320
2.6406
2.6496
2.6512
2.6526
2.6614
2.6624
2.6632
2.6658
2.6677
2.6701
2.6767
2.6804
2.6825
2.6880
2.6960
2.6998
2.7140
2.7140
2.7147
2.7156
2.7193
2.7378
2.7478
2.7541
2.7565
2.7616
2.7774
2.7803
2.7811
2.7881
2.7994
2.7995
2.8049
2.8067
2.8551
2.8588
2.8691
2.8883
2.8903
2.8927
2.8965
2.9004
2.9071
2.9100
2.9146
2.9159
2.9174
2.9177
2.9203
2.9242
2.9254
2.9358
2.9536
2.9569
2.9592
2.9617
2.9680
2.9789
2.9797
2.9882
3.0000
3.0078
3.0150
3.0169
3.0200
3.0218
3.0220
3.0250
3.0394
3.0468
3.0846
3.0925
3.0969
3.0994
3.1000
3.1475
3.1508
3.1834
3.2048
3.2085
3.2107
3.2277
3.2478
3.2525
3.2590
3.2631
3.2661
3.2793
3.3093
3.3209
3.3372
3.3374
3.3520
3.3679
3.3680
3.4019
3.4193
3.4902
3.5504
3.5835
3.5962
3.5977
3.6224
3.6460
3.6565
3.6702
3.6719
3.7148
3.7335
3.7353
3.7393
3.7717
3.8349
3.9271
3.9495
3.9564
3.9687
3.9756
4.2317
4.2823
4.2924
4.4004
4.5636
4.6510
4.6524
4.8758
6.4113
