1000
1000
-1.3279,0.2007
-1.2364,0.1944
-1.0289,0.1585
-0.8908,0.1489
-0.7915,0.1424
-0.7168,0.1379
-0.6584,0.1329
-0.6108,0.1282
-0.5717,0.1234
-0.5386,0.1192
-0.5104,0.1152
-0.4860,0.1118
-0.4647,0.1088
-0.4458,0.1059
-0.4289,0.1033
-0.4138,0.1007
-0.4001,0.0984
-0.3876,0.0962
-0.3761,0.0942
-0.3655,0.0922
-0.3558,0.0902
-0.3467,0.0883
-0.3382,0.0865
-0.3302,0.0848
-0.3228,0.0831
-0.3158,0.0815
-0.3093,0.0800
-0.3031,0.0785
-0.2973,0.0772
-0.2918,0.0759
-0.2865,0.0746
-0.2816,0.0735
-0.2769,0.0723
-0.2723,0.0712
-0.2680,0.0701
-0.2638,0.0691
-0.2599,0.0682
-0.2561,0.0673
-0.2524,0.0664
-0.2489,0.0656
-0.2455,0.0647
-0.2422,0.0639
-0.2390,0.0631
-0.2360,0.0623
-0.2330,0.0615
-0.2301,0.0608
-0.2274,0.0601
-0.2247,0.0594
-0.2221,0.0587
-0.2195,0.0580
-0.2170,0.0574
-0.2146,0.0567
-0.2123,0.0561
-0.2100,0.0555
-0.2078,0.0549
-0.2056,0.0543
-0.2035,0.0537
-0.2014,0.0532
-0.1994,0.0526
-0.1974,0.0521
-0.1955,0.0515
-0.1936,0.0510
-0.1918,0.0505
-0.1900,0.0500
-0.1882,0.0495
-0.1865,0.0490
-0.1848,0.0486
-0.1831,0.0481
-0.1815,0.0476
-0.1799,0.0472
-0.1783,0.0468
-0.1768,0.0463
-0.1753,0.0459
-0.1738,0.0455
-0.1723,0.0451
-0.1709,0.0447
-0.1695,0.0443
-0.1681,0.0439
-0.1667,0.0435
-0.1653,0.0431
-0.1640,0.0427
-0.1626,0.0424
-0.1613,0.0420
-0.1600,0.0416
-0.1587,0.0412
-0.1574,0.0408
-0.1562,0.0404
-0.1549,0.0401
-0.1537,0.0397
-0.1525,0.0394
-0.1513,0.0390
-0.1502,0.0387
-0.1490,0.0383
-0.1478,0.0380
-0.1467,0.0377
-0.1456,0.0373
-0.1445,0.0370
-0.1434,0.0367
-0.1423,0.0364
-0.1412,0.0361
-0.1401,0.0358
-0.1390,0.0355
-0.1380,0.0352
-0.1369,0.0350
-0.1359,0.0347
-0.1349,0.0344
-0.1339,0.0341
-0.1328,0.0338
-0.1318,0.0336
-0.1308,0.0333
-0.1298,0.0330
-0.1288,0.0327
-0.1278,0.0324
-0.1268,0.0321
-0.1258,0.0319
-0.1249,0.0316
-0.1239,0.0313
-0.1230,0.0311
-0.1220,0.0308
-0.1210,0.0305
-0.1201,0.0303
-0.1191,0.0300
-0.1182,0.0297
-0.1172,0.0294
-0.1163,0.0292
-0.1153,0.0289
-0.1144,0.0286
-0.1134,0.0283
-0.1125,0.0281
-0.1116,0.0278
-0.1107,0.0276
-0.1097,0.0273
-0.1088,0.0270
-0.1079,0.0268
-0.1069,0.0265
-0.1060,0.0262
-0.1050,0.0260
-0.1041,0.0257
-0.1031,0.0255
-0.1022,0.0252
-0.1012,0.0249
-0.1002,0.0247
-0.0993,0.0244
-0.0983,0.0241
-0.0973,0.0238
-0.0963,0.0235
-0.0953,0.0233
-0.0943,0.0230
-0.0934,0.0227
-0.0924,0.0224
-0.0914,0.0221
-0.0904,0.0219
-0.0894,0.0216
-0.0884,0.0213
-0.0873,0.0210
-0.0863,0.0207
-0.0853,0.0205
-0.0843,0.0202
-0.0833,0.0199
-0.0823,0.0196
-0.0812,0.0193
-0.0802,0.0191
-0.0792,0.0188
-0.0781,0.0186
-0.0771,0.0183
-0.0761,0.0180
-0.0750,0.0178
-0.0739,0.0175
-0.0729,0.0173
-0.0718,0.0170
-0.0707,0.0168
-0.0696,0.0165
-0.0685,0.0163
-0.0674,0.0160
-0.0663,0.0157
-0.0652,0.0155
-0.0640,0.0152
-0.0628,0.0150
-0.0617,0.0148
-0.0605,0.0145
-0.0592,0.0143
-0.0580,0.0140
-0.0567,0.0138
-0.0554,0.0135
-0.0541,0.0133
-0.0528,0.0130
-0.0514,0.0128
-0.0500,0.0126
-0.0486,0.0123
-0.0471,0.0120
-0.0455,0.0117
-0.0439,0.0115
-0.0423,0.0112
-0.0406,0.0109
-0.0389,0.0106
-0.0370,0.0103
-0.0351,0.0101
-0.0331,0.0097
-0.0309,0.0094
-0.0286,0.0091
-0.0261,0.0086
-0.0233,0.0081
0.0000,0.0000
0.0000,0.0000
0.0000,0.0000
0.0000,0.0000
0.0000,0.0000
0.0000,0.0000
0.0000,0.0000
0.0000,0.0000
0.0000,0.0000
0.0000,0.0000
0.0000,0.0000
0.0000,0.0000
0.0000,0.0000
0.0000,0.0000
0.0000,0.0000
0.0000,0.0000
0.0000,0.0000
0.0000,0.0000
0.0000,0.0000
0.0000,0.0000
0.0000,0.0000
0.0000,0.0000
0.0000,0.0000
0.0000,0.0000
0.0000,0.0000
0.0000,0.0000
0.0000,0.0000
0.0000,0.0000
0.0000,0.0000
0.0000,0.0000
0.0000,0.0000
0.0000,0.0000
0.0000,0.0000
0.0000,0.0000
0.0000,0.0000
0.0000,0.0000
0.0000,0.0000
0.0000,0.0000
0.0000,0.0000
0.0000,0.0000
0.0000,0.0000
0.0000,0.0000
0.0000,0.0000
0.0000,0.0000
0.0000,0.0000
0.0000,0.0000
0.0000,0.0000
0.0000,0.0000
0.0000,0.0000
0.0000,0.0000
0.0000,0.0000
0.0000,0.0000
0.0000,0.0000
0.0000,0.0000
0.0000,0.0000
0.0000,0.0000
0.0000,0.0000
0.0000,0.0000
0.0000,0.0000
0.0000,0.0000
0.0000,0.0000
0.0000,0.0000
0.0000,0.0000
0.0000,0.0000
0.0000,0.0000
0.0000,0.0000
0.0000,0.0000
0.0000,0.0000
0.0000,0.0000
0.0000,0.0000
0.0000,0.0000
0.0000,0.0000
0.0000,0.0000
0.0000,0.0000
0.0000,0.0000
0.0000,0.0000
0.0000,0.0000
0.0000,0.0000
0.0000,0.0000
0.0000,0.0000
0.0000,0.0000
0.0000,0.0000
0.0000,0.0000
0.0000,0.0000
0.0000,0.0000
0.0000,0.0000
0.0000,0.0000
0.0000,0.0000
0.0000,0.0000
0.0000,0.0000
0.0000,0.0000
0.0000,0.0000
0.0000,0.0000
0.0000,0.0000
0.0000,0.0000
0.0000,0.0000
0.0000,0.0000
0.0000,0.0000
0.0000,0.0000
0.0000,0.0000
0.0000,0.0000
0.0000,0.0000
0.0000,0.0000
0.0000,0.0000
0.0000,0.0000
0.0000,0.0000
0.0000,0.0000
0.0000,0.0000
0.0000,0.0000
0.0000,0.0000
0.0000,0.0000
0.0000,0.0000
0.0000,0.0000
0.0000,0.0000
0.0000,0.0000
0.0000,0.0000
0.0000,0.0000
0.0000,0.0000
0.0000,0.0000
0.0000,0.0000
0.0000,0.0000
0.0000,0.0000
0.0000,0.0000
0.0000,0.0000
0.0000,0.0000
0.0000,0.0000
0.0000,0.0000
0.0000,0.0000
0.0000,0.0000
0.0000,0.0000
0.0000,0.0000
0.0000,0.0000
0.0000,0.0000
0.0000,0.0000
0.0000,0.0000
0.0000,0.0000
0.0000,0.0000
0.0000,0.0000
0.0000,0.0000
0.0000,0.0000
0.0000,0.0000
0.0000,0.0000
0.0000,0.0000
0.0000,0.0000
0.0000,0.0000
0.0000,0.0000
0.0000,0.0000
0.0000,0.0000
0.0000,0.0000
0.0000,0.0000
0.0000,0.0000
0.0000,0.0000
0.0000,0.0000
0.0000,0.0000
0.0000,0.0000
0.0000,0.0000
0.0000,0.0000
0.0000,0.0000
0.0000,0.0000
0.0000,0.0000
0.0000,0.0000
0.0000,0.0000
0.0000,0.0000
0.0000,0.0000
0.0000,0.0000
0.0000,0.0000
0.0000,0.0000
0.0000,0.0000
0.0000,0.0000
0.0000,0.0000
0.0000,0.0000
0.0000,0.0000
0.0000,0.0000
0.0000,0.0000
0.0000,0.0000
0.0000,0.0000
0.0000,0.0000
0.0000,0.0000
0.0000,0.0000
0.0000,0.0000
0.0000,0.0000
0.0000,0.0000
0.0000,0.0000
0.0000,0.0000
0.0000,0.0000
0.0000,0.0000
0.0000,0.0000
0.0000,0.0000
0.0000,0.0000
0.0000,0.0000
0.0000,0.0000
0.0000,0.0000
0.0000,0.0000
0.0000,0.0000
0.0000,0.0000
0.0000,0.0000
0.0000,0.0000
0.0000,0.0000
0.0000,0.0000
0.0000,0.0000
0.0000,0.0000
0.0000,0.0000
0.0000,0.0000
0.0000,0.0000
0.0000,0.0000
0.0000,0.0000
0.0000,0.0000
0.0000,0.0000
0.0000,0.0000
0.0000,0.0000
0.0000,0.0000
0.0000,0.0000
0.0000,0.0000
0.0000,0.0000
0.0000,0.0000
0.0000,0.0000
0.0000,0.0000
0.0000,0.0000
0.0000,0.0000
0.0000,0.0000
0.0000,0.0000
0.0000,0.0000
0.0000,0.0000
0.0000,0.0000
0.0000,0.0000
0.0000,0.0000
0.0000,0.0000
0.0000,0.0000
0.0000,0.0000
0.0000,0.0000
0.0000,0.0000
0.0000,0.0000
0.0000,0.0000
0.0000,0.0000
0.0000,0.0000
0.0000,0.0000
0.0000,0.0000
0.0000,0.0000
0.0000,0.0000
0.0000,0.0000
0.0000,0.0000
0.0000,0.0000
0.0000,0.0000
0.0000,0.0000
0.0000,0.0000
0.0000,0.0000
0.0000,0.0000
0.0000,0.0000
0.0000,0.0000
0.0000,0.0000
0.0000,0.0000
0.0000,0.0000
0.0000,0.0000
0.0000,0.0000
0.0000,0.0000
0.0000,0.0000
0.0000,0.0000
0.0000,0.0000
0.0000,0.0000
0.0000,0.0000
0.0000,0.0000
0.0000,0.0000
0.0000,0.0000
0.0000,0.0000
0.0000,0.0000
0.0000,0.0000
0.0000,0.0000
0.0000,0.0000
0.0000,0.0000
0.0000,0.0000
0.0000,0.0000
0.0000,0.0000
0.0000,0.0000
0.0000,0.0000
0.0000,0.0000
0.0000,0.0000
0.0000,0.0000
0.0000,0.0000
0.0000,0.0000
0.0000,0.0000
0.0000,0.0000
0.0000,0.0000
0.0000,0.0000
0.0000,0.0000
0.0000,0.0000
0.0000,0.0000
0.0000,0.0000
0.0000,0.0000
0.0000,0.0000
0.0000,0.0000
0.0000,0.0000
0.0000,0.0000
0.0000,0.0000
0.0000,0.0000
0.0000,0.0000
0.0000,0.0000
0.0000,0.0000
0.0000,0.0000
0.0000,0.0000
0.0000,0.0000
0.0000,0.0000
0.0000,0.0000
0.0000,0.0000
0.0000,0.0000
0.0000,0.0000
0.0000,0.0000
0.0000,0.0000
0.0000,0.0000
0.0000,0.0000
0.0000,0.0000
0.0000,0.0000
0.0000,0.0000
0.0000,0.0000
0.0000,0.0000
0.0000,0.0000
0.0000,0.0000
0.0000,0.0000
0.0000,0.0000
0.0000,0.0000
0.0000,0.0000
0.0000,0.0000
0.0000,0.0000
0.0000,0.0000
0.0000,0.0000
0.0000,0.0000
0.0000,0.0000
0.0000,0.0000
0.0000,0.0000
0.0000,0.0000
0.0000,0.0000
0.0000,0.0000
0.0000,0.0000
0.0000,0.0000
0.0000,0.0000
0.0000,0.0000
0.0000,0.0000
0.0000,0.0000
0.0000,0.0000
0.0000,0.0000
0.0000,0.0000
0.0000,0.0000
0.0000,0.0000
0.0000,0.0000
0.0000,0.0000
0.0000,0.0000
0.0000,0.0000
0.0000,0.0000
0.0000,0.0000
0.0000,0.0000
0.0000,0.0000
0.0000,0.0000
0.0000,0.0000
0.0000,0.0000
0.0000,0.0000
0.0000,0.0000
0.0000,0.0000
0.0000,0.0000
0.0000,0.0000
0.0000,0.0000
0.0000,0.0000
0.0000,0.0000
0.0000,0.0000
0.0000,0.0000
0.0000,0.0000
0.0000,0.0000
0.0000,0.0000
0.0000,0.0000
0.0000,0.0000
0.0000,0.0000
0.0000,0.0000
0.0000,0.0000
0.0000,0.0000
0.0000,0.0000
0.0000,0.0000
0.0000,0.0000
0.0000,0.0000
0.0000,0.0000
0.0000,0.0000
0.0000,0.0000
0.0000,0.0000
0.0000,0.0000
0.0000,0.0000
0.0000,0.0000
0.0000,0.0000
0.0000,0.0000
0.0000,0.0000
0.0000,0.0000
0.0000,0.0000
0.0000,0.0000
0.0000,0.0000
0.0000,0.0000
0.0000,0.0000
0.0000,0.0000
0.0000,0.0000
0.0000,0.0000
0.0000,0.0000
0.0000,0.0000
0.0000,0.0000
0.0000,0.0000
0.0000,0.0000
0.0000,0.0000
0.0000,0.0000
0.0000,0.0000
0.0000,0.0000
0.0000,0.0000
0.0000,0.0000
0.0000,0.0000
0.0000,0.0000
0.0000,0.0000
0.0000,0.0000
0.0000,0.0000
0.0000,0.0000
0.0000,0.0000
0.0000,0.0000
0.0000,0.0000
0.0000,0.0000
0.0000,0.0000
0.0000,0.0000
0.0000,0.0000
0.0000,0.0000
0.0000,0.0000
0.0000,0.0000
0.0000,0.0000
0.0000,0.0000
0.0000,0.0000
0.0000,0.0000
0.0000,0.0000
0.0000,0.0000
0.0000,0.0000
0.0000,0.0000
0.0000,0.0000
0.0000,0.0000
0.0000,0.0000
0.0000,0.0000
0.0000,0.0000
0.0000,0.0000
0.0000,0.0000
0.0000,0.0000
0.0000,0.0000
0.0000,0.0000
0.0000,0.0000
0.0000,0.0000
0.0000,0.0000
0.0000,0.0000
0.0000,0.0000
0.0000,0.0000
0.0000,0.0000
0.0000,0.0000
0.0000,0.0000
0.0000,0.0000
0.0000,0.0000
0.0000,0.0000
0.0000,0.0000
0.0000,0.0000
0.0000,0.0000
0.0000,0.0000
0.0000,0.0000
0.0000,0.0000
0.0000,0.0000
0.0000,0.0000
0.0000,0.0000
0.0000,0.0000
0.0000,0.0000
0.0000,0.0000
0.0000,0.0000
0.0000,0.0000
0.0000,0.0000
0.0000,0.0000
0.0000,0.0000
0.0000,0.0000
0.0000,0.0000
0.0000,0.0000
0.0000,0.0000
0.0000,0.0000
0.0000,0.0000
0.0000,0.0000
0.0000,0.0000
0.0000,0.0000
0.0000,0.0000
0.0000,0.0000
0.0000,0.0000
0.0000,0.0000
0.0000,0.0000
0.0000,0.0000
0.0000,0.0000
0.0000,0.0000
0.0000,0.0000
0.0000,0.0000
0.0000,0.0000
0.0000,0.0000
0.0000,0.0000
0.0000,0.0000
0.0000,0.0000
0.0000,0.0000
0.0000,0.0000
0.0000,0.0000
0.0000,0.0000
0.0000,0.0000
0.0000,0.0000
0.0000,0.0000
0.0000,0.0000
0.0000,0.0000
0.0000,0.0000
0.0000,0.0000
0.0000,0.0000
0.0000,0.0000
0.0000,0.0000
0.0000,0.0000
0.0000,0.0000
0.0000,0.0000
0.0000,0.0000
0.0000,0.0000
0.0000,0.0000
0.0000,0.0000
0.0000,0.0000
0.0000,0.0000
0.0000,0.0000
0.0000,0.0000
0.0000,0.0000
0.0000,0.0000
0.0000,0.0000
0.0000,0.0000
0.0000,0.0000
0.0000,0.0000
0.0000,0.0000
0.0000,0.0000
0.0000,0.0000
0.0000,0.0000
0.0000,0.0000
0.0000,0.0000
0.0000,0.0000
0.0000,0.0000
0.0000,0.0000
0.0000,0.0000
0.0000,0.0000
0.0000,0.0000
0.0000,0.0000
0.0000,0.0000
0.0000,0.0000
0.0000,0.0000
0.0000,0.0000
0.0000,0.0000
0.0000,0.0000
0.0000,0.0000
0.0000,0.0000
0.0000,0.0000
0.0000,0.0000
0.0000,0.0000
0.0000,0.0000
0.0000,0.0000
0.0000,0.0000
0.0000,0.0000
0.0000,0.0000
0.0000,0.0000
0.0000,0.0000
0.0000,0.0000
0.0000,0.0000
0.0000,0.0000
0.0000,0.0000
0.0000,0.0000
0.0000,0.0000
0.0000,0.0000
0.0000,0.0000
0.0000,0.0000
0.0000,0.0000
0.0000,0.0000
0.0000,0.0000
0.0000,0.0000
0.0000,0.0000
0.0000,0.0000
0.0000,0.0000
0.0000,0.0000
0.0000,0.0000
0.0000,0.0000
0.0000,0.0000
0.0000,0.0000
0.0000,0.0000
0.0000,0.0000
0.0000,0.0000
0.0000,0.0000
0.0000,0.0000
0.0000,0.0000
0.0000,0.0000
0.0000,0.0000
0.0000,0.0000
0.0000,0.0000
0.0000,0.0000
0.0000,0.0000
0.0000,0.0000
0.0000,0.0000
0.0000,0.0000
0.0000,0.0000
0.0000,0.0000
0.0000,0.0000
0.0000,0.0000
0.0000,0.0000
0.0000,0.0000
0.0000,0.0000
0.0000,0.0000
0.0000,0.0000
0.0000,0.0000
0.0000,0.0000
0.0000,0.0000
0.0000,0.0000
0.0000,0.0000
0.0000,0.0000
0.0000,0.0000
0.0000,0.0000
0.0000,0.0000
0.0000,0.0000
0.0000,0.0000
0.0000,0.0000
0.0000,0.0000
0.0000,0.0000
0.0000,0.0000
0.0000,0.0000
0.0000,0.0000
0.0000,0.0000
0.0000,0.0000
0.0000,0.0000
0.0000,0.0000
0.0000,0.0000
0.0000,0.0000
0.0000,0.0000
0.0000,0.0000
0.0000,0.0000
0.0000,0.0000
0.0000,0.0000
0.0000,0.0000
0.0000,0.0000
0.0000,0.0000
0.0000,0.0000
0.0000,0.0000
0.0000,0.0000
0.0000,0.0000
0.0000,0.0000
0.0000,0.0000
0.0000,0.0000
0.0000,0.0000
0.0000,0.0000
0.0000,0.0000
0.0000,0.0000
0.0000,0.0000
0.0000,0.0000
0.0000,0.0000
0.0000,0.0000
0.0000,0.0000
0.0000,0.0000
0.0000,0.0000
0.0000,0.0000
0.0000,0.0000
0.0000,0.0000
0.0000,0.0000
0.0000,0.0000
0.0000,0.0000
0.0000,0.0000
0.0000,0.0000
0.0000,0.0000
0.0000,0.0000
0.0000,0.0000
0.0000,0.0000
0.0000,0.0000
0.0000,0.0000
0.0000,0.0000
0.0000,0.0000
0.0000,0.0000
0.0000,0.0000
0.0000,0.0000
0.0000,0.0000
0.0000,0.0000
0.0000,0.0000
0.0000,0.0000
0.0000,0.0000
0.0000,0.0000
0.0000,0.0000
0.0000,0.0000
0.0000,0.0000
0.0000,0.0000
0.0000,0.0000
0.0000,0.0000
0.0000,0.0000
0.0000,0.0000
0.0000,0.0000
0.0000,0.0000
0.0000,0.0000
0.0000,0.0000
0.0000,0.0000
0.0000,0.0000
0.0000,0.0000
0.0000,0.0000
0.0000,0.0000
0.0000,0.0000
0.0000,0.0000
0.0000,0.0000
0.0000,0.0000
0.0000,0.0000
0.0000,0.0000
0.0000,0.0000
0.0000,0.0000
0.0000,0.0000
0.0000,0.0000
0.0000,0.0000
0.0000,0.0000
0.0000,0.0000
0.0000,0.0000
0.0000,0.0000
0.0000,0.0000
0.0000,0.0000
0.0000,0.0000
0.0000,0.0000
0.0000,0.0000
0.0000,0.0000
0.0000,0.0000
0.0000,0.0000
0.0000,0.0000
0.0000,0.0000
0.0000,0.0000
0.0000,0.0000
0.0000,0.0000
0.0000,0.0000
0.0000,0.0000
0.0000,0.0000
0.0000,0.0000
0.0000,0.0000
0.0000,0.0000
0.0000,0.0000
0.0000,0.0000
0.0000,0.0000
0.0000,0.0000
0.0000,0.0000
0.0000,0.0000
0.0000,0.0000
0.0000,0.0000
0.0000,0.0000
0.0000,0.0000
0.0000,0.0000
0.0000,0.0000
0.0000,0.0000
0.0000,0.0000
0.0000,0.0000
0.0000,0.0000
0.0000,0.0000
0.0000,0.0000
0.0000,0.0000
0.0000,0.0000
0.0000,0.0000
0.0000,0.0000
0.0000,0.0000
0.0000,0.0000
0.0000,0.0000
0.0000,0.0000
0.0000,0.0000
0.0000,0.0000
0.0000,0.0000
0.0000,0.0000
0.0000,0.0000
0.0000,0.0000
0.0000,0.0000
0.0000,0.0000
0.0000,0.0000
0.0000,0.0000
0.0000,0.0000
0.0000,0.0000
0.0000,0.0000
0.0000,0.0000
0.0000,0.0000
0.0000,0.0000
0.0000,0.0000
0.0000,0.0000
0.0000,0.0000
0.0000,0.0000
0.0000,0.0000
0.0000,0.0000
0.0000,0.0000
0.0000,0.0000
0.0000,0.0000
0.0000,0.0000
0.0000,0.0000
0.0000,0.0000
0.0000,0.0000
0.0000,0.0000
0.0000,0.0000
0.0000,0.0000
0.0000,0.0000
0.0000,0.0000
0.0000,0.0000
0.0000,0.0000
0.0000,0.0000
0.0000,0.0000
0.0000,0.0000
0.0000,0.0000
0.0000,0.0000
0.0000,0.0000
0.0000,0.0000
0.0000,0.0000
0.0000,0.0000
0.0000,0.0000
0.0000,0.0000
-0.8318
-0.8297
-0.8108
-0.7563
-0.5826
-0.5526
-0.5134
-0.5021
-0.4700
-0.3935
-0.3899
-0.3736
-0.3443
-0.3344
-0.3304
-0.3094
-0.3057
-0.3009
-0.2920
-0.2885
-0.2792
-0.2786
-0.2507
-0.2145
-0.2082
-0.1926
-0.1924
-0.1907
-0.1849
-0.1796
-0.1725
-0.1706
-0.1482
-0.1478
-0.1446
-0.1332
-0.1243
-0.1225
-0.1207
-0.1055
-0.0982
-0.0911
-0.0850
-0.0665
-0.0432
-0.0354
-0.0306
-0.0210
-0.0168
-0.0090
-0.0044
0.0046
0.0226
0.0265
0.0266
0.0292
0.0315
0.0334
0.0338
0.0398
0.0436
0.0459
0.0489
0.0499
0.0503
0.0543
0.0565
0.0595
0.0722
0.0769
0.0816
0.0827
0.1064
0.1067
0.1108
0.1131
0.1190
0.1199
0.1215
0.1220
0.1229
0.1242
0.1312
0.1368
0.1401
0.1564
0.1676
0.1676
0.1690
0.1738
0.1774
0.1807
0.1818
0.1829
0.1847
0.1899
0.1945
0.1957
0.1983
0.2085
0.2121
0.2157
0.2223
0.2248
0.2262
0.2268
0.2278
0.2279
0.2329
0.2346
0.2352
0.2383
0.2408
0.2420
0.2463
0.2476
0.2494
0.2497
0.2612
0.2693
0.2813
0.2824
0.2883
0.2959
0.2963
0.2997
0.3028
0.3055
0.3092
0.3131
0.3159
0.3278
0.3283
0.3331
0.3380
0.3425
0.3427
0.3461
0.3490
0.3537
0.3572
0.3684
0.3689
0.3789
0.3831
0.3835
0.3846
0.3882
0.3895
0.3898
0.3936
0.3945
0.3993
0.4003
0.4017
0.4041
0.4052
0.4128
0.4173
0.4175
0.4233
0.4286
0.4480
0.4552
0.4584
0.4587
0.4587
0.4652
0.4703
0.4719
0.4844
0.4860
0.4866
0.4955
0.4959
0.4967
0.5000
0.5005
0.5013
0.5028
0.5038
0.5041
0.5085
0.5122
0.5211
0.5234
0.5292
0.5336
0.5362
0.5400
0.5403
0.5421
0.5422
0.5431
0.5444
0.5483
0.5501
0.5520
0.5590
0.5606
0.5608
0.5644
0.5655
0.5678
0.5790
0.5793
0.5815
0.5829
0.5846
0.5870
0.5875
0.5894
0.5906
0.5939
0.5969
0.6043
0.6096
0.6172
0.6178
0.6187
0.6212
0.6218
0.6222
0.6252
0.6301
0.6304
0.6327
0.6356
0.6362
0.6404
0.6404
0.6428
0.6429
0.6450
0.6483
0.6510
0.6520
0.6526
0.6543
0.6570
0.6592
0.6618
0.6651
0.6673
0.6679
0.6780
0.6857
0.6924
0.7015
0.7024
0.7040
0.7068
0.7151
0.7183
0.7220
0.7228
0.7248
0.7436
0.7602
0.7618
0.7648
0.7719
0.7721
0.7722
0.7724
0.7728
0.7832
0.7850
0.7871
0.7910
0.7924
0.7930
0.7964
0.7969
0.8000
0.8006
0.8021
0.8038
0.8041
0.8056
0.8103
0.8109
0.8134
0.8234
0.8236
0.8283
0.8284
0.8382
0.8401
0.8409
0.8414
0.8493
0.8502
0.8535
0.8539
0.8641
0.8655
0.8695
0.8709
0.8723
0.8754
0.8797
0.8805
0.8805
0.8859
0.8868
0.8881
0.8885
0.8889
0.8899
0.8938
0.8963
0.9023
0.9037
0.9064
0.9083
0.9119
0.9127
0.9251
0.9256
0.9273
0.9304
0.9307
0.9353
0.9359
0.9368
0.9378
0.9417
0.9446
0.9533
0.9545
0.9549
0.9560
0.9570
0.9588
0.9605
0.9634
0.9741
0.9746
0.9758
0.9760
0.9772
0.9804
0.9845
0.9852
0.9872
0.9897
0.9899
0.9911
0.9941
0.9960
0.9990
0.9992
1.0011
1.0027
1.0050
1.0103
1.0138
1.0163
1.0166
1.0178
1.0189
1.0191
1.0192
1.0195
1.0201
1.0234
1.0263
1.0313
1.0326
1.0337
1.0338
1.0358
1.0381
1.0462
1.0464
1.0478
1.0529
1.0549
1.0559
1.0566
1.0581
1.0598
1.0608
1.0641
1.0710
1.0723
1.0748
1.0771
1.0794
1.0825
1.0857
1.0864
1.0939
1.0943
1.0951
1.0979
1.0995
1.0997
1.1050
1.1057
1.1082
1.1137
1.1188
1.1222
1.1232
1.1364
1.1385
1.1394
1.1426
1.1428
1.1441
1.1463
1.1464
1.1484
1.1502
1.1541
1.1550
1.1559
1.1564
1.1577
1.1583
1.1627
1.1632
1.1633
1.1656
1.1660
1.1711
1.1714
1.1718
1.1719
1.1722
1.1768
1.1771
1.1775
1.1784
1.1792
1.1792
1.1820
1.1831
1.1880
1.1893
1.1922
1.1952
1.1958
1.1978
1.2007
1.2022
1.2047
1.2054
1.2063
1.2101
1.2151
1.2160
1.2164
1.2166
1.2220
1.2231
1.2250
1.2262
1.2272
1.2284
1.2290
1.2295
1.2295
1.2314
1.2333
1.2350
1.2363
1.2364
1.2367
1.2383
1.2447
1.2461
1.2500
1.2550
1.2559
1.2570
1.2573
1.2591
1.2599
1.2626
1.2627
1.2637
1.2638
1.2653
1.2667
1.2683
1.2733
1.2757
1.2762
1.2770
1.2773
1.2804
1.2834
1.2856
1.2881
1.2908
1.2929
1.2931
1.2958
1.2980
1.3000
1.3033
1.3051
1.3067
1.3084
1.3118
1.3150
1.3157
1.3201
1.3214
1.3219
1.3252
1.3277
1.3280
1.3280
1.3283
1.3283
1.3301
1.3325
1.3346
1.3347
1.3366
1.3379
1.3381
1.3439
1.3447
1.3466
1.3467
1.3499
1.3507
1.3519
1.3532
1.3568
1.3570
1.3596
1.3635
1.3677
1.3757
1.3759
1.3762
1.3774
1.3790
1.3806
1.3813
1.3835
1.3837
1.3864
1.3885
1.3901
1.3902
1.3920
1.3933
1.3992
1.4031
1.4095
1.4119
1.4120
1.4179
1.4204
1.4210
1.4350
1.4361
1.4391
1.4398
1.4401
1.4495
1.4505
1.4546
1.4550
1.4553
1.4568
1.4584
1.4628
1.4639
1.4654
1.4685
1.4707
1.4718
1.4733
1.4742
1.4777
1.4822
1.4857
1.4888
1.4890
1.4904
1.4906
1.4932
1.4970
1.4983
1.5022
1.5023
1.5111
1.5117
1.5124
1.5133
1.5152
1.5192
1.5263
1.5283
1.5289
1.5293
1.5345
1.5352
1.5370
1.5415
1.5454
1.5464
1.5499
1.5549
1.5555
1.5584
1.5637
1.5640
1.5701
1.5737
1.5749
1.5749
1.5808
1.5816
1.5847
1.5888
1.5901
1.5912
1.5920
1.5929
1.5988
1.5994
1.6023
1.6031
1.6032
1.6043
1.6078
1.6079
1.6107
1.6139
1.6144
1.6199
1.6289
1.6304
1.6323
1.6328
1.6343
1.6346
1.6397
1.6409
1.6451
1.6532
1.6538
1.6599
1.6627
1.6753
1.6759
1.6769
1.6784
1.6867
1.6877
1.6977
1.6991
1.7000
1.7033
1.7057
1.7070
1.7142
1.7185
1.7242
1.7265
1.7296
1.7396
1.7417
1.7423
1.7452
1.7455
1.7468
1.7495
1.7538
1.7562
1.7563
1.7571
1.7690
1.7717
1.7784
1.7803
1.7813
1.7835
1.7840
1.7923
1.7939
1.7987
1.7989
1.8010
1.8015
1.8031
1.8066
1.8078
1.8093
1.8099
1.8125
1.8138
1.8238
1.8259
1.8293
1.8351
1.8389
1.8393
1.8394
1.8406
1.8410
1.8412
1.8447
1.8457
1.8460
1.8475
1.8513
1.8523
1.8527
1.8544
1.8577
1.8661
1.8787
1.8836
1.8848
1.8914
1.8917
1.8941
1.8945
1.8975
1.9050
1.9053
1.9076
1.9113
1.9135
1.9137
1.9181
1.9221
1.9250
1.9253
1.9296
1.9343
1.9351
1.9364
1.9389
1.9452
1.9468
1.9484
1.9485
1.9502
1.9505
1.9540
1.9568
1.9608
1.9741
1.9748
1.9795
1.9797
1.9814
1.9829
1.9840
1.9842
1.9916
1.9944
1.9966
1.9972
1.9984
1.9990
2.0007
2.0009
2.0069
2.0154
2.0160
2.0203
2.0223
2.0346
2.0495
2.0514
2.0530
2.0596
2.0634
2.0671
2.0714
2.0735
2.0738
2.0744
2.0770
2.0920
2.0931
2.0951
2.0995
2.0997
2.1047
2.1053
2.1093
2.1113
2.1273
2.1315
2.1379
2.1393
2.1395
2.1442
2.1480
2.1528
2.1536
2.1556
2.1573
2.1607
2.1608
2.1610
2.1630
2.1678
2.1803
2.1816
2.1921
2.1968
2.1998
2.2042
2.2045
2.2078
2.2081
2.2149
2.2305
2.2377
2.2506
2.2530
2.2563
2.2595
2.2632
2.2668
2.2700
2.2761
2.2776
2.2811
2.2846
2.2950
2.3009
2.3082
2.3157
2.3169
2.3181
2.3286
2.3347
2.3419
2.3422
2.3424
2.3472
2.3579
2.3601
2.3770
2.3870
2.3956
2.3973
2.4016
2.4017
2.4045
2.4151
2.4263
2.4368
2.4387
2.4491
2.4548
2.4574
2.4592
2.4619
2.4839
2.4855
2.4909
2.4922
2.4923
2.4980
2.5068
2.5122
2.5127
2.5137
2.5153
2.5183
2.5186
2.5330
2.5342
2.5412
2.5446
2.5477
2.5486
2.5493
2.5537
2.5608
2.5616
2.5618
2.5646
2.5647
2.5681
2.5933
2.5989
2.6017
2.6041
2.6063
2.6077
2.6248
2.6257
2.6273
2.6417
2.6457
2.6568
2.6643
2.6643
2.6684
2.6823
2.6834
2.7028
2.7079
2.7168
2.7420
2.7562
2.7725
2.7791
2.7916
2.7984
2.8176
2.8188
2.8221
2.8343
2.8446
2.8460
2.8594
2.8640
2.8679
2.8768
2.8867
2.8883
2.8906
2.8930
2.8942
2.8989
2.9021
2.9037
2.9231
2.9559
2.9610
2.9846
2.9943
2.9960
3.0065
3.0126
3.0262
3.0361
3.0468
3.0564
3.0638
3.0709
3.0788
3.0788
3.0877
3.1047
3.1115
3.1240
3.1717
3.2147
3.2218
3.3080
3.3267
3.3460
3.3544
3.4024
3.4121
3.4153
3.4183
3.4428
3.4482
3.4530
3.4969
3.5283
3.5298
3.5351
3.5452
3.5489
3.5536
3.5546
3.5813
3.6049
3.6642
3.6853
3.7158
3.7283
3.8171
3.8850
3.9125
3.9284
3.9333
3.9786
4.0836
4.1050
4.1568
4.1940
4.2192
4.2512
4.3743
4.4460
4.8653
5.0123
5.5589
