1000
1000
-0.9741,0.2512
-0.8756,0.2439
-0.7028,0.2001
-0.5957,0.1756
-0.5232,0.1609
-0.4690,0.1492
-0.4265,0.1386
-0.3920,0.1293
-0.3635,0.1207
-0.3393,0.1134
-0.3186,0.1073
-0.3005,0.1021
-0.2843,0.0973
-0.2695,0.0930
-0.2558,0.0891
-0.2432,0.0855
-0.2312,0.0821
-0.2199,0.0788
-0.2092,0.0755
-0.1987,0.0720
-0.1884,0.0688
-0.1783,0.0654
-0.1683,0.0623
-0.1583,0.0594
-0.1484,0.0567
-0.1383,0.0541
-0.1279,0.0516
-0.1169,0.0489
-0.1050,0.0462
-0.0920,0.0429
0.0000,0.0000
0.0000,0.0000
0.0000,0.0000
0.0000,0.0000
0.0000,0.0000
0.0000,0.0000
0.0000,0.0000
0.0000,0.0000
0.0000,0.0000
0.0000,0.0000
0.0000,0.0000
0.0000,0.0000
0.0000,0.0000
0.0000,0.0000
0.0000,0.0000
0.0000,0.0000
0.0000,0.0000
0.0000,0.0000
0.0000,0.0000
0.0000,0.0000
0.0000,0.0000
0.0000,0.0000
0.0000,0.0000
0.0000,0.0000
0.0000,0.0000
0.0000,0.0000
0.0000,0.0000
0.0000,0.0000
0.0000,0.0000
0.0000,0.0000
0.0000,0.0000
0.0000,0.0000
0.0000,0.0000
0.0000,0.0000
0.0000,0.0000
0.0000,0.0000
0.0000,0.0000
0.0000,0.0000
0.0000,0.0000
0.0000,0.0000
0.0000,0.0000
0.0000,0.0000
0.0000,0.0000
0.0000,0.0000
0.0000,0.0000
0.0000,0.0000
0.0000,0.0000
0.0000,0.0000
0.0000,0.0000
0.0000,0.0000
0.0000,0.0000
0.0000,0.0000
0.0000,0.0000
0.0000,0.0000
0.0000,0.0000
0.0000,0.0000
0.0000,0.0000
0.0000,0.0000
0.0000,0.0000
0.0000,0.0000
0.0000,0.0000
0.0000,0.0000
0.0000,0.0000
0.0000,0.0000
0.0000,0.0000
0.0000,0.0000
0.0000,0.0000
0.0000,0.0000
0.0000,0.0000
0.0000,0.0000
0.0000,0.0000
0.0000,0.0000
0.0000,0.0000
0.0000,0.0000
0.0000,0.0000
0.0000,0.0000
0.0000,0.0000
0.0000,0.0000
0.0000,0.0000
0.0000,0.0000
0.0000,0.0000
0.0000,0.0000
0.0000,0.0000
0.0000,0.0000
0.0000,0.0000
0.0000,0.0000
0.0000,0.0000
0.0000,0.0000
0.0000,0.0000
0.0000,0.0000
0.0000,0.0000
0.0000,0.0000
0.0000,0.0000
0.0000,0.0000
0.0000,0.0000
0.0000,0.0000
0.0000,0.0000
0.0000,0.0000
0.0000,0.0000
0.0000,0.0000
0.0000,0.0000
0.0000,0.0000
0.0000,0.0000
0.0000,0.0000
0.0000,0.0000
0.0000,0.0000
0.0000,0.0000
0.0000,0.0000
0.0000,0.0000
0.0000,0.0000
0.0000,0.0000
0.0000,0.0000
0.0000,0.0000
0.0000,0.0000
0.0000,0.0000
0.0000,0.0000
0.0000,0.0000
0.0000,0.0000
0.0000,0.0000
0.0000,0.0000
0.0000,0.0000
0.0000,0.0000
0.0000,0.0000
0.0000,0.0000
0.0000,0.0000
0.0000,0.0000
0.0000,0.0000
0.0000,0.0000
0.0000,0.0000
0.0000,0.0000
0.0000,0.0000
0.0000,0.0000
0.0000,0.0000
0.0000,0.0000
0.0000,0.0000
0.0000,0.0000
0.0000,0.0000
0.0000,0.0000
0.0000,0.0000
0.0000,0.0000
0.0000,0.0000
0.0000,0.0000
0.0000,0.0000
0.0000,0.0000
0.0000,0.0000
0.0000,0.0000
0.0000,0.0000
0.0000,0.0000
0.0000,0.0000
0.0000,0.0000
0.0000,0.0000
0.0000,0.0000
0.0000,0.0000
0.0000,0.0000
0.0000,0.0000
0.0000,0.0000
0.0000,0.0000
0.0000,0.0000
0.0000,0.0000
0.0000,0.0000
0.0000,0.0000
0.0000,0.0000
0.0000,0.0000
0.0000,0.0000
0.0000,0.0000
0.0000,0.0000
0.0000,0.0000
0.0000,0.0000
0.0000,0.0000
0.0000,0.0000
0.0000,0.0000
0.0000,0.0000
0.0000,0.0000
0.0000,0.0000
0.0000,0.0000
0.0000,0.0000
0.0000,0.0000
0.0000,0.0000
0.0000,0.0000
0.0000,0.0000
0.0000,0.0000
0.0000,0.0000
0.0000,0.0000
0.0000,0.0000
0.0000,0.0000
0.0000,0.0000
0.0000,0.0000
0.0000,0.0000
0.0000,0.0000
0.0000,0.0000
0.0000,0.0000
0.0000,0.0000
0.0000,0.0000
0.0000,0.0000
0.0000,0.0000
0.0000,0.0000
0.0000,0.0000
0.0000,0.0000
0.0000,0.0000
0.0000,0.0000
0.0000,0.0000
0.0000,0.0000
0.0000,0.0000
0.0000,0.0000
0.0000,0.0000
0.0000,0.0000
0.0000,0.0000
0.0000,0.0000
0.0000,0.0000
0.0000,0.0000
0.0000,0.0000
0.0000,0.0000
0.0000,0.0000
0.0000,0.0000
0.0000,0.0000
0.0000,0.0000
0.0000,0.0000
0.0000,0.0000
0.0000,0.0000
0.0000,0.0000
0.0000,0.0000
0.0000,0.0000
0.0000,0.0000
0.0000,0.0000
0.0000,0.0000
0.0000,0.0000
0.0000,0.0000
0.0000,0.0000
0.0000,0.0000
0.0000,0.0000
0.0000,0.0000
0.0000,0.0000
0.0000,0.0000
0.0000,0.0000
0.0000,0.0000
0.0000,0.0000
0.0000,0.0000
0.0000,0.0000
0.0000,0.0000
0.0000,0.0000
0.0000,0.0000
0.0000,0.0000
0.0000,0.0000
0.0000,0.0000
0.0000,0.0000
0.0000,0.0000
0.0000,0.0000
0.0000,0.0000
0.0000,0.0000
0.0000,0.0000
0.0000,0.0000
0.0000,0.0000
0.0000,0.0000
0.0000,0.0000
0.0000,0.0000
0.0000,0.0000
0.0000,0.0000
0.0000,0.0000
0.0000,0.0000
0.0000,0.0000
0.0000,0.0000
0.0000,0.0000
0.0000,0.0000
0.0000,0.0000
0.0000,0.0000
0.0000,0.0000
0.0000,0.0000
0.0000,0.0000
0.0000,0.0000
0.0000,0.0000
0.0000,0.0000
0.0000,0.0000
0.0000,0.0000
0.0000,0.0000
0.0000,0.0000
0.0000,0.0000
0.0000,0.0000
0.0000,0.0000
0.0000,0.0000
0.0000,0.0000
0.0000,0.0000
0.0000,0.0000
0.0000,0.0000
0.0000,0.0000
0.0000,0.0000
0.0000,0.0000
0.0000,0.0000
0.0000,0.0000
0.0000,0.0000
0.0000,0.0000
0.0000,0.0000
0.0000,0.0000
0.0000,0.0000
0.0000,0.0000
0.0000,0.0000
0.0000,0.0000
0.0000,0.0000
0.0000,0.0000
0.0000,0.0000
0.0000,0.0000
0.0000,0.0000
0.0000,0.0000
0.0000,0.0000
0.0000,0.0000
0.0000,0.0000
0.0000,0.0000
0.0000,0.0000
0.0000,0.0000
0.0000,0.0000
0.0000,0.0000
0.0000,0.0000
0.0000,0.0000
0.0000,0.0000
0.0000,0.0000
0.0000,0.0000
0.0000,0.0000
0.0000,0.0000
0.0000,0.0000
0.0000,0.0000
0.0000,0.0000
0.0000,0.0000
0.0000,0.0000
0.0000,0.0000
0.0000,0.0000
0.0000,0.0000
0.0000,0.0000
0.0000,0.0000
0.0000,0.0000
0.0000,0.0000
0.0000,0.0000
0.0000,0.0000
0.0000,0.0000
0.0000,0.0000
0.0000,0.0000
0.0000,0.0000
0.0000,0.0000
0.0000,0.0000
0.0000,0.0000
0.0000,0.0000
0.0000,0.0000
0.0000,0.0000
0.0000,0.0000
0.0000,0.0000
0.0000,0.0000
0.0000,0.0000
0.0000,0.0000
0.0000,0.0000
0.0000,0.0000
0.0000,0.0000
0.0000,0.0000
0.0000,0.0000
0.0000,0.0000
0.0000,0.0000
0.0000,0.0000
0.0000,0.0000
0.0000,0.0000
0.0000,0.0000
0.0000,0.0000
0.0000,0.0000
0.0000,0.0000
0.0000,0.0000
0.0000,0.0000
0.0000,0.0000
0.0000,0.0000
0.0000,0.0000
0.0000,0.0000
0.0000,0.0000
0.0000,0.0000
0.0000,0.0000
0.0000,0.0000
0.0000,0.0000
0.0000,0.0000
0.0000,0.0000
0.0000,0.0000
0.0000,0.0000
0.0000,0.0000
0.0000,0.0000
0.0000,0.0000
0.0000,0.0000
0.0000,0.0000
0.0000,0.0000
0.0000,0.0000
0.0000,0.0000
0.0000,0.0000
0.0000,0.0000
0.0000,0.0000
0.0000,0.0000
0.0000,0.0000
0.0000,0.0000
0.0000,0.0000
0.0000,0.0000
0.0000,0.0000
0.0000,0.0000
0.0000,0.0000
0.0000,0.0000
0.0000,0.0000
0.0000,0.0000
0.0000,0.0000
0.0000,0.0000
0.0000,0.0000
0.0000,0.0000
0.0000,0.0000
0.0000,0.0000
0.0000,0.0000
0.0000,0.0000
0.0000,0.0000
0.0000,0.0000
0.0000,0.0000
0.0000,0.0000
0.0000,0.0000
0.0000,0.0000
0.0000,0.0000
0.0000,0.0000
0.0000,0.0000
0.0000,0.0000
0.0000,0.0000
0.0000,0.0000
0.0000,0.0000
0.0000,0.0000
0.0000,0.0000
0.0000,0.0000
0.0000,0.0000
0.0000,0.0000
0.0000,0.0000
0.0000,0.0000
0.0000,0.0000
0.0000,0.0000
0.0000,0.0000
0.0000,0.0000
0.0000,0.0000
0.0000,0.0000
0.0000,0.0000
0.0000,0.0000
0.0000,0.0000
0.0000,0.0000
0.0000,0.0000
0.0000,0.0000
0.0000,0.0000
0.0000,0.0000
0.0000,0.0000
0.0000,0.0000
0.0000,0.0000
0.0000,0.0000
0.0000,0.0000
0.0000,0.0000
0.0000,0.0000
0.0000,0.0000
0.0000,0.0000
0.0000,0.0000
0.0000,0.0000
0.0000,0.0000
0.0000,0.0000
0.0000,0.0000
0.0000,0.0000
0.0000,0.0000
0.0000,0.0000
0.0000,0.0000
0.0000,0.0000
0.0000,0.0000
0.0000,0.0000
0.0000,0.0000
0.0000,0.0000
0.0000,0.0000
0.0000,0.0000
0.0000,0.0000
0.0000,0.0000
0.0000,0.0000
0.0000,0.0000
0.0000,0.0000
0.0000,0.0000
0.0000,0.0000
0.0000,0.0000
0.0000,0.0000
0.0000,0.0000
0.0000,0.0000
0.0000,0.0000
0.0000,0.0000
0.0000,0.0000
0.0000,0.0000
0.0000,0.0000
0.0000,0.0000
0.0000,0.0000
0.0000,0.0000
0.0000,0.0000
0.0000,0.0000
0.0000,0.0000
0.0000,0.0000
0.0000,0.0000
0.0000,0.0000
0.0000,0.0000
0.0000,0.0000
0.0000,0.0000
0.0000,0.0000
0.0000,0.0000
0.0000,0.0000
0.0000,0.0000
0.0000,0.0000
0.0000,0.0000
0.0000,0.0000
0.0000,0.0000
0.0000,0.0000
0.0000,0.0000
0.0000,0.0000
0.0000,0.0000
0.0000,0.0000
0.0000,0.0000
0.0000,0.0000
0.0000,0.0000
0.0000,0.0000
0.0000,0.0000
0.0000,0.0000
0.0000,0.0000
0.0000,0.0000
0.0000,0.0000
0.0000,0.0000
0.0000,0.0000
0.0000,0.0000
0.0000,0.0000
0.0000,0.0000
0.0000,0.0000
0.0000,0.0000
0.0000,0.0000
0.0000,0.0000
0.0000,0.0000
0.0000,0.0000
0.0000,0.0000
0.0000,0.0000
0.0000,0.0000
0.0000,0.0000
0.0000,0.0000
0.0000,0.0000
0.0000,0.0000
0.0000,0.0000
0.0000,0.0000
0.0000,0.0000
0.0000,0.0000
0.0000,0.0000
0.0000,0.0000
0.0000,0.0000
0.0000,0.0000
0.0000,0.0000
0.0000,0.0000
0.0000,0.0000
0.0000,0.0000
0.0000,0.0000
0.0000,0.0000
0.0000,0.0000
0.0000,0.0000
0.0000,0.0000
0.0000,0.0000
0.0000,0.0000
0.0000,0.0000
0.0000,0.0000
0.0000,0.0000
0.0000,0.0000
0.0000,0.0000
0.0000,0.0000
0.0000,0.0000
0.0000,0.0000
0.0000,0.0000
0.0000,0.0000
0.0000,0.0000
0.0000,0.0000
0.0000,0.0000
0.0000,0.0000
0.0000,0.0000
0.0000,0.0000
0.0000,0.0000
0.0000,0.0000
0.0000,0.0000
0.0000,0.0000
0.0000,0.0000
0.0000,0.0000
0.0000,0.0000
0.0000,0.0000
0.0000,0.0000
0.0000,0.0000
0.0000,0.0000
0.0000,0.0000
0.0000,0.0000
0.0000,0.0000
0.0000,0.0000
0.0000,0.0000
0.0000,0.0000
0.0000,0.0000
0.0000,0.0000
0.0000,0.0000
0.0000,0.0000
0.0000,0.0000
0.0000,0.0000
0.0000,0.0000
0.0000,0.0000
0.0000,0.0000
0.0000,0.0000
0.0000,0.0000
0.0000,0.0000
0.0000,0.0000
0.0000,0.0000
0.0000,0.0000
0.0000,0.0000
0.0000,0.0000
0.0000,0.0000
0.0000,0.0000
0.0000,0.0000
0.0000,0.0000
0.0000,0.0000
0.0000,0.0000
0.0000,0.0000
0.0000,0.0000
0.0000,0.0000
0.0000,0.0000
0.0000,0.0000
0.0000,0.0000
0.0000,0.0000
0.0000,0.0000
0.0000,0.0000
0.0000,0.0000
0.0000,0.0000
0.0000,0.0000
0.0000,0.0000
0.0000,0.0000
0.0000,0.0000
0.0000,0.0000
0.0000,0.0000
0.0000,0.0000
0.0000,0.0000
0.0000,0.0000
0.0000,0.0000
0.0000,0.0000
0.0000,0.0000
0.0000,0.0000
0.0000,0.0000
0.0000,0.0000
0.0000,0.0000
0.0000,0.0000
0.0000,0.0000
0.0000,0.0000
0.0000,0.0000
0.0000,0.0000
0.0000,0.0000
0.0000,0.0000
0.0000,0.0000
0.0000,0.0000
0.0000,0.0000
0.0000,0.0000
0.0000,0.0000
0.0000,0.0000
0.0000,0.0000
0.0000,0.0000
0.0000,0.0000
0.0000,0.0000
0.0000,0.0000
0.0000,0.0000
0.0000,0.0000
0.0000,0.0000
0.0000,0.0000
0.0000,0.0000
0.0000,0.0000
0.0000,0.0000
0.0000,0.0000
0.0000,0.0000
0.0000,0.0000
0.0000,0.0000
0.0000,0.0000
0.0000,0.0000
0.0000,0.0000
0.0000,0.0000
0.0000,0.0000
0.0000,0.0000
0.0000,0.0000
0.0000,0.0000
0.0000,0.0000
0.0000,0.0000
0.0000,0.0000
0.0000,0.0000
0.0000,0.0000
0.0000,0.0000
0.0000,0.0000
0.0000,0.0000
0.0000,0.0000
0.0000,0.0000
0.0000,0.0000
0.0000,0.0000
0.0000,0.0000
0.0000,0.0000
0.0000,0.0000
0.0000,0.0000
0.0000,0.0000
0.0000,0.0000
0.0000,0.0000
0.0000,0.0000
0.0000,0.0000
0.0000,0.0000
0.0000,0.0000
0.0000,0.0000
0.0000,0.0000
0.0000,0.0000
0.0000,0.0000
0.0000,0.0000
0.0000,0.0000
0.0000,0.0000
0.0000,0.0000
0.0000,0.0000
0.0000,0.0000
0.0000,0.0000
0.0000,0.0000
0.0000,0.0000
0.0000,0.0000
0.0000,0.0000
0.0000,0.0000
0.0000,0.0000
0.0000,0.0000
0.0000,0.0000
0.0000,0.0000
0.0000,0.0000
0.0000,0.0000
0.0000,0.0000
0.0000,0.0000
0.0000,0.0000
0.0000,0.0000
0.0000,0.0000
0.0000,0.0000
0.0000,0.0000
0.0000,0.0000
0.0000,0.0000
0.0000,0.0000
0.0000,0.0000
0.0000,0.0000
0.0000,0.0000
0.0000,0.0000
0.0000,0.0000
0.0000,0.0000
0.0000,0.0000
0.0000,0.0000
0.0000,0.0000
0.0000,0.0000
0.0000,0.0000
0.0000,0.0000
0.0000,0.0000
0.0000,0.0000
0.0000,0.0000
0.0000,0.0000
0.0000,0.0000
0.0000,0.0000
0.0000,0.0000
0.0000,0.0000
0.0000,0.0000
0.0000,0.0000
0.0000,0.0000
0.0000,0.0000
0.0000,0.0000
0.0000,0.0000
0.0000,0.0000
0.0000,0.0000
0.0000,0.0000
0.0000,0.0000
0.0000,0.0000
0.0000,0.0000
0.0000,0.0000
0.0000,0.0000
0.0000,0.0000
0.0000,0.0000
0.0000,0.0000
0.0000,0.0000
0.0000,0.0000
0.0000,0.0000
0.0000,0.0000
0.0000,0.0000
0.0000,0.0000
0.0000,0.0000
0.0000,0.0000
0.0000,0.0000
0.0000,0.0000
0.0000,0.0000
0.0000,0.0000
0.0000,0.0000
0.0000,0.0000
0.0000,0.0000
0.0000,0.0000
0.0000,0.0000
0.0000,0.0000
0.0000,0.0000
0.0000,0.0000
0.0000,0.0000
0.0000,0.0000
0.0000,0.0000
0.0000,0.0000
0.0000,0.0000
0.0000,0.0000
0.0000,0.0000
0.0000,0.0000
0.0000,0.0000
0.0000,0.0000
0.0000,0.0000
0.0000,0.0000
0.0000,0.0000
0.0000,0.0000
0.0000,0.0000
0.0000,0.0000
0.0000,0.0000
0.0000,0.0000
0.0000,0.0000
0.0000,0.0000
0.0000,0.0000
0.0000,0.0000
0.0000,0.0000
0.0000,0.0000
0.0000,0.0000
0.0000,0.0000
0.0000,0.0000
0.0000,0.0000
0.0000,0.0000
0.0000,0.0000
0.0000,0.0000
0.0000,0.0000
0.0000,0.0000
0.0000,0.0000
0.0000,0.0000
0.0000,0.0000
0.0000,0.0000
0.0000,0.0000
0.0000,0.0000
0.0000,0.0000
0.0000,0.0000
0.0000,0.0000
0.0000,0.0000
0.0000,0.0000
0.0000,0.0000
0.0000,0.0000
0.0000,0.0000
0.0000,0.0000
0.0000,0.0000
0.0000,0.0000
0.0000,0.0000
0.0000,0.0000
0.0000,0.0000
0.0000,0.0000
0.0000,0.0000
0.0000,0.0000
0.0000,0.0000
0.0000,0.0000
0.0000,0.0000
0.0000,0.0000
0.0000,0.0000
0.0000,0.0000
0.0000,0.0000
0.0000,0.0000
0.0000,0.0000
0.0000,0.0000
0.0000,0.0000
0.0000,0.0000
0.0000,0.0000
0.0000,0.0000
0.0000,0.0000
0.0000,0.0000
0.0000,0.0000
0.0000,0.0000
0.0000,0.0000
0.0000,0.0000
0.0000,0.0000
0.0000,0.0000
0.0000,0.0000
0.0000,0.0000
0.0000,0.0000
0.0000,0.0000
0.0000,0.0000
0.0000,0.0000
0.0000,0.0000
0.0000,0.0000
0.0000,0.0000
0.0000,0.0000
0.0000,0.0000
0.0000,0.0000
0.0000,0.0000
0.0000,0.0000
0.0000,0.0000
0.0000,0.0000
0.0000,0.0000
0.0000,0.0000
0.0000,0.0000
0.0000,0.0000
0.0000,0.0000
0.0000,0.0000
0.0000,0.0000
0.0000,0.0000
0.0000,0.0000
0.0000,0.0000
0.0000,0.0000
0.0000,0.0000
0.0000,0.0000
0.0000,0.0000
0.0000,0.0000
0.0000,0.0000
0.0000,0.0000
0.0000,0.0000
0.0000,0.0000
0.0000,0.0000
0.0000,0.0000
0.0000,0.0000
0.0000,0.0000
0.0000,0.0000
0.0000,0.0000
0.0000,0.0000
0.0000,0.0000
0.0000,0.0000
0.0000,0.0000
0.0000,0.0000
0.0000,0.0000
0.0000,0.0000
0.0000,0.0000
0.0000,0.0000
0.0000,0.0000
0.0000,0.0000
0.0000,0.0000
0.0000,0.0000
0.0000,0.0000
0.0000,0.0000
0.0000,0.0000
0.0000,0.0000
0.0000,0.0000
0.0000,0.0000
0.0000,0.0000
0.0000,0.0000
0.0000,0.0000
0.0000,0.0000
0.0000,0.0000
0.0000,0.0000
0.0000,0.0000
0.0000,0.0000
0.0000,0.0000
0.0000,0.0000
0.0000,0.0000
0.0000,0.0000
0.0000,0.0000
0.0000,0.0000
0.0000,0.0000
0.0000,0.0000
0.0000,0.0000
0.0000,0.0000
0.0000,0.0000
0.0000,0.0000
0.0000,0.0000
0.0000,0.0000
0.0000,0.0000
0.0000,0.0000
0.0000,0.0000
0.0000,0.0000
0.0000,0.0000
0.0000,0.0000
0.0000,0.0000
0.0000,0.0000
0.0000,0.0000
0.0000,0.0000
0.0000,0.0000
0.0000,0.0000
0.0000,0.0000
0.0000,0.0000
0.0000,0.0000
0.0000,0.0000
0.0000,0.0000
0.0000,0.0000
0.0000,0.0000
0.0000,0.0000
0.0000,0.0000
0.0000,0.0000
0.0000,0.0000
0.0000,0.0000
0.0000,0.0000
0.0000,0.0000
0.0000,0.0000
-2.3344
-2.1762
-2.1718
-1.5422
-1.4926
-1.3823
-1.2313
-1.1942
-1.1924
-1.1579
-1.1143
-1.0868
-1.0868
-1.0794
-1.0673
-1.0560
-1.0424
-1.0323
-1.0128
-1.0024
-0.9942
-0.9747
-0.9722
-0.9663
-0.9455
-0.9396
-0.9330
-0.9215
-0.9135
-0.9047
-0.9030
-0.8835
-0.8691
-0.8671
-0.8611
-0.8412
-0.8327
-0.8169
-0.8077
-0.8026
-0.7936
-0.7902
-0.7813
-0.7713
-0.7682
-0.7614
-0.7388
-0.7113
-0.7078
-0.6988
-0.6864
-0.6582
-0.6515
-0.6451
-0.6409
-0.6408
-0.6392
-0.6366
-0.6305
-0.6076
-0.6007
-0.6001
-0.5885
-0.5835
-0.5830
-0.5778
-0.5773
-0.5751
-0.5751
-0.5679
-0.5587
-0.5586
-0.5442
-0.5425
-0.5388
-0.5377
-0.5319
-0.5285
-0.5115
-0.5069
-0.4996
-0.4991
-0.4924
-0.4920
-0.4872
-0.4801
-0.4770
-0.4747
-0.4646
-0.4602
-0.4598
-0.4511
-0.4497
-0.4310
-0.4269
-0.4243
-0.3932
-0.3809
-0.3801
-0.3788
-0.3771
-0.3698
-0.3648
-0.3466
-0.3461
-0.3460
-0.3460
-0.3410
-0.3370
-0.3324
-0.3313
-0.3220
-0.3176
-0.3152
-0.3018
-0.2919
-0.2897
-0.2834
-0.2831
-0.2809
-0.2808
-0.2762
-0.2757
-0.2666
-0.2633
-0.2602
-0.2587
-0.2566
-0.2547
-0.2543
-0.2514
-0.2419
-0.2383
-0.2375
-0.2370
-0.2315
-0.2313
-0.2311
-0.2290
-0.2253
-0.2238
-0.2225
-0.2215
-0.2184
-0.2164
-0.2149
-0.2111
-0.2100
-0.2093
-0.2034
-0.2031
-0.2000
-0.1995
-0.1838
-0.1746
-0.1724
-0.1655
-0.1596
-0.1537
-0.1523
-0.1508
-0.1493
-0.1488
-0.1414
-0.1367
-0.1362
-0.1323
-0.1300
-0.1295
-0.1148
-0.1103
-0.1078
-0.1041
-0.0945
-0.0921
-0.0900
-0.0806
-0.0746
-0.0740
-0.0736
-0.0695
-0.0649
-0.0646
-0.0641
-0.0627
-0.0610
-0.0544
-0.0540
-0.0534
-0.0524
-0.0450
-0.0448
-0.0430
-0.0324
-0.0301
-0.0289
-0.0279
-0.0259
-0.0242
-0.0235
-0.0195
-0.0151
-0.0101
-0.0083
-0.0081
-0.0056
-0.0052
-0.0051
0.0082
0.0083
0.0097
0.0108
0.0183
0.0243
0.0251
0.0256
0.0299
0.0349
0.0350
0.0376
0.0400
0.0436
0.0437
0.0468
0.0478
0.0501
0.0516
0.0553
0.0600
0.0642
0.0651
0.0692
0.0693
0.0700
0.0702
0.0705
0.0724
0.0727
0.0740
0.0743
0.0751
0.0809
0.0819
0.0966
0.0975
0.0988
0.1107
0.1117
0.1195
0.1207
0.1211
0.1237
0.1241
0.1255
0.1270
0.1284
0.1368
0.1381
0.1392
0.1395
0.1418
0.1426
0.1434
0.1482
0.1489
0.1501
0.1584
0.1592
0.1595
0.1658
0.1787
0.1877
0.1998
0.2008
0.2036
0.2062
0.2070
0.2091
0.2107
0.2121
0.2167
0.2167
0.2184
0.2188
0.2191
0.2198
0.2220
0.2232
0.2247
0.2251
0.2258
0.2295
0.2403
0.2430
0.2438
0.2458
0.2477
0.2491
0.2493
0.2515
0.2538
0.2538
0.2541
0.2560
0.2616
0.2665
0.2695
0.2825
0.2876
0.2913
0.2928
0.2952
0.2953
0.2954
0.2970
0.2998
0.3003
0.3010
0.3020
0.3029
0.3156
0.3157
0.3224
0.3260
0.3271
0.3317
0.3365
0.3389
0.3443
0.3451
0.3458
0.3473
0.3482
0.3513
0.3525
0.3528
0.3553
0.3584
0.3591
0.3611
0.3617
0.3676
0.3690
0.3694
0.3711
0.3712
0.3714
0.3729
0.3730
0.3745
0.3774
0.3776
0.3790
0.3793
0.3842
0.3880
0.3880
0.3917
0.3938
0.3939
0.3952
0.4017
0.4023
0.4045
0.4074
0.4082
0.4102
0.4116
0.4134
0.4235
0.4306
0.4333
0.4347
0.4384
0.4388
0.4392
0.4400
0.4413
0.4437
0.4443
0.4478
0.4500
0.4547
0.4563
0.4618
0.4690
0.4760
0.4765
0.4776
0.4835
0.4842
0.4846
0.4923
0.4929
0.4940
0.4965
0.4965
0.4973
0.5006
0.5030
0.5058
0.5078
0.5079
0.5187
0.5208
0.5227
0.5239
0.5297
0.5410
0.5431
0.5438
0.5474
0.5488
0.5491
0.5494
0.5573
0.5600
0.5628
0.5663
0.5680
0.5710
0.5712
0.5746
0.5809
0.5862
0.5895
0.5946
0.5968
0.5975
0.5977
0.5980
0.5984
0.5987
0.6017
0.6022
0.6034
0.6065
0.6091
0.6093
0.6100
0.6126
0.6134
0.6141
0.6210
0.6231
0.6317
0.6332
0.6334
0.6359
0.6367
0.6398
0.6416
0.6503
0.6548
0.6560
0.6566
0.6578
0.6691
0.6705
0.6718
0.6720
0.6791
0.6795
0.6804
0.6810
0.6828
0.6852
0.6853
0.6898
0.6943
0.6957
0.7009
0.7026
0.7026
0.7032
0.7080
0.7107
0.7140
0.7144
0.7152
0.7160
0.7176
0.7210
0.7216
0.7263
0.7265
0.7272
0.7296
0.7297
0.7331
0.7350
0.7359
0.7492
0.7508
0.7531
0.7533
0.7573
0.7604
0.7612
0.7632
0.7650
0.7686
0.7738
0.7766
0.7785
0.7890
0.7922
0.7932
0.7951
0.7977
0.8013
0.8014
0.8020
0.8048
0.8093
0.8107
0.8111
0.8117
0.8159
0.8182
0.8218
0.8250
0.8261
0.8274
0.8327
0.8336
0.8337
0.8423
0.8436
0.8438
0.8476
0.8563
0.8569
0.8589
0.8649
0.8656
0.8663
0.8663
0.8790
0.8790
0.8801
0.8844
0.8847
0.8857
0.8861
0.8879
0.8898
0.8902
0.8925
0.9021
0.9029
0.9078
0.9088
0.9104
0.9105
0.9130
0.9150
0.9158
0.9179
0.9192
0.9205
0.9211
0.9224
0.9240
0.9258
0.9263
0.9279
0.9285
0.9342
0.9484
0.9499
0.9518
0.9520
0.9524
0.9525
0.9529
0.9549
0.9559
0.9568
0.9604
0.9616
0.9628
0.9680
0.9681
0.9712
0.9721
0.9746
0.9808
0.9850
0.9851
0.9912
0.9923
0.9943
0.9944
0.9947
0.9956
0.9962
0.9987
1.0064
1.0114
1.0126
1.0142
1.0156
1.0239
1.0303
1.0305
1.0315
1.0333
1.0346
1.0346
1.0383
1.0393
1.0467
1.0488
1.0494
1.0555
1.0588
1.0597
1.0636
1.0645
1.0648
1.0651
1.0656
1.0660
1.0684
1.0733
1.0784
1.0801
1.0814
1.0861
1.0941
1.0953
1.0965
1.0967
1.1046
1.1115
1.1133
1.1174
1.1210
1.1346
1.1365
1.1366
1.1376
1.1379
1.1390
1.1481
1.1554
1.1603
1.1610
1.1627
1.1656
1.1747
1.1816
1.1840
1.1842
1.1843
1.1853
1.1876
1.1885
1.1888
1.1909
1.1914
1.1978
1.1984
1.2013
1.2037
1.2078
1.2093
1.2100
1.2121
1.2175
1.2183
1.2189
1.2224
1.2228
1.2399
1.2403
1.2434
1.2443
1.2484
1.2501
1.2506
1.2531
1.2574
1.2659
1.2679
1.2731
1.2754
1.2756
1.2766
1.2789
1.2840
1.2840
1.2864
1.2876
1.2883
1.2919
1.3008
1.3014
1.3073
1.3168
1.3244
1.3248
1.3324
1.3395
1.3425
1.3428
1.3429
1.3456
1.3457
1.3463
1.3548
1.3567
1.3603
1.3610
1.3660
1.3703
1.3756
1.3861
1.3881
1.3948
1.4039
1.4059
1.4126
1.4144
1.4181
1.4217
1.4261
1.4290
1.4307
1.4312
1.4365
1.4381
1.4382
1.4441
1.4443
1.4476
1.4512
1.4514
1.4568
1.4569
1.4574
1.4595
1.4710
1.4714
1.4736
1.4772
1.4834
1.4893
1.4925
1.4993
1.5005
1.5067
1.5117
1.5126
1.5224
1.5241
1.5257
1.5309
1.5318
1.5359
1.5374
1.5415
1.5464
1.5607
1.5647
1.5670
1.5774
1.5783
1.5803
1.5805
1.5825
1.5830
1.5831
1.5843
1.5865
1.5885
1.5890
1.5952
1.5974
1.6018
1.6103
1.6130
1.6176
1.6259
1.6276
1.6285
1.6352
1.6357
1.6419
1.6430
1.6521
1.6560
1.6646
1.6670
1.6702
1.6736
1.6737
1.6869
1.6941
1.6996
1.7044
1.7068
1.7081
1.7140
1.7149
1.7256
1.7275
1.7286
1.7298
1.7332
1.7345
1.7356
1.7424
1.7442
1.7462
1.7499
1.7519
1.7522
1.7620
1.7631
1.7639
1.7648
1.7663
1.7758
1.7765
1.7775
1.7825
1.7846
1.7914
1.7925
1.7946
1.8030
1.8135
1.8139
1.8145
1.8192
1.8246
1.8299
1.8318
1.8319
1.8329
1.8349
1.8380
1.8391
1.8400
1.8499
1.8499
1.8519
1.8607
1.8671
1.8713
1.8918
1.8985
1.9122
1.9244
1.9467
1.9550
1.9634
1.9643
1.9703
1.9929
1.9955
2.0021
2.0072
2.0113
2.0136
2.0191
2.0254
2.0283
2.0386
2.0418
2.0425
2.0455
2.0480
2.0544
2.0568
2.0594
2.0634
2.0711
2.0742
2.0785
2.0948
2.0970
2.1023
2.1030
2.1097
2.1204
2.1205
2.1299
2.1323
2.1369
2.1492
2.1520
2.1862
2.1907
2.1932
2.1960
2.2024
2.2113
2.2145
2.2376
2.2429
2.2494
2.2496
2.2527
2.2559
2.2628
2.2668
2.2679
2.2713
2.2761
2.2852
2.2893
2.2894
2.2899
2.2975
2.3025
2.3044
2.3103
2.3328
2.3471
2.3473
2.3576
2.3736
2.3981
2.4102
2.4283
2.4443
2.4487
2.4542
2.4617
2.4630
2.4783
2.4800
2.4812
2.4902
2.4975
2.5331
2.5361
2.5481
2.5504
2.5604
2.5735
2.5798
2.5969
2.5987
2.6300
2.6605
2.6669
2.6857
2.6951
2.7017
2.7402
2.7528
2.7702
2.7719
2.7812
2.7946
2.7983
2.8143
2.8335
2.8400
2.8452
2.8508
2.8561
2.8775
2.8908
2.9129
2.9450
2.9630
3.0359
3.0582
3.1142
3.1202
3.1688
3.1825
3.1896
3.2005
3.2028
3.2076
3.3491
3.3696
3.3761
3.4082
3.5164
3.5895
3.5949
3.7717
3.7730
3.8049
3.8935
3.9543
4.0895
4.2782
4.2931
4.5016
4.5144
4.6323
5.4421
