1000
1000
-1.5866,0.1948
-1.4919,0.1931
-1.2776,0.1416
-1.1304,0.1335
-1.0241,0.1342
-0.9418,0.1331
-0.8763,0.1321
-0.8222,0.1304
-0.7765,0.1283
-0.7372,0.1259
-0.7031,0.1234
-0.6732,0.1211
-0.6464,0.1189
-0.6225,0.1168
-0.6009,0.1145
-0.5812,0.1122
-0.5632,0.1102
-0.5466,0.1082
-0.5312,0.1062
-0.5169,0.1042
-0.5036,0.1024
-0.4911,0.1005
-0.4795,0.0988
-0.4686,0.0972
-0.4584,0.0958
-0.4489,0.0944
-0.4399,0.0931
-0.4314,0.0919
-0.4233,0.0907
-0.4156,0.0897
-0.4083,0.0886
-0.4014,0.0877
-0.3947,0.0867
-0.3884,0.0857
-0.3823,0.0848
-0.3765,0.0839
-0.3710,0.0831
-0.3657,0.0823
-0.3606,0.0815
-0.3557,0.0808
-0.3510,0.0800
-0.3464,0.0793
-0.3420,0.0786
-0.3378,0.0779
-0.3337,0.0772
-0.3297,0.0765
-0.3259,0.0758
-0.3221,0.0752
-0.3185,0.0745
-0.3150,0.0739
-0.3116,0.0732
-0.3082,0.0726
-0.3050,0.0720
-0.3019,0.0715
-0.2989,0.0709
-0.2959,0.0704
-0.2931,0.0698
-0.2903,0.0693
-0.2876,0.0687
-0.2849,0.0682
-0.2823,0.0677
-0.2798,0.0672
-0.2774,0.0667
-0.2750,0.0662
-0.2726,0.0658
-0.2704,0.0653
-0.2681,0.0649
-0.2660,0.0644
-0.2639,0.0640
-0.2618,0.0636
-0.2598,0.0632
-0.2578,0.0629
-0.2559,0.0625
-0.2540,0.0621
-0.2521,0.0617
-0.2503,0.0613
-0.2485,0.0609
-0.2467,0.0606
-0.2450,0.0602
-0.2433,0.0599
-0.2417,0.0595
-0.2400,0.0592
-0.2384,0.0588
-0.2369,0.0585
-0.2353,0.0582
-0.2338,0.0579
-0.2324,0.0576
-0.2309,0.0573
-0.2295,0.0570
-0.2281,0.0567
-0.2267,0.0564
-0.2253,0.0561
-0.2240,0.0558
-0.2227,0.0555
-0.2214,0.0553
-0.2202,0.0550
-0.2189,0.0547
-0.2177,0.0545
-0.2165,0.0542
-0.2153,0.0540
-0.2142,0.0538
-0.2130,0.0535
-0.2119,0.0533
-0.2107,0.0530
-0.2096,0.0528
-0.2086,0.0526
-0.2075,0.0523
-0.2065,0.0521
-0.2054,0.0519
-0.2044,0.0517
-0.2034,0.0515
-0.2024,0.0513
-0.2014,0.0511
-0.2004,0.0509
-0.1995,0.0507
-0.1985,0.0505
-0.1976,0.0503
-0.1967,0.0501
-0.1958,0.0499
-0.1949,0.0497
-0.1940,0.0496
-0.1931,0.0494
-0.1923,0.0492
-0.1914,0.0490
-0.1906,0.0488
-0.1898,0.0487
-0.1889,0.0485
-0.1881,0.0483
-0.1873,0.0481
-0.1865,0.0479
-0.1857,0.0478
-0.1850,0.0476
-0.1842,0.0474
-0.1835,0.0473
-0.1827,0.0471
-0.1820,0.0470
-0.1813,0.0468
-0.1805,0.0466
-0.1798,0.0465
-0.1791,0.0463
-0.1784,0.0462
-0.1777,0.0460
-0.1771,0.0459
-0.1764,0.0457
-0.1757,0.0456
-0.1751,0.0454
-0.1744,0.0453
-0.1738,0.0452
-0.1731,0.0450
-0.1725,0.0449
-0.1719,0.0447
-0.1712,0.0446
-0.1706,0.0445
-0.1700,0.0443
-0.1694,0.0442
-0.1688,0.0440
-0.1682,0.0439
-0.1676,0.0437
-0.1671,0.0436
-0.1665,0.0435
-0.1659,0.0433
-0.1653,0.0432
-0.1648,0.0431
-0.1642,0.0429
-0.1637,0.0428
-0.1631,0.0427
-0.1626,0.0426
-0.1621,0.0424
-0.1615,0.0423
-0.1610,0.0422
-0.1605,0.0421
-0.1600,0.0420
-0.1595,0.0418
-0.1590,0.0417
-0.1585,0.0416
-0.1580,0.0415
-0.1575,0.0414
-0.1570,0.0412
-0.1565,0.0411
-0.1560,0.0410
-0.1555,0.0409
-0.1551,0.0408
-0.1546,0.0407
-0.1541,0.0406
-0.1537,0.0405
-0.1532,0.0404
-0.1528,0.0403
-0.1523,0.0402
-0.1519,0.0400
-0.1514,0.0399
-0.1510,0.0398
-0.1506,0.0397
-0.1501,0.0396
-0.1497,0.0395
-0.1493,0.0394
-0.1489,0.0394
-0.1485,0.0393
-0.1481,0.0392
-0.1477,0.0391
-0.1473,0.0390
-0.1469,0.0389
-0.1465,0.0388
-0.1461,0.0387
-0.1457,0.0386
-0.1453,0.0385
-0.1449,0.0384
-0.1445,0.0383
-0.1441,0.0382
-0.1437,0.0381
-0.1434,0.0381
-0.1430,0.0380
-0.1426,0.0379
-0.1423,0.0378
-0.1419,0.0377
-0.1415,0.0376
-0.1412,0.0375
-0.1408,0.0375
-0.1405,0.0374
-0.1401,0.0373
-0.1398,0.0372
-0.1394,0.0371
-0.1391,0.0371
-0.1388,0.0370
-0.1384,0.0369
-0.1381,0.0368
-0.1377,0.0368
-0.1374,0.0367
-0.1371,0.0366
-0.1368,0.0365
-0.1364,0.0364
-0.1361,0.0364
-0.1358,0.0363
-0.1355,0.0362
-0.1351,0.0361
-0.1348,0.0361
-0.1345,0.0360
-0.1342,0.0359
-0.1339,0.0359
-0.1336,0.0358
-0.1333,0.0357
-0.1330,0.0356
-0.1327,0.0356
-0.1324,0.0355
-0.1321,0.0354
-0.1318,0.0353
-0.1315,0.0353
-0.1312,0.0352
-0.1309,0.0351
-0.1306,0.0350
-0.1303,0.0350
-0.1300,0.0349
-0.1298,0.0348
-0.1295,0.0348
-0.1292,0.0347
-0.1289,0.0346
-0.1286,0.0346
-0.1284,0.0345
-0.1281,0.0344
-0.1278,0.0344
-0.1275,0.0343
-0.1273,0.0342
-0.1270,0.0342
-0.1267,0.0341
-0.1265,0.0340
-0.1262,0.0340
-0.1260,0.0339
-0.1257,0.0338
-0.1254,0.0338
-0.1252,0.0337
-0.1249,0.0336
-0.1247,0.0336
-0.1244,0.0335
-0.1242,0.0335
-0.1239,0.0334
-0.1237,0.0333
-0.1234,0.0333
-0.1232,0.0332
-0.1229,0.0331
-0.1227,0.0331
-0.1224,0.0330
-0.1222,0.0329
-0.1220,0.0329
-0.1217,0.0328
-0.1215,0.0328
-0.1213,0.0327
-0.1210,0.0326
-0.1208,0.0326
-0.1206,0.0325
-0.1203,0.0325
-0.1201,0.0324
-0.1199,0.0323
-0.1196,0.0323
-0.1194,0.0322
-0.1192,0.0322
-0.1190,0.0321
-0.1188,0.0321
-0.1185,0.0320
-0.1183,0.0319
-0.1181,0.0319
-0.1179,0.0318
-0.1177,0.0318
-0.1174,0.0317
-0.1172,0.0317
-0.1170,0.0316
-0.1168,0.0315
-0.1166,0.0315
-0.1164,0.0314
-0.1162,0.0314
-0.1160,0.0313
-0.1158,0.0313
-0.1156,0.0312
-0.1154,0.0312
-0.1152,0.0311
-0.1150,0.0311
-0.1148,0.0310
-0.1146,0.0310
-0.1144,0.0309
-0.1142,0.0309
-0.1140,0.0308
-0.1138,0.0308
-0.1136,0.0307
-0.1134,0.0307
-0.1132,0.0306
-0.1130,0.0306
-0.1128,0.0305
-0.1126,0.0305
-0.1124,0.0304
-0.1123,0.0304
-0.1121,0.0303
-0.1119,0.0303
-0.1117,0.0302
-0.1115,0.0302
-0.1113,0.0301
-0.1112,0.0301
-0.1110,0.0300
-0.1108,0.0300
-0.1106,0.0300
-0.1104,0.0299
-0.1103,0.0299
-0.1101,0.0298
-0.1099,0.0298
-0.1097,0.0297
-0.1095,0.0297
-0.1094,0.0296
-0.1092,0.0296
-0.1090,0.0295
-0.1088,0.0295
-0.1087,0.0295
-0.1085,0.0294
-0.1083,0.0294
-0.1082,0.0293
-0.1080,0.0293
-0.1078,0.0292
-0.1077,0.0292
-0.1075,0.0292
-0.1073,0.0291
-0.1072,0.0291
-0.1070,0.0290
-0.1068,0.0290
-0.1067,0.0289
-0.1065,0.0289
-0.1064,0.0289
-0.1062,0.0288
-0.1060,0.0288
-0.1059,0.0287
-0.1057,0.0287
-0.1056,0.0286
-0.1054,0.0286
-0.1052,0.0286
-0.1051,0.0285
-0.1049,0.0285
-0.1048,0.0284
-0.1046,0.0284
-0.1045,0.0284
-0.1043,0.0283
-0.1042,0.0283
-0.1040,0.0283
-0.1039,0.0282
-0.1037,0.0282
-0.1036,0.0281
-0.1034,0.0281
-0.1033,0.0281
-0.1031,0.0280
-0.1030,0.0280
-0.1028,0.0279
-0.1027,0.0279
-0.1025,0.0279
-0.1024,0.0278
-0.1022,0.0278
-0.1021,0.0278
-0.1020,0.0277
-0.1018,0.0277
-0.1017,0.0277
-0.1015,0.0276
-0.1014,0.0276
-0.1013,0.0275
-0.1011,0.0275
-0.1010,0.0275
-0.1008,0.0274
-0.1007,0.0274
-0.1006,0.0274
-0.1004,0.0273
-0.1003,0.0273
-0.1002,0.0273
-0.1000,0.0272
-0.0999,0.0272
-0.0998,0.0272
-0.0996,0.0271
-0.0995,0.0271
-0.0994,0.0271
-0.0992,0.0270
-0.0991,0.0270
-0.0990,0.0269
-0.0988,0.0269
-0.0987,0.0269
-0.0986,0.0268
-0.0984,0.0268
-0.0983,0.0268
-0.0982,0.0267
-0.0980,0.0267
-0.0979,0.0267
-0.0978,0.0266
-0.0977,0.0266
-0.0975,0.0266
-0.0974,0.0265
-0.0973,0.0265
-0.0972,0.0265
-0.0970,0.0264
-0.0969,0.0264
-0.0968,0.0264
-0.0967,0.0263
-0.0965,0.0263
-0.0964,0.0263
-0.0963,0.0262
-0.0962,0.0262
-0.0961,0.0262
-0.0959,0.0261
-0.0958,0.0261
-0.0957,0.0261
-0.0956,0.0260
-0.0955,0.0260
-0.0953,0.0260
-0.0952,0.0259
-0.0951,0.0259
-0.0950,0.0259
-0.0949,0.0258
-0.0948,0.0258
-0.0946,0.0258
-0.0945,0.0258
-0.0944,0.0257
-0.0943,0.0257
-0.0942,0.0257
-0.0941,0.0256
-0.0940,0.0256
-0.0938,0.0256
-0.0937,0.0255
-0.0936,0.0255
-0.0935,0.0255
-0.0934,0.0254
-0.0933,0.0254
-0.0932,0.0254
-0.0931,0.0254
-0.0930,0.0253
-0.0928,0.0253
-0.0927,0.0253
-0.0926,0.0252
-0.0925,0.0252
-0.0924,0.0252
-0.0923,0.0252
-0.0922,0.0251
-0.0921,0.0251
-0.0920,0.0251
-0.0919,0.0250
-0.0918,0.0250
-0.0917,0.0250
-0.0916,0.0249
-0.0914,0.0249
-0.0913,0.0249
-0.0912,0.0249
-0.0911,0.0248
-0.0910,0.0248
-0.0909,0.0248
-0.0908,0.0248
-0.0907,0.0247
-0.0906,0.0247
-0.0905,0.0247
-0.0904,0.0246
-0.0903,0.0246
-0.0902,0.0246
-0.0901,0.0246
-0.0900,0.0245
-0.0899,0.0245
-0.0898,0.0245
-0.0897,0.0244
-0.0896,0.0244
-0.0895,0.0244
-0.0894,0.0244
-0.0893,0.0243
-0.0892,0.0243
-0.0891,0.0243
-0.0890,0.0242
-0.0889,0.0242
-0.0888,0.0242
-0.0887,0.0242
-0.0886,0.0241
-0.0885,0.0241
-0.0884,0.0241
-0.0883,0.0241
-0.0882,0.0240
-0.0881,0.0240
-0.0880,0.0240
-0.0879,0.0240
-0.0879,0.0239
-0.0878,0.0239
-0.0877,0.0239
-0.0876,0.0238
-0.0875,0.0238
-0.0874,0.0238
-0.0873,0.0238
-0.0872,0.0237
-0.0871,0.0237
-0.0870,0.0237
-0.0869,0.0237
-0.0868,0.0236
-0.0867,0.0236
-0.0866,0.0236
-0.0866,0.0236
-0.0865,0.0235
-0.0864,0.0235
-0.0863,0.0235
-0.0862,0.0235
-0.0861,0.0234
-0.0860,0.0234
-0.0859,0.0234
-0.0858,0.0234
-0.0857,0.0233
-0.0857,0.0233
-0.0856,0.0233
-0.0855,0.0233
-0.0854,0.0232
-0.0853,0.0232
-0.0852,0.0232
-0.0851,0.0232
-0.0850,0.0231
-0.0850,0.0231
-0.0849,0.0231
-0.0848,0.0231
-0.0847,0.0230
-0.0846,0.0230
-0.0845,0.0230
-0.0844,0.0230
-0.0844,0.0229
-0.0843,0.0229
-0.0842,0.0229
-0.0841,0.0229
-0.0840,0.0228
-0.0839,0.0228
-0.0838,0.0228
-0.0838,0.0228
-0.0837,0.0227
-0.0836,0.0227
-0.0835,0.0227
-0.0834,0.0227
-0.0833,0.0227
-0.0833,0.0226
-0.0832,0.0226
-0.0831,0.0226
-0.0830,0.0226
-0.0829,0.0225
-0.0829,0.0225
-0.0828,0.0225
-0.0827,0.0225
-0.0826,0.0224
-0.0825,0.0224
-0.0825,0.0224
-0.0824,0.0224
-0.0823,0.0223
-0.0822,0.0223
-0.0821,0.0223
-0.0821,0.0223
-0.0820,0.0223
-0.0819,0.0222
-0.0818,0.0222
-0.0817,0.0222
-0.0817,0.0222
-0.0816,0.0221
-0.0815,0.0221
-0.0814,0.0221
-0.0814,0.0221
-0.0813,0.0220
-0.0812,0.0220
-0.0811,0.0220
-0.0810,0.0220
-0.0810,0.0220
-0.0809,0.0219
-0.0808,0.0219
-0.0807,0.0219
-0.0807,0.0219
-0.0806,0.0218
-0.0805,0.0218
-0.0804,0.0218
-0.0804,0.0218
-0.0803,0.0218
-0.0802,0.0217
-0.0801,0.0217
-0.0801,0.0217
-0.0800,0.0217
-0.0799,0.0217
-0.0799,0.0216
-0.0798,0.0216
-0.0797,0.0216
-0.0796,0.0216
-0.0796,0.0216
-0.0795,0.0215
-0.0794,0.0215
-0.0793,0.0215
-0.0793,0.0215
-0.0792,0.0214
-0.0791,0.0214
-0.0791,0.0214
-0.0790,0.0214
-0.0789,0.0214
-0.0789,0.0213
-0.0788,0.0213
-0.0787,0.0213
-0.0786,0.0213
-0.0786,0.0213
-0.0785,0.0212
-0.0784,0.0212
-0.0784,0.0212
-0.0783,0.0212
-0.0782,0.0212
-0.0782,0.0212
-0.0781,0.0211
-0.0780,0.0211
-0.0779,0.0211
-0.0779,0.0211
-0.0778,0.0211
-0.0777,0.0210
-0.0777,0.0210
-0.0776,0.0210
-0.0775,0.0210
-0.0775,0.0210
-0.0774,0.0209
-0.0773,0.0209
-0.0773,0.0209
-0.0772,0.0209
-0.0771,0.0209
-0.0771,0.0208
-0.0770,0.0208
-0.0769,0.0208
-0.0769,0.0208
-0.0768,0.0208
-0.0767,0.0207
-0.0767,0.0207
-0.0766,0.0207
-0.0765,0.0207
-0.0765,0.0207
-0.0764,0.0206
-0.0763,0.0206
-0.0763,0.0206
-0.0762,0.0206
-0.0762,0.0206
-0.0761,0.0206
-0.0760,0.0205
-0.0760,0.0205
-0.0759,0.0205
-0.0758,0.0205
-0.0758,0.0205
-0.0757,0.0204
-0.0756,0.0204
-0.0756,0.0204
-0.0755,0.0204
-0.0755,0.0204
-0.0754,0.0204
-0.0753,0.0203
-0.0753,0.0203
-0.0752,0.0203
-0.0751,0.0203
-0.0751,0.0203
-0.0750,0.0202
-0.0750,0.0202
-0.0749,0.0202
-0.0748,0.0202
-0.0748,0.0202
-0.0747,0.0202
-0.0746,0.0201
-0.0746,0.0201
-0.0745,0.0201
-0.0745,0.0201
-0.0744,0.0201
-0.0743,0.0201
-0.0743,0.0200
-0.0742,0.0200
-0.0742,0.0200
-0.0741,0.0200
-0.0740,0.0200
-0.0740,0.0199
-0.0739,0.0199
-0.0739,0.0199
-0.0738,0.0199
-0.0737,0.0199
-0.0737,0.0199
-0.0736,0.0198
-0.0736,0.0198
-0.0735,0.0198
-0.0735,0.0198
-0.0734,0.0198
-0.0733,0.0198
-0.0733,0.0197
-0.0732,0.0197
-0.0732,0.0197
-0.0731,0.0197
-0.0730,0.0197
-0.0730,0.0197
-0.0729,0.0196
-0.0729,0.0196
-0.0728,0.0196
-0.0728,0.0196
-0.0727,0.0196
-0.0726,0.0196
-0.0726,0.0195
-0.0725,0.0195
-0.0725,0.0195
-0.0724,0.0195
-0.0724,0.0195
-0.0723,0.0195
-0.0722,0.0194
-0.0722,0.0194
-0.0721,0.0194
-0.0721,0.0194
-0.0720,0.0194
-0.0720,0.0194
-0.0719,0.0194
-0.0719,0.0193
-0.0718,0.0193
-0.0717,0.0193
-0.0717,0.0193
-0.0716,0.0193
-0.0716,0.0193
-0.0715,0.0192
-0.0715,0.0192
-0.0714,0.0192
-0.0714,0.0192
-0.0713,0.0192
-0.0712,0.0192
-0.0712,0.0191
-0.0711,0.0191
-0.0711,0.0191
-0.0710,0.0191
-0.0710,0.0191
-0.0709,0.0191
-0.0709,0.0191
-0.0708,0.0190
-0.0708,0.0190
-0.0707,0.0190
-0.0707,0.0190
-0.0706,0.0190
-0.0705,0.0190
-0.0705,0.0189
-0.0704,0.0189
-0.0704,0.0189
-0.0703,0.0189
-0.0703,0.0189
-0.0702,0.0189
-0.0702,0.0188
-0.0701,0.0188
-0.0701,0.0188
-0.0700,0.0188
-0.0700,0.0188
-0.0699,0.0188
-0.0699,0.0188
-0.0698,0.0187
-0.0698,0.0187
-0.0697,0.0187
-0.0697,0.0187
-0.0696,0.0187
-0.0695,0.0187
-0.0695,0.0186
-0.0694,0.0186
-0.0694,0.0186
-0.0693,0.0186
-0.0693,0.0186
-0.0692,0.0186
-0.0692,0.0186
-0.0691,0.0185
-0.0691,0.0185
-0.0690,0.0185
-0.0690,0.0185
-0.0689,0.0185
-0.0689,0.0185
-0.0688,0.0184
-0.0688,0.0184
-0.0687,0.0184
-0.0687,0.0184
-0.0686,0.0184
-0.0686,0.0184
-0.0685,0.0184
-0.0685,0.0183
-0.0684,0.0183
-0.0684,0.0183
-0.0683,0.0183
-0.0683,0.0183
-0.0682,0.0183
-0.0682,0.0182
-0.0681,0.0182
-0.0681,0.0182
-0.0680,0.0182
-0.0680,0.0182
-0.0679,0.0182
-0.0679,0.0182
-0.0678,0.0181
-0.0678,0.0181
-0.0677,0.0181
-0.0677,0.0181
-0.0676,0.0181
-0.0676,0.0181
-0.0675,0.0181
-0.0675,0.0180
-0.0674,0.0180
-0.0674,0.0180
-0.0674,0.0180
-0.0673,0.0180
-0.0673,0.0180
-0.0672,0.0180
-0.0672,0.0179
-0.0671,0.0179
-0.0671,0.0179
-0.0670,0.0179
-0.0670,0.0179
-0.0669,0.0179
-0.0669,0.0179
-0.0668,0.0178
-0.0668,0.0178
-0.0667,0.0178
-0.0667,0.0178
-0.0666,0.0178
-0.0666,0.0178
-0.0665,0.0178
-0.0665,0.0177
-0.0665,0.0177
-0.0664,0.0177
-0.0664,0.0177
-0.0663,0.0177
-0.0663,0.0177
-0.0662,0.0177
-0.0662,0.0176
-0.0661,0.0176
-0.0661,0.0176
-0.0660,0.0176
-0.0660,0.0176
-0.0659,0.0176
-0.0659,0.0176
-0.0659,0.0175
-0.0658,0.0175
-0.0658,0.0175
-0.0657,0.0175
-0.0657,0.0175
-0.0656,0.0175
-0.0656,0.0175
-0.0655,0.0175
-0.0655,0.0174
-0.0655,0.0174
-0.0654,0.0174
-0.0654,0.0174
-0.0653,0.0174
-0.0653,0.0174
-0.0652,0.0174
-0.0652,0.0173
-0.0651,0.0173
-0.0651,0.0173
-0.0650,0.0173
-0.0650,0.0173
-0.0650,0.0173
-0.0649,0.0173
-0.0649,0.0172
-0.0648,0.0172
-0.0648,0.0172
-0.0647,0.0172
-0.0647,0.0172
-0.0647,0.0172
-0.0646,0.0172
-0.0646,0.0172
-0.0645,0.0171
-0.0645,0.0171
-0.0644,0.0171
-0.0644,0.0171
-0.0643,0.0171
-0.0643,0.0171
-0.0643,0.0171
-0.0642,0.0171
-0.0642,0.0170
-0.0641,0.0170
-0.0641,0.0170
-0.0640,0.0170
-0.0640,0.0170
-0.0640,0.0170
-0.0639,0.0170
-0.0639,0.0169
-0.0638,0.0169
-0.0638,0.0169
-0.0637,0.0169
-0.0637,0.0169
-0.0637,0.0169
-0.0636,0.0169
-0.0636,0.0169
-0.0635,0.0168
-0.0635,0.0168
-0.0634,0.0168
-0.0634,0.0168
-0.0634,0.0168
-0.0633,0.0168
-0.0633,0.0168
-0.0632,0.0168
-0.0632,0.0167
-0.0632,0.0167
-0.0631,0.0167
-0.0631,0.0167
-0.0630,0.0167
-0.0630,0.0167
-0.0629,0.0167
-0.0629,0.0167
-0.0629,0.0166
-0.0628,0.0166
-0.0628,0.0166
-0.0627,0.0166
-0.0627,0.0166
-0.0627,0.0166
-0.0626,0.0166
-0.0626,0.0166
-0.0625,0.0165
-0.0625,0.0165
-0.0625,0.0165
-0.0624,0.0165
-0.0624,0.0165
-0.0623,0.0165
-0.0623,0.0165
-0.0623,0.0165
-0.0622,0.0164
-0.0622,0.0164
-0.0621,0.0164
-0.0621,0.0164
-0.0621,0.0164
-0.0620,0.0164
-0.0620,0.0164
-0.0619,0.0164
-0.0619,0.0163
-0.0619,0.0163
-0.0618,0.0163
-0.0618,0.0163
-0.0617,0.0163
-0.0617,0.0163
-0.0617,0.0163
-0.0616,0.0163
-0.0616,0.0162
-0.0615,0.0162
-0.0615,0.0162
-0.0615,0.0162
-0.0614,0.0162
-0.0614,0.0162
-0.0613,0.0162
-0.0613,0.0162
-0.0613,0.0161
-0.0612,0.0161
-0.0612,0.0161
-0.0611,0.0161
-0.0611,0.0161
-0.0611,0.0161
-0.0610,0.0161
-0.0610,0.0161
-0.0609,0.0160
-0.0609,0.0160
-0.0609,0.0160
-0.0608,0.0160
-0.0608,0.0160
-0.0607,0.0160
-0.0607,0.0160
-0.0607,0.0160
-0.0606,0.0159
-0.0606,0.0159
-0.0606,0.0159
-0.0605,0.0159
-0.0605,0.0159
-0.0604,0.0159
-0.0604,0.0159
-0.0604,0.0159
-0.0603,0.0159
-0.0603,0.0158
-0.0602,0.0158
-0.0602,0.0158
-0.0602,0.0158
-0.0601,0.0158
-0.0601,0.0158
-0.0601,0.0158
-0.0600,0.0158
-0.0600,0.0157
-0.0599,0.0157
-0.0599,0.0157
-0.0599,0.0157
-0.0598,0.0157
-0.1103
-0.1064
-0.0678
-0.0511
-0.0363
-0.0182
-0.0173
0.0314
0.0443
0.0549
0.0737
0.0970
0.1171
0.1177
0.1472
0.1509
0.1672
0.1792
0.1840
0.1886
0.1956
0.2069
0.2106
0.2290
0.2417
0.2505
0.2540
0.2797
0.2848
0.2883
0.3051
0.3186
0.3398
0.3497
0.3651
0.3771
0.3816
0.3872
0.4016
0.4118
0.4132
0.4137
0.4158
0.4163
0.4166
0.4171
0.4179
0.4280
0.4427
0.4442
0.4443
0.4451
0.4502
0.4518
0.4553
0.4622
0.4640
0.4660
0.4683
0.4754
0.4839
0.4842
0.4877
0.4932
0.4991
0.5057
0.5156
0.5172
0.5203
0.5272
0.5305
0.5352
0.5422
0.5435
0.5472
0.5476
0.5539
0.5574
0.5620
0.5635
0.5656
0.5680
0.5689
0.5698
0.5711
0.5812
0.5823
0.5883
0.5942
0.5956
0.6048
0.6126
0.6134
0.6153
0.6218
0.6235
0.6262
0.6337
0.6425
0.6472
0.6515
0.6520
0.6548
0.6576
0.6652
0.6714
0.6736
0.6740
0.6741
0.6779
0.6797
0.6853
0.6859
0.6881
0.6884
0.6906
0.6951
0.6952
0.7014
0.7046
0.7067
0.7106
0.7185
0.7192
0.7208
0.7232
0.7246
0.7257
0.7300
0.7319
0.7320
0.7352
0.7367
0.7419
0.7423
0.7425
0.7432
0.7458
0.7496
0.7510
0.7530
0.7558
0.7566
0.7567
0.7648
0.7712
0.7731
0.7731
0.7749
0.7752
0.7779
0.7783
0.7790
0.7812
0.7869
0.7910
0.7917
0.7944
0.7957
0.7995
0.7997
0.8023
0.8049
0.8108
0.8122
0.8141
0.8166
0.8174
0.8187
0.8222
0.8248
0.8317
0.8330
0.8333
0.8368
0.8377
0.8421
0.8494
0.8500
0.8547
0.8560
0.8564
0.8567
0.8585
0.8588
0.8592
0.8616
0.8625
0.8652
0.8667
0.8668
0.8673
0.8686
0.8695
0.8742
0.8773
0.8786
0.8793
0.8819
0.8835
0.8837
0.8841
0.8857
0.8880
0.8914
0.8959
0.8981
0.9034
0.9039
0.9047
0.9058
0.9068
0.9084
0.9119
0.9160
0.9182
0.9198
0.9304
0.9310
0.9317
0.9318
0.9376
0.9384
0.9390
0.9401
0.9404
0.9418
0.9419
0.9460
0.9499
0.9503
0.9528
0.9542
0.9550
0.9581
0.9596
0.9634
0.9696
0.9726
0.9733
0.9743
0.9749
0.9771
0.9778
0.9780
0.9803
0.9807
0.9827
0.9834
0.9858
0.9942
0.9947
0.9957
0.9979
0.9987
0.9994
1.0003
1.0048
1.0048
1.0097
1.0099
1.0109
1.0124
1.0137
1.0138
1.0154
1.0177
1.0190
1.0195
1.0224
1.0229
1.0242
1.0246
1.0255
1.0298
1.0300
1.0303
1.0343
1.0388
1.0403
1.0435
1.0442
1.0452
1.0464
1.0465
1.0467
1.0504
1.0509
1.0509
1.0513
1.0519
1.0531
1.0532
1.0558
1.0564
1.0644
1.0663
1.0672
1.0691
1.0694
1.0709
1.0714
1.0715
1.0716
1.0730
1.0744
1.0746
1.0759
1.0773
1.0809
1.0857
1.0898
1.0907
1.0929
1.0933
1.0937
1.0942
1.0954
1.0973
1.0980
1.1000
1.1002
1.1041
1.1043
1.1047
1.1047
1.1060
1.1061
1.1073
1.1099
1.1113
1.1137
1.1168
1.1174
1.1187
1.1211
1.1220
1.1221
1.1223
1.1239
1.1246
1.1293
1.1293
1.1297
1.1298
1.1308
1.1308
1.1386
1.1394
1.1434
1.1435
1.1444
1.1459
1.1461
1.1469
1.1475
1.1498
1.1500
1.1510
1.1515
1.1516
1.1531
1.1546
1.1593
1.1614
1.1656
1.1725
1.1741
1.1759
1.1778
1.1780
1.1808
1.1867
1.1895
1.1904
1.1918
1.1934
1.1945
1.1959
1.1986
1.1997
1.1998
1.2028
1.2114
1.2126
1.2158
1.2171
1.2172
1.2203
1.2226
1.2250
1.2268
1.2295
1.2299
1.2338
1.2340
1.2342
1.2379
1.2386
1.2421
1.2423
1.2426
1.2429
1.2440
1.2445
1.2461
1.2496
1.2531
1.2546
1.2549
1.2552
1.2568
1.2581
1.2591
1.2592
1.2600
1.2615
1.2645
1.2647
1.2670
1.2671
1.2672
1.2735
1.2768
1.2780
1.2799
1.2807
1.2812
1.2813
1.2835
1.2859
1.2862
1.2863
1.2875
1.2877
1.2941
1.2991
1.3008
1.3011
1.3022
1.3040
1.3062
1.3089
1.3100
1.3112
1.3123
1.3138
1.3164
1.3199
1.3206
1.3226
1.3236
1.3242
1.3245
1.3255
1.3257
1.3265
1.3275
1.3287
1.3295
1.3300
1.3309
1.3324
1.3325
1.3349
1.3361
1.3363
1.3373
1.3392
1.3407
1.3449
1.3463
1.3512
1.3543
1.3587
1.3691
1.3696
1.3702
1.3703
1.3718
1.3757
1.3763
1.3787
1.3803
1.3856
1.3880
1.3882
1.3883
1.3896
1.3916
1.3923
1.3952
1.3963
1.3966
1.3987
1.3999
1.4030
1.4042
1.4047
1.4066
1.4075
1.4088
1.4111
1.4167
1.4173
1.4177
1.4210
1.4213
1.4255
1.4260
1.4284
1.4285
1.4290
1.4326
1.4331
1.4404
1.4418
1.4436
1.4464
1.4466
1.4487
1.4523
1.4550
1.4586
1.4595
1.4631
1.4646
1.4651
1.4656
1.4670
1.4710
1.4728
1.4753
1.4795
1.4805
1.4808
1.4809
1.4836
1.4856
1.4858
1.4861
1.4874
1.4891
1.4895
1.4925
1.4963
1.4970
1.4972
1.4988
1.5009
1.5022
1.5057
1.5081
1.5085
1.5110
1.5119
1.5137
1.5170
1.5172
1.5228
1.5229
1.5260
1.5272
1.5282
1.5288
1.5326
1.5329
1.5344
1.5361
1.5369
1.5401
1.5412
1.5420
1.5431
1.5459
1.5482
1.5485
1.5488
1.5495
1.5525
1.5558
1.5558
1.5566
1.5571
1.5618
1.5650
1.5668
1.5683
1.5687
1.5708
1.5751
1.5780
1.5790
1.5812
1.5862
1.5885
1.5892
1.5900
1.5922
1.5926
1.5932
1.5946
1.5964
1.6000
1.6007
1.6022
1.6027
1.6069
1.6075
1.6084
1.6108
1.6116
1.6145
1.6153
1.6160
1.6184
1.6206
1.6249
1.6251
1.6254
1.6257
1.6272
1.6294
1.6299
1.6306
1.6337
1.6354
1.6359
1.6362
1.6365
1.6371
1.6384
1.6407
1.6441
1.6457
1.6460
1.6507
1.6554
1.6605
1.6671
1.6672
1.6736
1.6737
1.6763
1.6763
1.6764
1.6767
1.6772
1.6782
1.6783
1.6792
1.6804
1.6804
1.6825
1.6833
1.6836
1.6874
1.6913
1.6928
1.6975
1.6986
1.6989
1.7007
1.7020
1.7078
1.7095
1.7107
1.7121
1.7124
1.7132
1.7149
1.7168
1.7196
1.7205
1.7207
1.7235
1.7249
1.7262
1.7276
1.7294
1.7295
1.7296
1.7300
1.7300
1.7327
1.7356
1.7364
1.7373
1.7379
1.7386
1.7410
1.7427
1.7454
1.7459
1.7493
1.7531
1.7550
1.7563
1.7563
1.7575
1.7579
1.7607
1.7629
1.7640
1.7660
1.7663
1.7666
1.7699
1.7702
1.7740
1.7757
1.7771
1.7794
1.7796
1.7815
1.7817
1.7818
1.7840
1.7850
1.7856
1.7865
1.7878
1.7886
1.7934
1.7992
1.8007
1.8018
1.8027
1.8030
1.8035
1.8048
1.8075
1.8119
1.8226
1.8253
1.8288
1.8299
1.8312
1.8320
1.8324
1.8354
1.8392
1.8418
1.8470
1.8514
1.8530
1.8544
1.8558
1.8655
1.8678
1.8701
1.8709
1.8784
1.8804
1.8821
1.8823
1.8861
1.8873
1.8875
1.8899
1.8969
1.9076
1.9080
1.9089
1.9109
1.9130
1.9196
1.9220
1.9232
1.9239
1.9273
1.9351
1.9365
1.9366
1.9373
1.9378
1.9379
1.9382
1.9436
1.9448
1.9469
1.9512
1.9535
1.9567
1.9573
1.9577
1.9586
1.9604
1.9634
1.9676
1.9684
1.9723
1.9725
1.9804
1.9849
1.9872
1.9880
1.9921
1.9934
1.9959
2.0006
2.0038
2.0048
2.0067
2.0104
2.0167
2.0173
2.0243
2.0244
2.0281
2.0292
2.0297
2.0347
2.0363
2.0363
2.0373
2.0385
2.0407
2.0437
2.0438
2.0485
2.0501
2.0562
2.0575
2.0595
2.0611
2.0612
2.0766
2.0780
2.0780
2.0824
2.0862
2.0866
2.0898
2.0955
2.1047
2.1071
2.1147
2.1305
2.1393
2.1424
2.1489
2.1555
2.1584
2.1598
2.1632
2.1642
2.1666
2.1686
2.1700
2.1756
2.1811
2.1942
2.1992
2.1998
2.2055
2.2056
2.2064
2.2090
2.2097
2.2104
2.2107
2.2126
2.2129
2.2132
2.2231
2.2273
2.2276
2.2323
2.2340
2.2347
2.2436
2.2529
2.2578
2.2609
2.2615
2.2618
2.2635
2.2666
2.2676
2.2679
2.2735
2.2768
2.2875
2.2941
2.2953
2.2996
2.2996
2.3078
2.3254
2.3272
2.3373
2.3391
2.3396
2.3441
2.3475
2.3509
2.3588
2.3610
2.3635
2.3741
2.3791
2.3811
2.3902
2.4072
2.4097
2.4114
2.4157
2.4192
2.4256
2.4295
2.4607
2.4665
2.4672
2.4820
2.4822
2.4827
2.4864
2.4867
2.4907
2.5077
2.5119
2.5186
2.5203
2.5298
2.5374
2.5554
2.5614
2.5848
2.5859
2.5911
2.6053
2.6078
2.6230
2.6494
2.6507
2.6535
2.6629
2.6685
2.6814
2.6873
2.6958
2.7123
2.7196
2.7249
2.7308
2.7314
2.7343
2.7383
2.7399
2.7654
2.7657
2.7681
2.7773
2.7873
2.7902
2.7928
2.7962
2.8370
2.8550
2.8626
2.8817
2.9019
2.9426
2.9554
3.0039
3.0105
3.0241
3.0289
3.0820
3.0928
3.0971
3.1144
3.1171
3.1574
3.1653
3.1789
3.1906
3.1932
3.1946
3.2112
3.2397
3.2741
3.2984
3.3159
3.3338
3.4233
3.4773
3.5137
3.5599
3.6431
3.7140
3.7629
3.8363
3.8692
3.8709
4.0232
4.3663
4.5520
4.6106
