1000
1000
-1.5737,0.1875
-1.4759,0.1853
-1.2630,0.1431
-1.1171,0.1372
-1.0104,0.1353
-0.9277,0.1324
-0.8617,0.1294
-0.8077,0.1264
-0.7629,0.1241
-0.7244,0.1214
-0.6910,0.1187
-0.6615,0.1159
-0.6352,0.1132
-0.6117,0.1107
-0.5906,0.1085
-0.5716,0.1064
-0.5541,0.1044
-0.5379,0.1022
-0.5231,0.1003
-0.5093,0.0983
-0.4964,0.0964
-0.4843,0.0947
-0.4730,0.0930
-0.4624,0.0914
-0.4526,0.0900
-0.4432,0.0886
-0.4345,0.0873
-0.4262,0.0860
-0.4183,0.0848
-0.4108,0.0836
-0.4037,0.0825
-0.3968,0.0814
-0.3903,0.0804
-0.3842,0.0794
-0.3782,0.0785
-0.3726,0.0777
-0.3671,0.0768
-0.3619,0.0760
-0.3569,0.0752
-0.3520,0.0745
-0.3474,0.0738
-0.3430,0.0732
-0.3387,0.0725
-0.3345,0.0719
-0.3305,0.0713
-0.3267,0.0707
-0.3229,0.0702
-0.3193,0.0696
-0.3158,0.0691
-0.3124,0.0686
-0.3091,0.0681
-0.3060,0.0676
-0.3029,0.0670
-0.2999,0.0665
-0.2969,0.0660
-0.2941,0.0655
-0.2913,0.0650
-0.2886,0.0645
-0.2859,0.0641
-0.2834,0.0637
-0.2809,0.0632
-0.2784,0.0628
-0.2760,0.0624
-0.2737,0.0620
-0.2714,0.0616
-0.2692,0.0612
-0.2670,0.0608
-0.2649,0.0604
-0.2628,0.0601
-0.2607,0.0597
-0.2588,0.0593
-0.2568,0.0590
-0.2549,0.0586
-0.2530,0.0583
-0.2512,0.0580
-0.2494,0.0576
-0.2476,0.0573
-0.2459,0.0569
-0.2442,0.0566
-0.2425,0.0563
-0.2409,0.0560
-0.2393,0.0557
-0.2377,0.0554
-0.2362,0.0550
-0.2346,0.0547
-0.2331,0.0544
-0.2317,0.0541
-0.2302,0.0538
-0.2288,0.0535
-0.2274,0.0532
-0.2260,0.0529
-0.2246,0.0526
-0.2233,0.0523
-0.2220,0.0520
-0.2207,0.0517
-0.2194,0.0515
-0.2182,0.0512
-0.2169,0.0509
-0.2157,0.0506
-0.2145,0.0504
-0.2134,0.0501
-0.2122,0.0498
-0.2111,0.0496
-0.2099,0.0493
-0.2088,0.0491
-0.2077,0.0488
-0.2067,0.0486
-0.2056,0.0483
-0.2046,0.0481
-0.2035,0.0479
-0.2025,0.0476
-0.2015,0.0474
-0.2005,0.0472
-0.1996,0.0470
-0.1986,0.0467
-0.1977,0.0465
-0.1967,0.0463
-0.1958,0.0461
-0.1949,0.0459
-0.1940,0.0457
-0.1931,0.0455
-0.1922,0.0453
-0.1913,0.0451
-0.1905,0.0449
-0.1896,0.0447
-0.1888,0.0445
-0.1880,0.0443
-0.1872,0.0441
-0.1864,0.0439
-0.1856,0.0437
-0.1848,0.0435
-0.1840,0.0433
-0.1832,0.0431
-0.1825,0.0430
-0.1817,0.0428
-0.1810,0.0426
-0.1803,0.0424
-0.1795,0.0423
-0.1788,0.0421
-0.1781,0.0420
-0.1774,0.0418
-0.1767,0.0417
-0.1760,0.0415
-0.1754,0.0414
-0.1747,0.0412
-0.1740,0.0411
-0.1734,0.0409
-0.1727,0.0408
-0.1721,0.0406
-0.1715,0.0405
-0.1708,0.0403
-0.1702,0.0402
-0.1696,0.0401
-0.1690,0.0399
-0.1684,0.0398
-0.1678,0.0397
-0.1672,0.0395
-0.1666,0.0394
-0.1660,0.0393
-0.1655,0.0391
-0.1649,0.0390
-0.1643,0.0389
-0.1638,0.0388
-0.1632,0.0387
-0.1627,0.0385
-0.1622,0.0384
-0.1616,0.0383
-0.1611,0.0382
-0.1606,0.0381
-0.1601,0.0380
-0.1595,0.0379
-0.1590,0.0378
-0.1585,0.0377
-0.1580,0.0375
-0.1575,0.0374
-0.1570,0.0373
-0.1566,0.0372
-0.1561,0.0371
-0.1556,0.0370
-0.1551,0.0369
-0.1547,0.0368
-0.1542,0.0367
-0.1537,0.0366
-0.1533,0.0365
-0.1528,0.0365
-0.1524,0.0364
-0.1519,0.0363
-0.1515,0.0362
-0.1511,0.0361
-0.1506,0.0360
-0.1502,0.0359
-0.1498,0.0358
-0.1493,0.0357
-0.1489,0.0356
-0.1485,0.0355
-0.1481,0.0355
-0.1477,0.0354
-0.1473,0.0353
-0.1469,0.0352
-0.1465,0.0351
-0.1461,0.0350
-0.1457,0.0349
-0.1453,0.0349
-0.1449,0.0348
-0.1445,0.0347
-0.1441,0.0346
-0.1437,0.0345
-0.1434,0.0344
-0.1430,0.0344
-0.1426,0.0343
-0.1422,0.0342
-0.1419,0.0341
-0.1415,0.0340
-0.1411,0.0339
-0.1408,0.0339
-0.1404,0.0338
-0.1401,0.0337
-0.1397,0.0336
-0.1393,0.0336
-0.1390,0.0335
-0.1387,0.0334
-0.1383,0.0333
-0.1380,0.0333
-0.1376,0.0332
-0.1373,0.0331
-0.1370,0.0330
-0.1366,0.0330
-0.1363,0.0329
-0.1360,0.0328
-0.1356,0.0327
-0.1353,0.0327
-0.1350,0.0326
-0.1347,0.0325
-0.1344,0.0325
-0.1341,0.0324
-0.1337,0.0323
-0.1334,0.0323
-0.1331,0.0322
-0.1328,0.0321
-0.1325,0.0321
-0.1322,0.0320
-0.1319,0.0320
-0.1316,0.0319
-0.1313,0.0318
-0.1310,0.0318
-0.1308,0.0317
-0.1305,0.0316
-0.1302,0.0316
-0.1299,0.0315
-0.1296,0.0315
-0.1293,0.0314
-0.1290,0.0314
-0.1288,0.0313
-0.1285,0.0312
-0.1282,0.0312
-0.1279,0.0311
-0.1277,0.0311
-0.1274,0.0310
-0.1271,0.0310
-0.1269,0.0309
-0.1266,0.0309
-0.1263,0.0308
-0.1261,0.0307
-0.1258,0.0307
-0.1256,0.0306
-0.1253,0.0306
-0.1250,0.0305
-0.1248,0.0305
-0.1245,0.0304
-0.1243,0.0304
-0.1240,0.0303
-0.1238,0.0303
-0.1235,0.0302
-0.1233,0.0302
-0.1230,0.0301
-0.1228,0.0301
-0.1226,0.0300
-0.1223,0.0300
-0.1221,0.0299
-0.1218,0.0299
-0.1216,0.0298
-0.1214,0.0298
-0.1211,0.0297
-0.1209,0.0297
-0.1207,0.0296
-0.1205,0.0296
-0.1202,0.0295
-0.1200,0.0295
-0.1198,0.0294
-0.1195,0.0294
-0.1193,0.0293
-0.1191,0.0293
-0.1189,0.0292
-0.1187,0.0292
-0.1184,0.0292
-0.1182,0.0291
-0.1180,0.0291
-0.1178,0.0290
-0.1176,0.0290
-0.1174,0.0289
-0.1172,0.0289
-0.1169,0.0288
-0.1167,0.0288
-0.1165,0.0288
-0.1163,0.0287
-0.1161,0.0287
-0.1159,0.0286
-0.1157,0.0286
-0.1155,0.0285
-0.1153,0.0285
-0.1151,0.0285
-0.1149,0.0284
-0.1147,0.0284
-0.1145,0.0283
-0.1143,0.0283
-0.1141,0.0282
-0.1139,0.0282
-0.1137,0.0282
-0.1135,0.0281
-0.1133,0.0281
-0.1131,0.0280
-0.1129,0.0280
-0.1127,0.0280
-0.1126,0.0279
-0.1124,0.0279
-0.1122,0.0278
-0.1120,0.0278
-0.1118,0.0278
-0.1116,0.0277
-0.1114,0.0277
-0.1113,0.0277
-0.1111,0.0276
-0.1109,0.0276
-0.1107,0.0275
-0.1105,0.0275
-0.1104,0.0275
-0.1102,0.0274
-0.1100,0.0274
-0.1098,0.0274
-0.1097,0.0273
-0.1095,0.0273
-0.1093,0.0272
-0.1091,0.0272
-0.1090,0.0272
-0.1088,0.0271
-0.1086,0.0271
-0.1085,0.0271
-0.1083,0.0270
-0.1081,0.0270
-0.1080,0.0270
-0.1078,0.0269
-0.1076,0.0269
-0.1075,0.0268
-0.1073,0.0268
-0.1071,0.0268
-0.1070,0.0267
-0.1068,0.0267
-0.1066,0.0267
-0.1065,0.0266
-0.1063,0.0266
-0.1062,0.0266
-0.1060,0.0265
-0.1059,0.0265
-0.1057,0.0265
-0.1055,0.0264
-0.1054,0.0264
-0.1052,0.0264
-0.1051,0.0264
-0.1049,0.0263
-0.1048,0.0263
-0.1046,0.0263
-0.1045,0.0262
-0.1043,0.0262
-0.1042,0.0262
-0.1040,0.0261
-0.1039,0.0261
-0.1037,0.0261
-0.1036,0.0260
-0.1034,0.0260
-0.1033,0.0260
-0.1031,0.0259
-0.1030,0.0259
-0.1028,0.0259
-0.1027,0.0259
-0.1025,0.0258
-0.1024,0.0258
-0.1023,0.0258
-0.1021,0.0257
-0.1020,0.0257
-0.1018,0.0257
-0.1017,0.0256
-0.1016,0.0256
-0.1014,0.0256
-0.1013,0.0256
-0.1011,0.0255
-0.1010,0.0255
-0.1009,0.0255
-0.1007,0.0254
-0.1006,0.0254
-0.1005,0.0254
-0.1003,0.0253
-0.1002,0.0253
-0.1001,0.0253
-0.0999,0.0253
-0.0998,0.0252
-0.0997,0.0252
-0.0995,0.0252
-0.0994,0.0251
-0.0993,0.0251
-0.0991,0.0251
-0.0990,0.0251
-0.0989,0.0250
-0.0987,0.0250
-0.0986,0.0250
-0.0985,0.0249
-0.0983,0.0249
-0.0982,0.0249
-0.0981,0.0248
-0.0980,0.0248
-0.0978,0.0248
-0.0977,0.0248
-0.0976,0.0247
-0.0975,0.0247
-0.0973,0.0247
-0.0972,0.0246
-0.0971,0.0246
-0.0970,0.0246
-0.0968,0.0246
-0.0967,0.0245
-0.0966,0.0245
-0.0965,0.0245
-0.0963,0.0244
-0.0962,0.0244
-0.0961,0.0244
-0.0960,0.0244
-0.0959,0.0243
-0.0957,0.0243
-0.0956,0.0243
-0.0955,0.0242
-0.0954,0.0242
-0.0953,0.0242
-0.0951,0.0242
-0.0950,0.0241
-0.0949,0.0241
-0.0948,0.0241
-0.0947,0.0240
-0.0946,0.0240
-0.0944,0.0240
-0.0943,0.0240
-0.0942,0.0239
-0.0941,0.0239
-0.0940,0.0239
-0.0939,0.0238
-0.0938,0.0238
-0.0936,0.0238
-0.0935,0.0238
-0.0934,0.0237
-0.0933,0.0237
-0.0932,0.0237
-0.0931,0.0237
-0.0930,0.0236
-0.0929,0.0236
-0.0927,0.0236
-0.0926,0.0235
-0.0925,0.0235
-0.0924,0.0235
-0.0923,0.0235
-0.0922,0.0234
-0.0921,0.0234
-0.0920,0.0234
-0.0919,0.0233
-0.0918,0.0233
-0.0917,0.0233
-0.0916,0.0233
-0.0914,0.0232
-0.0913,0.0232
-0.0912,0.0232
-0.0911,0.0232
-0.0910,0.0231
-0.0909,0.0231
-0.0908,0.0231
-0.0907,0.0231
-0.0906,0.0230
-0.0905,0.0230
-0.0904,0.0230
-0.0903,0.0230
-0.0902,0.0229
-0.0901,0.0229
-0.0900,0.0229
-0.0899,0.0228
-0.0898,0.0228
-0.0897,0.0228
-0.0896,0.0228
-0.0895,0.0227
-0.0894,0.0227
-0.0893,0.0227
-0.0892,0.0227
-0.0891,0.0226
-0.0890,0.0226
-0.0889,0.0226
-0.0888,0.0226
-0.0887,0.0225
-0.0886,0.0225
-0.0885,0.0225
-0.0884,0.0225
-0.0883,0.0224
-0.0882,0.0224
-0.0881,0.0224
-0.0880,0.0224
-0.0879,0.0223
-0.0878,0.0223
-0.0877,0.0223
-0.0876,0.0223
-0.0875,0.0223
-0.0875,0.0222
-0.0874,0.0222
-0.0873,0.0222
-0.0872,0.0222
-0.0871,0.0221
-0.0870,0.0221
-0.0869,0.0221
-0.0868,0.0221
-0.0867,0.0220
-0.0866,0.0220
-0.0865,0.0220
-0.0864,0.0220
-0.0863,0.0219
-0.0863,0.0219
-0.0862,0.0219
-0.0861,0.0219
-0.0860,0.0219
-0.0859,0.0218
-0.0858,0.0218
-0.0857,0.0218
-0.0856,0.0218
-0.0855,0.0217
-0.0854,0.0217
-0.0854,0.0217
-0.0853,0.0217
-0.0852,0.0217
-0.0851,0.0216
-0.0850,0.0216
-0.0849,0.0216
-0.0848,0.0216
-0.0847,0.0215
-0.0847,0.0215
-0.0846,0.0215
-0.0845,0.0215
-0.0844,0.0215
-0.0843,0.0214
-0.0842,0.0214
-0.0842,0.0214
-0.0841,0.0214
-0.0840,0.0213
-0.0839,0.0213
-0.0838,0.0213
-0.0837,0.0213
-0.0836,0.0213
-0.0836,0.0212
-0.0835,0.0212
-0.0834,0.0212
-0.0833,0.0212
-0.0832,0.0211
-0.0831,0.0211
-0.0831,0.0211
-0.0830,0.0211
-0.0829,0.0211
-0.0828,0.0210
-0.0827,0.0210
-0.0827,0.0210
-0.0826,0.0210
-0.0825,0.0210
-0.0824,0.0209
-0.0823,0.0209
-0.0823,0.0209
-0.0822,0.0209
-0.0821,0.0208
-0.0820,0.0208
-0.0819,0.0208
-0.0819,0.0208
-0.0818,0.0208
-0.0817,0.0207
-0.0816,0.0207
-0.0815,0.0207
-0.0815,0.0207
-0.0814,0.0207
-0.0813,0.0206
-0.0812,0.0206
-0.0812,0.0206
-0.0811,0.0206
-0.0810,0.0206
-0.0809,0.0205
-0.0808,0.0205
-0.0808,0.0205
-0.0807,0.0205
-0.0806,0.0205
-0.0805,0.0204
-0.0805,0.0204
-0.0804,0.0204
-0.0803,0.0204
-0.0802,0.0204
-0.0802,0.0203
-0.0801,0.0203
-0.0800,0.0203
-0.0799,0.0203
-0.0799,0.0203
-0.0798,0.0202
-0.0797,0.0202
-0.0796,0.0202
-0.0796,0.0202
-0.0795,0.0202
-0.0794,0.0201
-0.0794,0.0201
-0.0793,0.0201
-0.0792,0.0201
-0.0791,0.0201
-0.0791,0.0200
-0.0790,0.0200
-0.0789,0.0200
-0.0788,0.0200
-0.0788,0.0200
-0.0787,0.0200
-0.0786,0.0199
-0.0786,0.0199
-0.0785,0.0199
-0.0784,0.0199
-0.0783,0.0199
-0.0783,0.0198
-0.0782,0.0198
-0.0781,0.0198
-0.0781,0.0198
-0.0780,0.0198
-0.0779,0.0197
-0.0779,0.0197
-0.0778,0.0197
-0.0777,0.0197
-0.0776,0.0197
-0.0776,0.0197
-0.0775,0.0196
-0.0774,0.0196
-0.0774,0.0196
-0.0773,0.0196
-0.0772,0.0196
-0.0772,0.0196
-0.0771,0.0195
-0.0770,0.0195
-0.0770,0.0195
-0.0769,0.0195
-0.0768,0.0195
-0.0768,0.0194
-0.0767,0.0194
-0.0766,0.0194
-0.0765,0.0194
-0.0765,0.0194
-0.0764,0.0194
-0.0763,0.0193
-0.0763,0.0193
-0.0762,0.0193
-0.0761,0.0193
-0.0761,0.0193
-0.0760,0.0193
-0.0760,0.0192
-0.0759,0.0192
-0.0758,0.0192
-0.0758,0.0192
-0.0757,0.0192
-0.0756,0.0191
-0.0756,0.0191
-0.0755,0.0191
-0.0754,0.0191
-0.0754,0.0191
-0.0753,0.0191
-0.0752,0.0190
-0.0752,0.0190
-0.0751,0.0190
-0.0750,0.0190
-0.0750,0.0190
-0.0749,0.0190
-0.0748,0.0189
-0.0748,0.0189
-0.0747,0.0189
-0.0747,0.0189
-0.0746,0.0189
-0.0745,0.0189
-0.0745,0.0188
-0.0744,0.0188
-0.0743,0.0188
-0.0743,0.0188
-0.0742,0.0188
-0.0741,0.0188
-0.0741,0.0187
-0.0740,0.0187
-0.0740,0.0187
-0.0739,0.0187
-0.0738,0.0187
-0.0738,0.0187
-0.0737,0.0186
-0.0737,0.0186
-0.0736,0.0186
-0.0735,0.0186
-0.0735,0.0186
-0.0734,0.0186
-0.0733,0.0185
-0.0733,0.0185
-0.0732,0.0185
-0.0732,0.0185
-0.0731,0.0185
-0.0730,0.0185
-0.0730,0.0184
-0.0729,0.0184
-0.0729,0.0184
-0.0728,0.0184
-0.0727,0.0184
-0.0727,0.0184
-0.0726,0.0183
-0.0726,0.0183
-0.0725,0.0183
-0.0724,0.0183
-0.0724,0.0183
-0.0723,0.0183
-0.0723,0.0182
-0.0722,0.0182
-0.0721,0.0182
-0.0721,0.0182
-0.0720,0.0182
-0.0720,0.0182
-0.0719,0.0181
-0.0718,0.0181
-0.0718,0.0181
-0.0717,0.0181
-0.0717,0.0181
-0.0716,0.0181
-0.0716,0.0180
-0.0715,0.0180
-0.0714,0.0180
-0.0714,0.0180
-0.0713,0.0180
-0.0713,0.0180
-0.0712,0.0180
-0.0711,0.0179
-0.0711,0.0179
-0.0710,0.0179
-0.0710,0.0179
-0.0709,0.0179
-0.0709,0.0179
-0.0708,0.0178
-0.0707,0.0178
-0.0707,0.0178
-0.0706,0.0178
-0.0706,0.0178
-0.0705,0.0178
-0.0705,0.0177
-0.0704,0.0177
-0.0703,0.0177
-0.0703,0.0177
-0.0702,0.0177
-0.0702,0.0177
-0.0701,0.0176
-0.0701,0.0176
-0.0700,0.0176
-0.0700,0.0176
-0.0699,0.0176
-0.0698,0.0176
-0.0698,0.0175
-0.0697,0.0175
-0.0697,0.0175
-0.0696,0.0175
-0.0696,0.0175
-0.0695,0.0175
-0.0695,0.0174
-0.0694,0.0174
-0.0693,0.0174
-0.0693,0.0174
-0.0692,0.0174
-0.0692,0.0174
-0.0691,0.0174
-0.0691,0.0173
-0.0690,0.0173
-0.0690,0.0173
-0.0689,0.0173
-0.0689,0.0173
-0.0688,0.0173
-0.0688,0.0172
-0.0687,0.0172
-0.0686,0.0172
-0.0686,0.0172
-0.0685,0.0172
-0.0685,0.0172
-0.0684,0.0172
-0.0684,0.0171
-0.0683,0.0171
-0.0683,0.0171
-0.0682,0.0171
-0.0682,0.0171
-0.0681,0.0171
-0.0681,0.0170
-0.0680,0.0170
-0.0680,0.0170
-0.0679,0.0170
-0.0679,0.0170
-0.0678,0.0170
-0.0678,0.0170
-0.0677,0.0169
-0.0677,0.0169
-0.0676,0.0169
-0.0676,0.0169
-0.0675,0.0169
-0.0674,0.0169
-0.0674,0.0169
-0.0673,0.0168
-0.0673,0.0168
-0.0672,0.0168
-0.0672,0.0168
-0.0671,0.0168
-0.0671,0.0168
-0.0670,0.0168
-0.0670,0.0167
-0.0669,0.0167
-0.0669,0.0167
-0.0668,0.0167
-0.0668,0.0167
-0.0667,0.0167
-0.0667,0.0166
-0.0666,0.0166
-0.0666,0.0166
-0.0665,0.0166
-0.0665,0.0166
-0.0664,0.0166
-0.0664,0.0166
-0.0663,0.0165
-0.0663,0.0165
-0.0662,0.0165
-0.0662,0.0165
-0.0661,0.0165
-0.0661,0.0165
-0.0660,0.0165
-0.0660,0.0164
-0.0660,0.0164
-0.0659,0.0164
-0.0659,0.0164
-0.0658,0.0164
-0.0658,0.0164
-0.0657,0.0164
-0.0657,0.0163
-0.0656,0.0163
-0.0656,0.0163
-0.0655,0.0163
-0.0655,0.0163
-0.0654,0.0163
-0.0654,0.0163
-0.0653,0.0163
-0.0653,0.0162
-0.0652,0.0162
-0.0652,0.0162
-0.0651,0.0162
-0.0651,0.0162
-0.0650,0.0162
-0.0650,0.0162
-0.0649,0.0161
-0.0649,0.0161
-0.0648,0.0161
-0.0648,0.0161
-0.0648,0.0161
-0.0647,0.0161
-0.0647,0.0161
-0.0646,0.0160
-0.0646,0.0160
-0.0645,0.0160
-0.0645,0.0160
-0.0644,0.0160
-0.0644,0.0160
-0.0643,0.0160
-0.0643,0.0160
-0.0642,0.0159
-0.0642,0.0159
-0.0642,0.0159
-0.0641,0.0159
-0.0641,0.0159
-0.0640,0.0159
-0.0640,0.0159
-0.0639,0.0158
-0.0639,0.0158
-0.0638,0.0158
-0.0638,0.0158
-0.0637,0.0158
-0.0637,0.0158
-0.0636,0.0158
-0.0636,0.0158
-0.0636,0.0157
-0.0635,0.0157
-0.0635,0.0157
-0.0634,0.0157
-0.0634,0.0157
-0.0633,0.0157
-0.0633,0.0157
-0.0632,0.0156
-0.0632,0.0156
-0.0632,0.0156
-0.0631,0.0156
-0.0631,0.0156
-0.0630,0.0156
-0.0630,0.0156
-0.0629,0.0156
-0.0629,0.0155
-0.0628,0.0155
-0.0628,0.0155
-0.0628,0.0155
-0.0627,0.0155
-0.0627,0.0155
-0.0626,0.0155
-0.0626,0.0155
-0.0625,0.0154
-0.0625,0.0154
-0.0624,0.0154
-0.0624,0.0154
-0.0624,0.0154
-0.0623,0.0154
-0.0623,0.0154
-0.0622,0.0154
-0.0622,0.0153
-0.0621,0.0153
-0.0621,0.0153
-0.0621,0.0153
-0.0620,0.0153
-0.0620,0.0153
-0.0619,0.0153
-0.0619,0.0153
-0.0618,0.0152
-0.0618,0.0152
-0.0618,0.0152
-0.0617,0.0152
-0.0617,0.0152
-0.0616,0.0152
-0.0616,0.0152
-0.0615,0.0152
-0.0615,0.0151
-0.0615,0.0151
-0.0614,0.0151
-0.0614,0.0151
-0.0613,0.0151
-0.0613,0.0151
-0.0612,0.0151
-0.0612,0.0151
-0.0612,0.0150
-0.0611,0.0150
-0.0611,0.0150
-0.0610,0.0150
-0.0610,0.0150
-0.0610,0.0150
-0.0609,0.0150
-0.0609,0.0150
-0.0608,0.0149
-0.0608,0.0149
-0.0607,0.0149
-0.0607,0.0149
-0.0607,0.0149
-0.0606,0.0149
-0.0606,0.0149
-0.0605,0.0149
-0.0605,0.0148
-0.0605,0.0148
-0.0604,0.0148
-0.0604,0.0148
-0.0603,0.0148
-0.0603,0.0148
-0.0602,0.0148
-0.0602,0.0148
-0.0602,0.0148
-0.0601,0.0147
-0.0601,0.0147
-0.0600,0.0147
-0.0600,0.0147
-0.0600,0.0147
-0.0599,0.0147
-0.0599,0.0147
-0.0598,0.0147
-0.0598,0.0146
-0.0598,0.0146
-0.0597,0.0146
-0.0597,0.0146
-0.0596,0.0146
-0.0596,0.0146
-0.0596,0.0146
-0.0595,0.0146
-0.0595,0.0146
-0.0594,0.0145
-0.0594,0.0145
-0.0594,0.0145
-0.0593,0.0145
-0.0593,0.0145
-0.0592,0.0145
-0.0592,0.0145
-0.0592,0.0145
-0.0591,0.0144
-0.0591,0.0144
-0.0590,0.0144
-0.0590,0.0144
-0.0590,0.0144
-0.0589,0.0144
-0.0589,0.0144
-0.2477
-0.1795
-0.0162
-0.0037
0.0020
0.0075
0.0155
0.0296
0.0905
0.1159
0.1344
0.1344
0.1542
0.1816
0.1982
0.2277
0.2337
0.2445
0.2501
0.2561
0.2607
0.2612
0.2647
0.2719
0.2730
0.2768
0.2864
0.2945
0.2954
0.2960
0.2998
0.3219
0.3224
0.3314
0.3334
0.3366
0.3393
0.3393
0.3431
0.3472
0.3479
0.3584
0.3638
0.3696
0.3930
0.3998
0.4069
0.4111
0.4219
0.4228
0.4235
0.4278
0.4308
0.4411
0.4489
0.4520
0.4523
0.4674
0.4725
0.4733
0.4739
0.4756
0.4810
0.4827
0.4962
0.4963
0.4993
0.5100
0.5108
0.5193
0.5210
0.5211
0.5227
0.5282
0.5337
0.5470
0.5493
0.5519
0.5527
0.5572
0.5787
0.5795
0.5840
0.5894
0.5909
0.5912
0.5988
0.6017
0.6048
0.6093
0.6148
0.6157
0.6178
0.6186
0.6221
0.6269
0.6328
0.6351
0.6362
0.6391
0.6459
0.6488
0.6534
0.6546
0.6564
0.6578
0.6594
0.6608
0.6642
0.6672
0.6756
0.6775
0.6830
0.6831
0.6832
0.6855
0.6856
0.6877
0.6949
0.6958
0.7025
0.7043
0.7045
0.7082
0.7139
0.7173
0.7183
0.7210
0.7213
0.7233
0.7241
0.7304
0.7319
0.7343
0.7351
0.7388
0.7402
0.7402
0.7534
0.7544
0.7556
0.7589
0.7606
0.7618
0.7636
0.7647
0.7653
0.7653
0.7658
0.7722
0.7722
0.7722
0.7761
0.7796
0.7830
0.7919
0.7941
0.7969
0.7974
0.8033
0.8052
0.8054
0.8090
0.8110
0.8127
0.8147
0.8171
0.8206
0.8227
0.8235
0.8249
0.8272
0.8272
0.8316
0.8365
0.8369
0.8383
0.8390
0.8400
0.8431
0.8439
0.8452
0.8464
0.8495
0.8499
0.8532
0.8552
0.8555
0.8565
0.8589
0.8597
0.8655
0.8682
0.8696
0.8726
0.8781
0.8784
0.8802
0.8806
0.8847
0.8875
0.8878
0.8907
0.8982
0.8987
0.8989
0.9007
0.9010
0.9036
0.9109
0.9138
0.9150
0.9150
0.9156
0.9165
0.9171
0.9199
0.9202
0.9229
0.9258
0.9264
0.9273
0.9317
0.9329
0.9349
0.9360
0.9382
0.9396
0.9419
0.9425
0.9439
0.9454
0.9475
0.9487
0.9557
0.9562
0.9572
0.9617
0.9626
0.9640
0.9648
0.9648
0.9658
0.9691
0.9695
0.9704
0.9714
0.9721
0.9734
0.9734
0.9739
0.9766
0.9796
0.9802
0.9810
0.9855
0.9859
0.9889
0.9899
0.9912
0.9916
0.9923
0.9930
0.9936
0.9949
0.9955
1.0010
1.0068
1.0082
1.0089
1.0157
1.0176
1.0214
1.0220
1.0224
1.0256
1.0257
1.0263
1.0283
1.0335
1.0349
1.0380
1.0388
1.0390
1.0392
1.0398
1.0405
1.0419
1.0431
1.0432
1.0440
1.0451
1.0456
1.0460
1.0478
1.0487
1.0503
1.0520
1.0537
1.0571
1.0573
1.0580
1.0605
1.0653
1.0662
1.0691
1.0700
1.0759
1.0766
1.0780
1.0782
1.0792
1.0800
1.0842
1.0862
1.0863
1.0868
1.0869
1.0872
1.0876
1.0892
1.0909
1.0909
1.0913
1.0920
1.0924
1.0932
1.0936
1.0949
1.0978
1.0990
1.0992
1.0993
1.1001
1.1016
1.1024
1.1024
1.1026
1.1052
1.1071
1.1083
1.1088
1.1102
1.1138
1.1141
1.1174
1.1177
1.1177
1.1195
1.1265
1.1299
1.1313
1.1323
1.1323
1.1350
1.1359
1.1361
1.1373
1.1383
1.1389
1.1390
1.1410
1.1423
1.1433
1.1441
1.1448
1.1464
1.1469
1.1481
1.1494
1.1512
1.1541
1.1549
1.1550
1.1555
1.1614
1.1647
1.1652
1.1700
1.1710
1.1727
1.1748
1.1751
1.1769
1.1818
1.1819
1.1838
1.1865
1.1866
1.1878
1.1902
1.1908
1.1915
1.1939
1.1952
1.2011
1.2014
1.2063
1.2065
1.2082
1.2102
1.2110
1.2190
1.2191
1.2193
1.2208
1.2211
1.2240
1.2260
1.2260
1.2270
1.2273
1.2356
1.2384
1.2408
1.2448
1.2472
1.2473
1.2495
1.2506
1.2512
1.2526
1.2559
1.2566
1.2570
1.2586
1.2606
1.2660
1.2662
1.2691
1.2796
1.2797
1.2798
1.2817
1.2845
1.2911
1.2912
1.2968
1.2970
1.2970
1.2993
1.3027
1.3067
1.3072
1.3123
1.3142
1.3148
1.3183
1.3190
1.3211
1.3221
1.3229
1.3245
1.3266
1.3318
1.3333
1.3337
1.3375
1.3385
1.3427
1.3429
1.3432
1.3455
1.3480
1.3526
1.3563
1.3592
1.3594
1.3599
1.3600
1.3609
1.3634
1.3651
1.3664
1.3671
1.3683
1.3685
1.3725
1.3733
1.3781
1.3791
1.3795
1.3797
1.3801
1.3804
1.3844
1.3850
1.3864
1.3874
1.3920
1.3953
1.3954
1.3959
1.3975
1.3990
1.3997
1.4037
1.4077
1.4077
1.4101
1.4124
1.4164
1.4179
1.4186
1.4194
1.4206
1.4223
1.4233
1.4276
1.4278
1.4297
1.4353
1.4361
1.4372
1.4373
1.4378
1.4447
1.4456
1.4466
1.4509
1.4532
1.4532
1.4542
1.4584
1.4611
1.4618
1.4629
1.4646
1.4695
1.4706
1.4721
1.4749
1.4756
1.4820
1.4878
1.4880
1.4925
1.4925
1.4938
1.4991
1.5002
1.5021
1.5022
1.5022
1.5044
1.5045
1.5052
1.5083
1.5096
1.5110
1.5115
1.5121
1.5146
1.5146
1.5149
1.5150
1.5172
1.5209
1.5230
1.5241
1.5244
1.5251
1.5253
1.5271
1.5283
1.5303
1.5309
1.5378
1.5384
1.5386
1.5391
1.5419
1.5443
1.5471
1.5501
1.5508
1.5521
1.5531
1.5546
1.5548
1.5563
1.5564
1.5568
1.5587
1.5597
1.5603
1.5622
1.5669
1.5704
1.5704
1.5715
1.5731
1.5781
1.5784
1.5796
1.5801
1.5848
1.5855
1.5860
1.5886
1.5899
1.5903
1.5930
1.5930
1.5982
1.6001
1.6018
1.6051
1.6067
1.6125
1.6137
1.6137
1.6139
1.6230
1.6296
1.6298
1.6331
1.6347
1.6350
1.6381
1.6385
1.6393
1.6405
1.6431
1.6433
1.6476
1.6478
1.6479
1.6482
1.6492
1.6519
1.6555
1.6570
1.6590
1.6607
1.6614
1.6622
1.6661
1.6672
1.6705
1.6718
1.6728
1.6838
1.6846
1.6873
1.6887
1.6909
1.6983
1.7010
1.7016
1.7053
1.7065
1.7073
1.7086
1.7088
1.7110
1.7125
1.7154
1.7178
1.7188
1.7209
1.7212
1.7233
1.7249
1.7279
1.7280
1.7339
1.7357
1.7433
1.7450
1.7588
1.7592
1.7628
1.7667
1.7724
1.7735
1.7747
1.7756
1.7759
1.7771
1.7825
1.7870
1.7903
1.7906
1.7922
1.7936
1.7950
1.7951
1.7952
1.7964
1.7976
1.7994
1.7998
1.8060
1.8063
1.8088
1.8139
1.8148
1.8153
1.8176
1.8196
1.8197
1.8215
1.8250
1.8263
1.8293
1.8300
1.8317
1.8341
1.8361
1.8375
1.8377
1.8386
1.8397
1.8404
1.8430
1.8431
1.8477
1.8481
1.8521
1.8528
1.8572
1.8576
1.8594
1.8594
1.8655
1.8656
1.8656
1.8675
1.8702
1.8707
1.8732
1.8750
1.8807
1.8814
1.8826
1.8852
1.8854
1.8891
1.8929
1.8936
1.8986
1.9013
1.9038
1.9082
1.9087
1.9166
1.9185
1.9210
1.9225
1.9237
1.9269
1.9295
1.9347
1.9361
1.9380
1.9460
1.9468
1.9469
1.9476
1.9482
1.9498
1.9509
1.9524
1.9561
1.9597
1.9625
1.9629
1.9655
1.9696
1.9729
1.9744
1.9767
1.9775
1.9808
1.9842
1.9847
1.9921
1.9935
1.9954
2.0019
2.0052
2.0086
2.0133
2.0165
2.0191
2.0205
2.0242
2.0263
2.0313
2.0338
2.0347
2.0348
2.0372
2.0374
2.0378
2.0399
2.0469
2.0469
2.0534
2.0577
2.0609
2.0622
2.0642
2.0661
2.0722
2.0749
2.0768
2.0839
2.0906
2.0940
2.0959
2.0964
2.0982
2.0984
2.1001
2.1006
2.1050
2.1117
2.1132
2.1179
2.1212
2.1215
2.1225
2.1255
2.1282
2.1484
2.1523
2.1525
2.1628
2.1637
2.1643
2.1690
2.1699
2.1728
2.1796
2.1802
2.1914
2.1959
2.2126
2.2147
2.2194
2.2210
2.2238
2.2260
2.2273
2.2279
2.2282
2.2287
2.2291
2.2292
2.2394
2.2462
2.2468
2.2533
2.2555
2.2556
2.2622
2.2643
2.2658
2.2659
2.2736
2.2767
2.2850
2.2935
2.2973
2.2989
2.3046
2.3150
2.3170
2.3253
2.3265
2.3377
2.3391
2.3475
2.3512
2.3595
2.3599
2.3643
2.3658
2.3766
2.3797
2.3804
2.3873
2.3911
2.3929
2.3942
2.3952
2.3994
2.4005
2.4101
2.4102
2.4109
2.4116
2.4135
2.4277
2.4287
2.4319
2.4330
2.4340
2.4345
2.4496
2.4536
2.4694
2.4719
2.4729
2.4855
2.4883
2.5013
2.5077
2.5079
2.5088
2.5149
2.5367
2.5485
2.5600
2.5678
2.5727
2.5795
2.5820
2.5912
2.5944
2.5956
2.5960
2.5964
2.6062
2.6507
2.6517
2.6543
2.6559
2.6599
2.6646
2.6691
2.6741
2.6771
2.6910
2.7004
2.7018
2.7019
2.7042
2.7055
2.7058
2.7121
2.7175
2.7180
2.7180
2.7433
2.7484
2.7540
2.7594
2.7617
2.7911
2.8089
2.8135
2.8145
2.8213
2.8351
2.8375
2.8497
2.8636
2.8746
2.8812
2.8979
2.9021
2.9024
2.9095
2.9500
2.9720
3.0033
3.0139
3.0183
3.0367
3.0576
3.0630
3.0772
3.1317
3.1540
3.1665
3.1779
3.1861
3.2008
3.2225
3.2297
3.2319
3.2673
3.2824
3.3107
3.3134
3.3270
3.3321
3.3837
3.4028
3.4571
3.5116
3.5398
3.5520
3.5555
3.6247
3.7317
4.7253
