1000
1000
-0.9397,0.2558
-0.8399,0.2550
-0.6743,0.2096
-0.5712,0.1828
-0.4997,0.1637
-0.4464,0.1496
-0.4053,0.1383
-0.3725,0.1292
-0.3449,0.1209
-0.3214,0.1138
-0.3010,0.1077
-0.2828,0.1020
-0.2663,0.0970
-0.2511,0.0921
-0.2372,0.0875
-0.2239,0.0832
-0.2113,0.0790
-0.1990,0.0749
-0.1869,0.0712
-0.1748,0.0672
-0.1627,0.0634
-0.1505,0.0597
-0.1381,0.0563
-0.1253,0.0532
-0.1117,0.0499
-0.0969,0.0462
0.0000,0.0000
0.0000,0.0000
0.0000,0.0000
0.0000,0.0000
0.0000,0.0000
0.0000,0.0000
0.0000,0.0000
0.0000,0.0000
0.0000,0.0000
0.0000,0.0000
0.0000,0.0000
0.0000,0.0000
0.0000,0.0000
0.0000,0.0000
0.0000,0.0000
0.0000,0.0000
0.0000,0.0000
0.0000,0.0000
0.0000,0.0000
0.0000,0.0000
0.0000,0.0000
0.0000,0.0000
0.0000,0.0000
0.0000,0.0000
0.0000,0.0000
0.0000,0.0000
0.0000,0.0000
0.0000,0.0000
0.0000,0.0000
0.0000,0.0000
0.0000,0.0000
0.0000,0.0000
0.0000,0.0000
0.0000,0.0000
0.0000,0.0000
0.0000,0.0000
0.0000,0.0000
0.0000,0.0000
0.0000,0.0000
0.0000,0.0000
0.0000,0.0000
0.0000,0.0000
0.0000,0.0000
0.0000,0.0000
0.0000,0.0000
0.0000,0.0000
0.0000,0.0000
0.0000,0.0000
0.0000,0.0000
0.0000,0.0000
0.0000,0.0000
0.0000,0.0000
0.0000,0.0000
0.0000,0.0000
0.0000,0.0000
0.0000,0.0000
0.0000,0.0000
0.0000,0.0000
0.0000,0.0000
0.0000,0.0000
0.0000,0.0000
0.0000,0.0000
0.0000,0.0000
0.0000,0.0000
0.0000,0.0000
0.0000,0.0000
0.0000,0.0000
0.0000,0.0000
0.0000,0.0000
0.0000,0.0000
0.0000,0.0000
0.0000,0.0000
0.0000,0.0000
0.0000,0.0000
0.0000,0.0000
0.0000,0.0000
0.0000,0.0000
0.0000,0.0000
0.0000,0.0000
0.0000,0.0000
0.0000,0.0000
0.0000,0.0000
0.0000,0.0000
0.0000,0.0000
0.0000,0.0000
0.0000,0.0000
0.0000,0.0000
0.0000,0.0000
0.0000,0.0000
0.0000,0.0000
0.0000,0.0000
0.0000,0.0000
0.0000,0.0000
0.0000,0.0000
0.0000,0.0000
0.0000,0.0000
0.0000,0.0000
0.0000,0.0000
0.0000,0.0000
0.0000,0.0000
0.0000,0.0000
0.0000,0.0000
0.0000,0.0000
0.0000,0.0000
0.0000,0.0000
0.0000,0.0000
0.0000,0.0000
0.0000,0.0000
0.0000,0.0000
0.0000,0.0000
0.0000,0.0000
0.0000,0.0000
0.0000,0.0000
0.0000,0.0000
0.0000,0.0000
0.0000,0.0000
0.0000,0.0000
0.0000,0.0000
0.0000,0.0000
0.0000,0.0000
0.0000,0.0000
0.0000,0.0000
0.0000,0.0000
0.0000,0.0000
0.0000,0.0000
0.0000,0.0000
0.0000,0.0000
0.0000,0.0000
0.0000,0.0000
0.0000,0.0000
0.0000,0.0000
0.0000,0.0000
0.0000,0.0000
0.0000,0.0000
0.0000,0.0000
0.0000,0.0000
0.0000,0.0000
0.0000,0.0000
0.0000,0.0000
0.0000,0.0000
0.0000,0.0000
0.0000,0.0000
0.0000,0.0000
0.0000,0.0000
0.0000,0.0000
0.0000,0.0000
0.0000,0.0000
0.0000,0.0000
0.0000,0.0000
0.0000,0.0000
0.0000,0.0000
0.0000,0.0000
0.0000,0.0000
0.0000,0.0000
0.0000,0.0000
0.0000,0.0000
0.0000,0.0000
0.0000,0.0000
0.0000,0.0000
0.0000,0.0000
0.0000,0.0000
0.0000,0.0000
0.0000,0.0000
0.0000,0.0000
0.0000,0.0000
0.0000,0.0000
0.0000,0.0000
0.0000,0.0000
0.0000,0.0000
0.0000,0.0000
0.0000,0.0000
0.0000,0.0000
0.0000,0.0000
0.0000,0.0000
0.0000,0.0000
0.0000,0.0000
0.0000,0.0000
0.0000,0.0000
0.0000,0.0000
0.0000,0.0000
0.0000,0.0000
0.0000,0.0000
0.0000,0.0000
0.0000,0.0000
0.0000,0.0000
0.0000,0.0000
0.0000,0.0000
0.0000,0.0000
0.0000,0.0000
0.0000,0.0000
0.0000,0.0000
0.0000,0.0000
0.0000,0.0000
0.0000,0.0000
0.0000,0.0000
0.0000,0.0000
0.0000,0.0000
0.0000,0.0000
0.0000,0.0000
0.0000,0.0000
0.0000,0.0000
0.0000,0.0000
0.0000,0.0000
0.0000,0.0000
0.0000,0.0000
0.0000,0.0000
0.0000,0.0000
0.0000,0.0000
0.0000,0.0000
0.0000,0.0000
0.0000,0.0000
0.0000,0.0000
0.0000,0.0000
0.0000,0.0000
0.0000,0.0000
0.0000,0.0000
0.0000,0.0000
0.0000,0.0000
0.0000,0.0000
0.0000,0.0000
0.0000,0.0000
0.0000,0.0000
0.0000,0.0000
0.0000,0.0000
0.0000,0.0000
0.0000,0.0000
0.0000,0.0000
0.0000,0.0000
0.0000,0.0000
0.0000,0.0000
0.0000,0.0000
0.0000,0.0000
0.0000,0.0000
0.0000,0.0000
0.0000,0.0000
0.0000,0.0000
0.0000,0.0000
0.0000,0.0000
0.0000,0.0000
0.0000,0.0000
0.0000,0.0000
0.0000,0.0000
0.0000,0.0000
0.0000,0.0000
0.0000,0.0000
0.0000,0.0000
0.0000,0.0000
0.0000,0.0000
0.0000,0.0000
0.0000,0.0000
0.0000,0.0000
0.0000,0.0000
0.0000,0.0000
0.0000,0.0000
0.0000,0.0000
0.0000,0.0000
0.0000,0.0000
0.0000,0.0000
0.0000,0.0000
0.0000,0.0000
0.0000,0.0000
0.0000,0.0000
0.0000,0.0000
0.0000,0.0000
0.0000,0.0000
0.0000,0.0000
0.0000,0.0000
0.0000,0.0000
0.0000,0.0000
0.0000,0.0000
0.0000,0.0000
0.0000,0.0000
0.0000,0.0000
0.0000,0.0000
0.0000,0.0000
0.0000,0.0000
0.0000,0.0000
0.0000,0.0000
0.0000,0.0000
0.0000,0.0000
0.0000,0.0000
0.0000,0.0000
0.0000,0.0000
0.0000,0.0000
0.0000,0.0000
0.0000,0.0000
0.0000,0.0000
0.0000,0.0000
0.0000,0.0000
0.0000,0.0000
0.0000,0.0000
0.0000,0.0000
0.0000,0.0000
0.0000,0.0000
0.0000,0.0000
0.0000,0.0000
0.0000,0.0000
0.0000,0.0000
0.0000,0.0000
0.0000,0.0000
0.0000,0.0000
0.0000,0.0000
0.0000,0.0000
0.0000,0.0000
0.0000,0.0000
0.0000,0.0000
0.0000,0.0000
0.0000,0.0000
0.0000,0.0000
0.0000,0.0000
0.0000,0.0000
0.0000,0.0000
0.0000,0.0000
0.0000,0.0000
0.0000,0.0000
0.0000,0.0000
0.0000,0.0000
0.0000,0.0000
0.0000,0.0000
0.0000,0.0000
0.0000,0.0000
0.0000,0.0000
0.0000,0.0000
0.0000,0.0000
0.0000,0.0000
0.0000,0.0000
0.0000,0.0000
0.0000,0.0000
0.0000,0.0000
0.0000,0.0000
0.0000,0.0000
0.0000,0.0000
0.0000,0.0000
0.0000,0.0000
0.0000,0.0000
0.0000,0.0000
0.0000,0.0000
0.0000,0.0000
0.0000,0.0000
0.0000,0.0000
0.0000,0.0000
0.0000,0.0000
0.0000,0.0000
0.0000,0.0000
0.0000,0.0000
0.0000,0.0000
0.0000,0.0000
0.0000,0.0000
0.0000,0.0000
0.0000,0.0000
0.0000,0.0000
0.0000,0.0000
0.0000,0.0000
0.0000,0.0000
0.0000,0.0000
0.0000,0.0000
0.0000,0.0000
0.0000,0.0000
0.0000,0.0000
0.0000,0.0000
0.0000,0.0000
0.0000,0.0000
0.0000,0.0000
0.0000,0.0000
0.0000,0.0000
0.0000,0.0000
0.0000,0.0000
0.0000,0.0000
0.0000,0.0000
0.0000,0.0000
0.0000,0.0000
0.0000,0.0000
0.0000,0.0000
0.0000,0.0000
0.0000,0.0000
0.0000,0.0000
0.0000,0.0000
0.0000,0.0000
0.0000,0.0000
0.0000,0.0000
0.0000,0.0000
0.0000,0.0000
0.0000,0.0000
0.0000,0.0000
0.0000,0.0000
0.0000,0.0000
0.0000,0.0000
0.0000,0.0000
0.0000,0.0000
0.0000,0.0000
0.0000,0.0000
0.0000,0.0000
0.0000,0.0000
0.0000,0.0000
0.0000,0.0000
0.0000,0.0000
0.0000,0.0000
0.0000,0.0000
0.0000,0.0000
0.0000,0.0000
0.0000,0.0000
0.0000,0.0000
0.0000,0.0000
0.0000,0.0000
0.0000,0.0000
0.0000,0.0000
0.0000,0.0000
0.0000,0.0000
0.0000,0.0000
0.0000,0.0000
0.0000,0.0000
0.0000,0.0000
0.0000,0.0000
0.0000,0.0000
0.0000,0.0000
0.0000,0.0000
0.0000,0.0000
0.0000,0.0000
0.0000,0.0000
0.0000,0.0000
0.0000,0.0000
0.0000,0.0000
0.0000,0.0000
0.0000,0.0000
0.0000,0.0000
0.0000,0.0000
0.0000,0.0000
0.0000,0.0000
0.0000,0.0000
0.0000,0.0000
0.0000,0.0000
0.0000,0.0000
0.0000,0.0000
0.0000,0.0000
0.0000,0.0000
0.0000,0.0000
0.0000,0.0000
0.0000,0.0000
0.0000,0.0000
0.0000,0.0000
0.0000,0.0000
0.0000,0.0000
0.0000,0.0000
0.0000,0.0000
0.0000,0.0000
0.0000,0.0000
0.0000,0.0000
0.0000,0.0000
0.0000,0.0000
0.0000,0.0000
0.0000,0.0000
0.0000,0.0000
0.0000,0.0000
0.0000,0.0000
0.0000,0.0000
0.0000,0.0000
0.0000,0.0000
0.0000,0.0000
0.0000,0.0000
0.0000,0.0000
0.0000,0.0000
0.0000,0.0000
0.0000,0.0000
0.0000,0.0000
0.0000,0.0000
0.0000,0.0000
0.0000,0.0000
0.0000,0.0000
0.0000,0.0000
0.0000,0.0000
0.0000,0.0000
0.0000,0.0000
0.0000,0.0000
0.0000,0.0000
0.0000,0.0000
0.0000,0.0000
0.0000,0.0000
0.0000,0.0000
0.0000,0.0000
0.0000,0.0000
0.0000,0.0000
0.0000,0.0000
0.0000,0.0000
0.0000,0.0000
0.0000,0.0000
0.0000,0.0000
0.0000,0.0000
0.0000,0.0000
0.0000,0.0000
0.0000,0.0000
0.0000,0.0000
0.0000,0.0000
0.0000,0.0000
0.0000,0.0000
0.0000,0.0000
0.0000,0.0000
0.0000,0.0000
0.0000,0.0000
0.0000,0.0000
0.0000,0.0000
0.0000,0.0000
0.0000,0.0000
0.0000,0.0000
0.0000,0.0000
0.0000,0.0000
0.0000,0.0000
0.0000,0.0000
0.0000,0.0000
0.0000,0.0000
0.0000,0.0000
0.0000,0.0000
0.0000,0.0000
0.0000,0.0000
0.0000,0.0000
0.0000,0.0000
0.0000,0.0000
0.0000,0.0000
0.0000,0.0000
0.0000,0.0000
0.0000,0.0000
0.0000,0.0000
0.0000,0.0000
0.0000,0.0000
0.0000,0.0000
0.0000,0.0000
0.0000,0.0000
0.0000,0.0000
0.0000,0.0000
0.0000,0.0000
0.0000,0.0000
0.0000,0.0000
0.0000,0.0000
0.0000,0.0000
0.0000,0.0000
0.0000,0.0000
0.0000,0.0000
0.0000,0.0000
0.0000,0.0000
0.0000,0.0000
0.0000,0.0000
0.0000,0.0000
0.0000,0.0000
0.0000,0.0000
0.0000,0.0000
0.0000,0.0000
0.0000,0.0000
0.0000,0.0000
0.0000,0.0000
0.0000,0.0000
0.0000,0.0000
0.0000,0.0000
0.0000,0.0000
0.0000,0.0000
0.0000,0.0000
0.0000,0.0000
0.0000,0.0000
0.0000,0.0000
0.0000,0.0000
0.0000,0.0000
0.0000,0.0000
0.0000,0.0000
0.0000,0.0000
0.0000,0.0000
0.0000,0.0000
0.0000,0.0000
0.0000,0.0000
0.0000,0.0000
0.0000,0.0000
0.0000,0.0000
0.0000,0.0000
0.0000,0.0000
0.0000,0.0000
0.0000,0.0000
0.0000,0.0000
0.0000,0.0000
0.0000,0.0000
0.0000,0.0000
0.0000,0.0000
0.0000,0.0000
0.0000,0.0000
0.0000,0.0000
0.0000,0.0000
0.0000,0.0000
0.0000,0.0000
0.0000,0.0000
0.0000,0.0000
0.0000,0.0000
0.0000,0.0000
0.0000,0.0000
0.0000,0.0000
0.0000,0.0000
0.0000,0.0000
0.0000,0.0000
0.0000,0.0000
0.0000,0.0000
0.0000,0.0000
0.0000,0.0000
0.0000,0.0000
0.0000,0.0000
0.0000,0.0000
0.0000,0.0000
0.0000,0.0000
0.0000,0.0000
0.0000,0.0000
0.0000,0.0000
0.0000,0.0000
0.0000,0.0000
0.0000,0.0000
0.0000,0.0000
0.0000,0.0000
0.0000,0.0000
0.0000,0.0000
0.0000,0.0000
0.0000,0.0000
0.0000,0.0000
0.0000,0.0000
0.0000,0.0000
0.0000,0.0000
0.0000,0.0000
0.0000,0.0000
0.0000,0.0000
0.0000,0.0000
0.0000,0.0000
0.0000,0.0000
0.0000,0.0000
0.0000,0.0000
0.0000,0.0000
0.0000,0.0000
0.0000,0.0000
0.0000,0.0000
0.0000,0.0000
0.0000,0.0000
0.0000,0.0000
0.0000,0.0000
0.0000,0.0000
0.0000,0.0000
0.0000,0.0000
0.0000,0.0000
0.0000,0.0000
0.0000,0.0000
0.0000,0.0000
0.0000,0.0000
0.0000,0.0000
0.0000,0.0000
0.0000,0.0000
0.0000,0.0000
0.0000,0.0000
0.0000,0.0000
0.0000,0.0000
0.0000,0.0000
0.0000,0.0000
0.0000,0.0000
0.0000,0.0000
0.0000,0.0000
0.0000,0.0000
0.0000,0.0000
0.0000,0.0000
0.0000,0.0000
0.0000,0.0000
0.0000,0.0000
0.0000,0.0000
0.0000,0.0000
0.0000,0.0000
0.0000,0.0000
0.0000,0.0000
0.0000,0.0000
0.0000,0.0000
0.0000,0.0000
0.0000,0.0000
0.0000,0.0000
0.0000,0.0000
0.0000,0.0000
0.0000,0.0000
0.0000,0.0000
0.0000,0.0000
0.0000,0.0000
0.0000,0.0000
0.0000,0.0000
0.0000,0.0000
0.0000,0.0000
0.0000,0.0000
0.0000,0.0000
0.0000,0.0000
0.0000,0.0000
0.0000,0.0000
0.0000,0.0000
0.0000,0.0000
0.0000,0.0000
0.0000,0.0000
0.0000,0.0000
0.0000,0.0000
0.0000,0.0000
0.0000,0.0000
0.0000,0.0000
0.0000,0.0000
0.0000,0.0000
0.0000,0.0000
0.0000,0.0000
0.0000,0.0000
0.0000,0.0000
0.0000,0.0000
0.0000,0.0000
0.0000,0.0000
0.0000,0.0000
0.0000,0.0000
0.0000,0.0000
0.0000,0.0000
0.0000,0.0000
0.0000,0.0000
0.0000,0.0000
0.0000,0.0000
0.0000,0.0000
0.0000,0.0000
0.0000,0.0000
0.0000,0.0000
0.0000,0.0000
0.0000,0.0000
0.0000,0.0000
0.0000,0.0000
0.0000,0.0000
0.0000,0.0000
0.0000,0.0000
0.0000,0.0000
0.0000,0.0000
0.0000,0.0000
0.0000,0.0000
0.0000,0.0000
0.0000,0.0000
0.0000,0.0000
0.0000,0.0000
0.0000,0.0000
0.0000,0.0000
0.0000,0.0000
0.0000,0.0000
0.0000,0.0000
0.0000,0.0000
0.0000,0.0000
0.0000,0.0000
0.0000,0.0000
0.0000,0.0000
0.0000,0.0000
0.0000,0.0000
0.0000,0.0000
0.0000,0.0000
0.0000,0.0000
0.0000,0.0000
0.0000,0.0000
0.0000,0.0000
0.0000,0.0000
0.0000,0.0000
0.0000,0.0000
0.0000,0.0000
0.0000,0.0000
0.0000,0.0000
0.0000,0.0000
0.0000,0.0000
0.0000,0.0000
0.0000,0.0000
0.0000,0.0000
0.0000,0.0000
0.0000,0.0000
0.0000,0.0000
0.0000,0.0000
0.0000,0.0000
0.0000,0.0000
0.0000,0.0000
0.0000,0.0000
0.0000,0.0000
0.0000,0.0000
0.0000,0.0000
0.0000,0.0000
0.0000,0.0000
0.0000,0.0000
0.0000,0.0000
0.0000,0.0000
0.0000,0.0000
0.0000,0.0000
0.0000,0.0000
0.0000,0.0000
0.0000,0.0000
0.0000,0.0000
0.0000,0.0000
0.0000,0.0000
0.0000,0.0000
0.0000,0.0000
0.0000,0.0000
0.0000,0.0000
0.0000,0.0000
0.0000,0.0000
0.0000,0.0000
0.0000,0.0000
0.0000,0.0000
0.0000,0.0000
0.0000,0.0000
0.0000,0.0000
0.0000,0.0000
0.0000,0.0000
0.0000,0.0000
0.0000,0.0000
0.0000,0.0000
0.0000,0.0000
0.0000,0.0000
0.0000,0.0000
0.0000,0.0000
0.0000,0.0000
0.0000,0.0000
0.0000,0.0000
0.0000,0.0000
0.0000,0.0000
0.0000,0.0000
0.0000,0.0000
0.0000,0.0000
0.0000,0.0000
0.0000,0.0000
0.0000,0.0000
0.0000,0.0000
0.0000,0.0000
0.0000,0.0000
0.0000,0.0000
0.0000,0.0000
0.0000,0.0000
0.0000,0.0000
0.0000,0.0000
0.0000,0.0000
0.0000,0.0000
0.0000,0.0000
0.0000,0.0000
0.0000,0.0000
0.0000,0.0000
0.0000,0.0000
0.0000,0.0000
0.0000,0.0000
0.0000,0.0000
0.0000,0.0000
0.0000,0.0000
0.0000,0.0000
0.0000,0.0000
0.0000,0.0000
0.0000,0.0000
0.0000,0.0000
0.0000,0.0000
0.0000,0.0000
0.0000,0.0000
0.0000,0.0000
0.0000,0.0000
0.0000,0.0000
0.0000,0.0000
0.0000,0.0000
0.0000,0.0000
0.0000,0.0000
0.0000,0.0000
0.0000,0.0000
0.0000,0.0000
0.0000,0.0000
0.0000,0.0000
0.0000,0.0000
0.0000,0.0000
0.0000,0.0000
0.0000,0.0000
0.0000,0.0000
0.0000,0.0000
0.0000,0.0000
0.0000,0.0000
0.0000,0.0000
0.0000,0.0000
0.0000,0.0000
0.0000,0.0000
0.0000,0.0000
0.0000,0.0000
0.0000,0.0000
0.0000,0.0000
0.0000,0.0000
0.0000,0.0000
0.0000,0.0000
0.0000,0.0000
0.0000,0.0000
0.0000,0.0000
0.0000,0.0000
0.0000,0.0000
0.0000,0.0000
0.0000,0.0000
0.0000,0.0000
0.0000,0.0000
0.0000,0.0000
0.0000,0.0000
0.0000,0.0000
0.0000,0.0000
0.0000,0.0000
0.0000,0.0000
0.0000,0.0000
0.0000,0.0000
0.0000,0.0000
0.0000,0.0000
0.0000,0.0000
0.0000,0.0000
0.0000,0.0000
0.0000,0.0000
0.0000,0.0000
0.0000,0.0000
0.0000,0.0000
0.0000,0.0000
0.0000,0.0000
0.0000,0.0000
0.0000,0.0000
0.0000,0.0000
0.0000,0.0000
0.0000,0.0000
0.0000,0.0000
0.0000,0.0000
0.0000,0.0000
0.0000,0.0000
0.0000,0.0000
0.0000,0.0000
0.0000,0.0000
0.0000,0.0000
0.0000,0.0000
0.0000,0.0000
0.0000,0.0000
0.0000,0.0000
0.0000,0.0000
0.0000,0.0000
0.0000,0.0000
0.0000,0.0000
0.0000,0.0000
0.0000,0.0000
0.0000,0.0000
0.0000,0.0000
0.0000,0.0000
0.0000,0.0000
0.0000,0.0000
0.0000,0.0000
0.0000,0.0000
0.0000,0.0000
0.0000,0.0000
0.0000,0.0000
0.0000,0.0000
0.0000,0.0000
0.0000,0.0000
0.0000,0.0000
0.0000,0.0000
0.0000,0.0000
0.0000,0.0000
0.0000,0.0000
0.0000,0.0000
0.0000,0.0000
0.0000,0.0000
0.0000,0.0000
0.0000,0.0000
0.0000,0.0000
0.0000,0.0000
0.0000,0.0000
0.0000,0.0000
0.0000,0.0000
0.0000,0.0000
0.0000,0.0000
0.0000,0.0000
0.0000,0.0000
0.0000,0.0000
0.0000,0.0000
0.0000,0.0000
0.0000,0.0000
0.0000,0.0000
0.0000,0.0000
0.0000,0.0000
0.0000,0.0000
0.0000,0.0000
0.0000,0.0000
0.0000,0.0000
0.0000,0.0000
0.0000,0.0000
0.0000,0.0000
0.0000,0.0000
0.0000,0.0000
0.0000,0.0000
-2.5360
-2.4452
-2.2249
-1.9803
-1.6369
-1.6289
-1.5899
-1.5211
-1.5070
-1.4721
-1.3921
-1.3733
-1.3642
-1.3402
-1.3295
-1.2693
-1.2590
-1.2169
-1.1938
-1.1924
-1.1586
-1.1485
-1.1342
-1.1268
-1.0628
-1.0346
-1.0304
-1.0217
-1.0197
-0.9927
-0.9432
-0.9417
-0.9401
-0.9346
-0.9316
-0.9190
-0.9159
-0.8815
-0.8750
-0.8723
-0.8720
-0.8673
-0.8518
-0.8511
-0.8254
-0.8171
-0.8029
-0.7980
-0.7950
-0.7879
-0.7832
-0.7600
-0.7553
-0.7453
-0.7447
-0.7439
-0.7279
-0.7236
-0.7214
-0.7139
-0.7081
-0.6949
-0.6899
-0.6883
-0.6859
-0.6756
-0.6697
-0.6683
-0.6683
-0.6681
-0.6591
-0.6409
-0.6365
-0.6334
-0.6186
-0.6100
-0.5999
-0.5998
-0.5973
-0.5919
-0.5898
-0.5851
-0.5844
-0.5633
-0.5524
-0.5519
-0.5469
-0.5375
-0.5372
-0.5346
-0.5170
-0.5127
-0.5077
-0.5075
-0.5060
-0.5017
-0.4798
-0.4785
-0.4733
-0.4691
-0.4639
-0.4516
-0.4510
-0.4498
-0.4475
-0.4423
-0.4421
-0.4406
-0.4358
-0.4217
-0.4175
-0.4081
-0.4055
-0.3931
-0.3887
-0.3887
-0.3832
-0.3776
-0.3769
-0.3762
-0.3738
-0.3736
-0.3642
-0.3579
-0.3550
-0.3530
-0.3458
-0.3450
-0.3305
-0.3278
-0.3080
-0.3074
-0.3065
-0.2996
-0.2967
-0.2958
-0.2939
-0.2936
-0.2888
-0.2882
-0.2656
-0.2492
-0.2477
-0.2422
-0.2358
-0.2345
-0.2332
-0.2325
-0.2282
-0.2251
-0.2238
-0.2152
-0.2126
-0.2076
-0.2065
-0.1952
-0.1861
-0.1830
-0.1803
-0.1790
-0.1768
-0.1725
-0.1716
-0.1702
-0.1676
-0.1651
-0.1624
-0.1613
-0.1611
-0.1603
-0.1577
-0.1565
-0.1556
-0.1539
-0.1535
-0.1526
-0.1498
-0.1471
-0.1466
-0.1394
-0.1342
-0.1334
-0.1286
-0.1259
-0.1241
-0.1193
-0.1135
-0.1127
-0.1091
-0.1081
-0.1067
-0.1021
-0.1001
-0.0981
-0.0950
-0.0927
-0.0925
-0.0860
-0.0819
-0.0707
-0.0687
-0.0683
-0.0666
-0.0653
-0.0624
-0.0606
-0.0534
-0.0509
-0.0442
-0.0437
-0.0366
-0.0350
-0.0327
-0.0316
-0.0310
-0.0307
-0.0278
-0.0250
-0.0205
-0.0187
-0.0170
-0.0124
-0.0118
-0.0090
-0.0087
-0.0087
-0.0087
-0.0075
-0.0028
0.0004
0.0014
0.0078
0.0262
0.0333
0.0348
0.0354
0.0472
0.0538
0.0541
0.0565
0.0568
0.0582
0.0606
0.0668
0.0716
0.0746
0.0793
0.0829
0.0838
0.0884
0.0890
0.0906
0.0911
0.0936
0.0964
0.0987
0.0988
0.1001
0.1013
0.1042
0.1055
0.1060
0.1105
0.1108
0.1141
0.1174
0.1224
0.1229
0.1259
0.1279
0.1284
0.1290
0.1292
0.1299
0.1339
0.1355
0.1366
0.1375
0.1409
0.1417
0.1434
0.1510
0.1619
0.1620
0.1625
0.1636
0.1712
0.1770
0.1775
0.1790
0.1795
0.1827
0.1828
0.1831
0.1854
0.1905
0.1922
0.1923
0.1959
0.2021
0.2047
0.2053
0.2073
0.2099
0.2102
0.2116
0.2188
0.2211
0.2219
0.2229
0.2322
0.2339
0.2369
0.2375
0.2378
0.2392
0.2534
0.2613
0.2638
0.2653
0.2722
0.2732
0.2735
0.2739
0.2752
0.2755
0.2762
0.2798
0.2822
0.2847
0.2848
0.2862
0.2897
0.2899
0.2900
0.2911
0.2939
0.2962
0.2970
0.3074
0.3139
0.3142
0.3146
0.3164
0.3172
0.3178
0.3179
0.3188
0.3212
0.3255
0.3309
0.3337
0.3377
0.3396
0.3402
0.3457
0.3488
0.3502
0.3544
0.3597
0.3648
0.3652
0.3717
0.3793
0.3906
0.3914
0.3955
0.4018
0.4148
0.4210
0.4216
0.4232
0.4240
0.4268
0.4290
0.4303
0.4326
0.4387
0.4417
0.4474
0.4517
0.4525
0.4533
0.4545
0.4559
0.4583
0.4586
0.4596
0.4617
0.4667
0.4695
0.4727
0.4756
0.4783
0.4784
0.4787
0.4808
0.4860
0.4911
0.4932
0.4938
0.4954
0.4955
0.4988
0.5084
0.5096
0.5118
0.5119
0.5127
0.5128
0.5137
0.5154
0.5225
0.5261
0.5261
0.5266
0.5283
0.5350
0.5365
0.5398
0.5430
0.5441
0.5510
0.5514
0.5580
0.5587
0.5596
0.5639
0.5641
0.5706
0.5740
0.5742
0.5770
0.5785
0.5842
0.5881
0.5893
0.5939
0.5944
0.5952
0.5965
0.5968
0.5978
0.6009
0.6036
0.6046
0.6062
0.6065
0.6125
0.6131
0.6159
0.6177
0.6187
0.6198
0.6235
0.6274
0.6308
0.6319
0.6328
0.6382
0.6391
0.6401
0.6418
0.6479
0.6494
0.6509
0.6514
0.6517
0.6524
0.6534
0.6537
0.6583
0.6619
0.6646
0.6655
0.6659
0.6695
0.6698
0.6738
0.6748
0.6788
0.6799
0.6808
0.6867
0.6867
0.6903
0.6912
0.6935
0.6963
0.6979
0.7026
0.7036
0.7085
0.7106
0.7149
0.7154
0.7178
0.7217
0.7230
0.7282
0.7300
0.7301
0.7329
0.7337
0.7367
0.7384
0.7407
0.7448
0.7498
0.7501
0.7539
0.7570
0.7577
0.7601
0.7626
0.7657
0.7693
0.7708
0.7732
0.7732
0.7741
0.7780
0.7783
0.7799
0.7862
0.7877
0.7891
0.7897
0.7940
0.7942
0.7950
0.7955
0.7962
0.7963
0.8007
0.8015
0.8019
0.8046
0.8107
0.8108
0.8111
0.8114
0.8208
0.8248
0.8261
0.8266
0.8304
0.8359
0.8417
0.8438
0.8532
0.8536
0.8560
0.8578
0.8640
0.8642
0.8648
0.8659
0.8662
0.8668
0.8676
0.8678
0.8690
0.8717
0.8756
0.8767
0.8773
0.8813
0.8834
0.8866
0.8914
0.8934
0.8938
0.8956
0.8987
0.9006
0.9028
0.9034
0.9059
0.9060
0.9062
0.9083
0.9111
0.9117
0.9134
0.9216
0.9229
0.9240
0.9244
0.9260
0.9288
0.9301
0.9361
0.9387
0.9447
0.9489
0.9517
0.9559
0.9588
0.9612
0.9632
0.9655
0.9666
0.9737
0.9741
0.9814
0.9814
0.9831
0.9852
0.9854
0.9895
0.9901
0.9906
1.0062
1.0074
1.0080
1.0125
1.0150
1.0176
1.0212
1.0264
1.0277
1.0307
1.0316
1.0356
1.0374
1.0429
1.0438
1.0453
1.0466
1.0486
1.0515
1.0558
1.0669
1.0673
1.0683
1.0706
1.0710
1.0713
1.0764
1.0771
1.0823
1.0858
1.0870
1.0879
1.0882
1.0895
1.1061
1.1102
1.1137
1.1174
1.1188
1.1218
1.1259
1.1271
1.1278
1.1333
1.1377
1.1380
1.1411
1.1436
1.1440
1.1522
1.1531
1.1550
1.1654
1.1747
1.1798
1.1803
1.1853
1.1861
1.1882
1.1892
1.1985
1.1996
1.1997
1.2012
1.2051
1.2052
1.2071
1.2092
1.2104
1.2230
1.2252
1.2286
1.2304
1.2341
1.2342
1.2527
1.2556
1.2578
1.2582
1.2587
1.2632
1.2686
1.2742
1.2756
1.2794
1.2909
1.3009
1.3034
1.3065
1.3140
1.3171
1.3185
1.3189
1.3217
1.3233
1.3275
1.3307
1.3337
1.3409
1.3428
1.3434
1.3449
1.3465
1.3469
1.3473
1.3486
1.3527
1.3695
1.3705
1.3751
1.3820
1.3838
1.3851
1.3991
1.4017
1.4100
1.4123
1.4218
1.4287
1.4394
1.4459
1.4469
1.4497
1.4548
1.4566
1.4591
1.4612
1.4631
1.4632
1.4708
1.4718
1.4770
1.4781
1.4815
1.4839
1.4867
1.4877
1.4884
1.4885
1.4906
1.4911
1.4929
1.5005
1.5017
1.5066
1.5068
1.5073
1.5113
1.5116
1.5193
1.5226
1.5353
1.5407
1.5428
1.5479
1.5601
1.5628
1.5639
1.5675
1.5698
1.5713
1.5752
1.5756
1.5761
1.5770
1.5837
1.5858
1.5932
1.5986
1.6076
1.6093
1.6103
1.6124
1.6181
1.6189
1.6257
1.6265
1.6269
1.6274
1.6311
1.6333
1.6445
1.6531
1.6546
1.6607
1.6635
1.6713
1.6756
1.6830
1.6879
1.6884
1.6885
1.6916
1.6935
1.6953
1.6958
1.6966
1.6974
1.6977
1.6990
1.6992
1.7017
1.7057
1.7089
1.7130
1.7144
1.7150
1.7238
1.7258
1.7281
1.7312
1.7322
1.7357
1.7363
1.7399
1.7407
1.7428
1.7447
1.7448
1.7461
1.7540
1.7560
1.7594
1.7724
1.7730
1.7760
1.7776
1.7796
1.7842
1.7954
1.7957
1.8048
1.8273
1.8291
1.8317
1.8441
1.8507
1.8532
1.8535
1.8547
1.8660
1.8704
1.8853
1.8875
1.8882
1.8888
1.8910
1.8917
1.8967
1.8968
1.9092
1.9196
1.9294
1.9307
1.9373
1.9400
1.9405
1.9493
1.9532
1.9639
1.9677
1.9720
1.9757
1.9774
1.9847
1.9848
1.9972
2.0082
2.0106
2.0207
2.0398
2.0402
2.0462
2.0594
2.0646
2.0659
2.0672
2.0717
2.0851
2.0973
2.1001
2.1029
2.1077
2.1183
2.1237
2.1281
2.1298
2.1365
2.1412
2.1488
2.1548
2.1604
2.1644
2.1780
2.1800
2.1830
2.1838
2.1917
2.1953
2.1974
2.2233
2.2320
2.2413
2.2503
2.2652
2.2659
2.2727
2.2769
2.3124
2.3179
2.3294
2.3298
2.3550
2.3879
2.3883
2.3949
2.4069
2.4213
2.4280
2.4377
2.4402
2.4502
2.4571
2.4708
2.4723
2.4779
2.4964
2.5594
2.5728
2.5739
2.5904
2.5976
2.6277
2.6416
2.6420
2.6599
2.6745
2.6762
2.6783
2.6908
2.7055
2.7090
2.7423
2.7502
2.7694
2.7834
2.7984
2.8456
2.8559
2.8683
2.8890
2.9741
2.9811
3.0051
3.0128
3.0577
3.0775
3.0929
3.1152
3.1633
3.2079
3.2251
3.2616
3.2636
3.3541
3.3682
3.3689
3.3843
3.3945
3.4056
3.4100
3.5315
3.5674
3.5751
3.6173
3.6608
3.6750
3.7181
3.7395
3.7517
3.7584
3.8731
4.0166
4.0673
4.1949
4.9568
5.5204
