1000
1000
-1.1834,0.2138
-1.0916,0.2115
-0.8933,0.1716
-0.7668,0.1572
-0.6756,0.1463
-0.6076,0.1372
-0.5552,0.1299
-0.5134,0.1237
-0.4791,0.1180
-0.4503,0.1129
-0.4256,0.1079
-0.4041,0.1034
-0.3853,0.0996
-0.3688,0.0961
-0.3541,0.0929
-0.3408,0.0900
-0.3289,0.0874
-0.3180,0.0850
-0.3080,0.0828
-0.2987,0.0806
-0.2900,0.0786
-0.2820,0.0767
-0.2745,0.0749
-0.2675,0.0732
-0.2608,0.0715
-0.2544,0.0700
-0.2485,0.0685
-0.2428,0.0671
-0.2373,0.0657
-0.2321,0.0645
-0.2272,0.0633
-0.2224,0.0622
-0.2179,0.0611
-0.2134,0.0600
-0.2091,0.0589
-0.2049,0.0578
-0.2007,0.0568
-0.1967,0.0558
-0.1928,0.0548
-0.1890,0.0539
-0.1852,0.0530
-0.1815,0.0520
-0.1779,0.0510
-0.1743,0.0501
-0.1707,0.0491
-0.1671,0.0482
-0.1636,0.0472
-0.1601,0.0462
-0.1566,0.0452
-0.1532,0.0443
-0.1498,0.0433
-0.1464,0.0424
-0.1430,0.0415
-0.1396,0.0406
-0.1361,0.0397
-0.1327,0.0387
-0.1292,0.0378
-0.1257,0.0368
-0.1221,0.0358
-0.1185,0.0347
-0.1148,0.0338
-0.1110,0.0328
-0.1072,0.0318
-0.1034,0.0309
-0.0994,0.0300
-0.0953,0.0291
-0.0912,0.0282
-0.0869,0.0273
-0.0825,0.0264
-0.0778,0.0253
-0.0730,0.0244
-0.0680,0.0234
-0.0626,0.0224
-0.0569,0.0214
-0.0506,0.0203
0.0000,0.0000
0.0000,0.0000
0.0000,0.0000
0.0000,0.0000
0.0000,0.0000
0.0000,0.0000
0.0000,0.0000
0.0000,0.0000
0.0000,0.0000
0.0000,0.0000
0.0000,0.0000
0.0000,0.0000
0.0000,0.0000
0.0000,0.0000
0.0000,0.0000
0.0000,0.0000
0.0000,0.0000
0.0000,0.0000
0.0000,0.0000
0.0000,0.0000
0.0000,0.0000
0.0000,0.0000
0.0000,0.0000
0.0000,0.0000
0.0000,0.0000
0.0000,0.0000
0.0000,0.0000
0.0000,0.0000
0.0000,0.0000
0.0000,0.0000
0.0000,0.0000
0.0000,0.0000
0.0000,0.0000
0.0000,0.0000
0.0000,0.0000
0.0000,0.0000
0.0000,0.0000
0.0000,0.0000
0.0000,0.0000
0.0000,0.0000
0.0000,0.0000
0.0000,0.0000
0.0000,0.0000
0.0000,0.0000
0.0000,0.0000
0.0000,0.0000
0.0000,0.0000
0.0000,0.0000
0.0000,0.0000
0.0000,0.0000
0.0000,0.0000
0.0000,0.0000
0.0000,0.0000
0.0000,0.0000
0.0000,0.0000
0.0000,0.0000
0.0000,0.0000
0.0000,0.0000
0.0000,0.0000
0.0000,0.0000
0.0000,0.0000
0.0000,0.0000
0.0000,0.0000
0.0000,0.0000
0.0000,0.0000
0.0000,0.0000
0.0000,0.0000
0.0000,0.0000
0.0000,0.0000
0.0000,0.0000
0.0000,0.0000
0.0000,0.0000
0.0000,0.0000
0.0000,0.0000
0.0000,0.0000
0.0000,0.0000
0.0000,0.0000
0.0000,0.0000
0.0000,0.0000
0.0000,0.0000
0.0000,0.0000
0.0000,0.0000
0.0000,0.0000
0.0000,0.0000
0.0000,0.0000
0.0000,0.0000
0.0000,0.0000
0.0000,0.0000
0.0000,0.0000
0.0000,0.0000
0.0000,0.0000
0.0000,0.0000
0.0000,0.0000
0.0000,0.0000
0.0000,0.0000
0.0000,0.0000
0.0000,0.0000
0.0000,0.0000
0.0000,0.0000
0.0000,0.0000
0.0000,0.0000
0.0000,0.0000
0.0000,0.0000
0.0000,0.0000
0.0000,0.0000
0.0000,0.0000
0.0000,0.0000
0.0000,0.0000
0.0000,0.0000
0.0000,0.0000
0.0000,0.0000
0.0000,0.0000
0.0000,0.0000
0.0000,0.0000
0.0000,0.0000
0.0000,0.0000
0.0000,0.0000
0.0000,0.0000
0.0000,0.0000
0.0000,0.0000
0.0000,0.0000
0.0000,0.0000
0.0000,0.0000
0.0000,0.0000
0.0000,0.0000
0.0000,0.0000
0.0000,0.0000
0.0000,0.0000
0.0000,0.0000
0.0000,0.0000
0.0000,0.0000
0.0000,0.0000
0.0000,0.0000
0.0000,0.0000
0.0000,0.0000
0.0000,0.0000
0.0000,0.0000
0.0000,0.0000
0.0000,0.0000
0.0000,0.0000
0.0000,0.0000
0.0000,0.0000
0.0000,0.0000
0.0000,0.0000
0.0000,0.0000
0.0000,0.0000
0.0000,0.0000
0.0000,0.0000
0.0000,0.0000
0.0000,0.0000
0.0000,0.0000
0.0000,0.0000
0.0000,0.0000
0.0000,0.0000
0.0000,0.0000
0.0000,0.0000
0.0000,0.0000
0.0000,0.0000
0.0000,0.0000
0.0000,0.0000
0.0000,0.0000
0.0000,0.0000
0.0000,0.0000
0.0000,0.0000
0.0000,0.0000
0.0000,0.0000
0.0000,0.0000
0.0000,0.0000
0.0000,0.0000
0.0000,0.0000
0.0000,0.0000
0.0000,0.0000
0.0000,0.0000
0.0000,0.0000
0.0000,0.0000
0.0000,0.0000
0.0000,0.0000
0.0000,0.0000
0.0000,0.0000
0.0000,0.0000
0.0000,0.0000
0.0000,0.0000
0.0000,0.0000
0.0000,0.0000
0.0000,0.0000
0.0000,0.0000
0.0000,0.0000
0.0000,0.0000
0.0000,0.0000
0.0000,0.0000
0.0000,0.0000
0.0000,0.0000
0.0000,0.0000
0.0000,0.0000
0.0000,0.0000
0.0000,0.0000
0.0000,0.0000
0.0000,0.0000
0.0000,0.0000
0.0000,0.0000
0.0000,0.0000
0.0000,0.0000
0.0000,0.0000
0.0000,0.0000
0.0000,0.0000
0.0000,0.0000
0.0000,0.0000
0.0000,0.0000
0.0000,0.0000
0.0000,0.0000
0.0000,0.0000
0.0000,0.0000
0.0000,0.0000
0.0000,0.0000
0.0000,0.0000
0.0000,0.0000
0.0000,0.0000
0.0000,0.0000
0.0000,0.0000
0.0000,0.0000
0.0000,0.0000
0.0000,0.0000
0.0000,0.0000
0.0000,0.0000
0.0000,0.0000
0.0000,0.0000
0.0000,0.0000
0.0000,0.0000
0.0000,0.0000
0.0000,0.0000
0.0000,0.0000
0.0000,0.0000
0.0000,0.0000
0.0000,0.0000
0.0000,0.0000
0.0000,0.0000
0.0000,0.0000
0.0000,0.0000
0.0000,0.0000
0.0000,0.0000
0.0000,0.0000
0.0000,0.0000
0.0000,0.0000
0.0000,0.0000
0.0000,0.0000
0.0000,0.0000
0.0000,0.0000
0.0000,0.0000
0.0000,0.0000
0.0000,0.0000
0.0000,0.0000
0.0000,0.0000
0.0000,0.0000
0.0000,0.0000
0.0000,0.0000
0.0000,0.0000
0.0000,0.0000
0.0000,0.0000
0.0000,0.0000
0.0000,0.0000
0.0000,0.0000
0.0000,0.0000
0.0000,0.0000
0.0000,0.0000
0.0000,0.0000
0.0000,0.0000
0.0000,0.0000
0.0000,0.0000
0.0000,0.0000
0.0000,0.0000
0.0000,0.0000
0.0000,0.0000
0.0000,0.0000
0.0000,0.0000
0.0000,0.0000
0.0000,0.0000
0.0000,0.0000
0.0000,0.0000
0.0000,0.0000
0.0000,0.0000
0.0000,0.0000
0.0000,0.0000
0.0000,0.0000
0.0000,0.0000
0.0000,0.0000
0.0000,0.0000
0.0000,0.0000
0.0000,0.0000
0.0000,0.0000
0.0000,0.0000
0.0000,0.0000
0.0000,0.0000
0.0000,0.0000
0.0000,0.0000
0.0000,0.0000
0.0000,0.0000
0.0000,0.0000
0.0000,0.0000
0.0000,0.0000
0.0000,0.0000
0.0000,0.0000
0.0000,0.0000
0.0000,0.0000
0.0000,0.0000
0.0000,0.0000
0.0000,0.0000
0.0000,0.0000
0.0000,0.0000
0.0000,0.0000
0.0000,0.0000
0.0000,0.0000
0.0000,0.0000
0.0000,0.0000
0.0000,0.0000
0.0000,0.0000
0.0000,0.0000
0.0000,0.0000
0.0000,0.0000
0.0000,0.0000
0.0000,0.0000
0.0000,0.0000
0.0000,0.0000
0.0000,0.0000
0.0000,0.0000
0.0000,0.0000
0.0000,0.0000
0.0000,0.0000
0.0000,0.0000
0.0000,0.0000
0.0000,0.0000
0.0000,0.0000
0.0000,0.0000
0.0000,0.0000
0.0000,0.0000
0.0000,0.0000
0.0000,0.0000
0.0000,0.0000
0.0000,0.0000
0.0000,0.0000
0.0000,0.0000
0.0000,0.0000
0.0000,0.0000
0.0000,0.0000
0.0000,0.0000
0.0000,0.0000
0.0000,0.0000
0.0000,0.0000
0.0000,0.0000
0.0000,0.0000
0.0000,0.0000
0.0000,0.0000
0.0000,0.0000
0.0000,0.0000
0.0000,0.0000
0.0000,0.0000
0.0000,0.0000
0.0000,0.0000
0.0000,0.0000
0.0000,0.0000
0.0000,0.0000
0.0000,0.0000
0.0000,0.0000
0.0000,0.0000
0.0000,0.0000
0.0000,0.0000
0.0000,0.0000
0.0000,0.0000
0.0000,0.0000
0.0000,0.0000
0.0000,0.0000
0.0000,0.0000
0.0000,0.0000
0.0000,0.0000
0.0000,0.0000
0.0000,0.0000
0.0000,0.0000
0.0000,0.0000
0.0000,0.0000
0.0000,0.0000
0.0000,0.0000
0.0000,0.0000
0.0000,0.0000
0.0000,0.0000
0.0000,0.0000
0.0000,0.0000
0.0000,0.0000
0.0000,0.0000
0.0000,0.0000
0.0000,0.0000
0.0000,0.0000
0.0000,0.0000
0.0000,0.0000
0.0000,0.0000
0.0000,0.0000
0.0000,0.0000
0.0000,0.0000
0.0000,0.0000
0.0000,0.0000
0.0000,0.0000
0.0000,0.0000
0.0000,0.0000
0.0000,0.0000
0.0000,0.0000
0.0000,0.0000
0.0000,0.0000
0.0000,0.0000
0.0000,0.0000
0.0000,0.0000
0.0000,0.0000
0.0000,0.0000
0.0000,0.0000
0.0000,0.0000
0.0000,0.0000
0.0000,0.0000
0.0000,0.0000
0.0000,0.0000
0.0000,0.0000
0.0000,0.0000
0.0000,0.0000
0.0000,0.0000
0.0000,0.0000
0.0000,0.0000
0.0000,0.0000
0.0000,0.0000
0.0000,0.0000
0.0000,0.0000
0.0000,0.0000
0.0000,0.0000
0.0000,0.0000
0.0000,0.0000
0.0000,0.0000
0.0000,0.0000
0.0000,0.0000
0.0000,0.0000
0.0000,0.0000
0.0000,0.0000
0.0000,0.0000
0.0000,0.0000
0.0000,0.0000
0.0000,0.0000
0.0000,0.0000
0.0000,0.0000
0.0000,0.0000
0.0000,0.0000
0.0000,0.0000
0.0000,0.0000
0.0000,0.0000
0.0000,0.0000
0.0000,0.0000
0.0000,0.0000
0.0000,0.0000
0.0000,0.0000
0.0000,0.0000
0.0000,0.0000
0.0000,0.0000
0.0000,0.0000
0.0000,0.0000
0.0000,0.0000
0.0000,0.0000
0.0000,0.0000
0.0000,0.0000
0.0000,0.0000
0.0000,0.0000
0.0000,0.0000
0.0000,0.0000
0.0000,0.0000
0.0000,0.0000
0.0000,0.0000
0.0000,0.0000
0.0000,0.0000
0.0000,0.0000
0.0000,0.0000
0.0000,0.0000
0.0000,0.0000
0.0000,0.0000
0.0000,0.0000
0.0000,0.0000
0.0000,0.0000
0.0000,0.0000
0.0000,0.0000
0.0000,0.0000
0.0000,0.0000
0.0000,0.0000
0.0000,0.0000
0.0000,0.0000
0.0000,0.0000
0.0000,0.0000
0.0000,0.0000
0.0000,0.0000
0.0000,0.0000
0.0000,0.0000
0.0000,0.0000
0.0000,0.0000
0.0000,0.0000
0.0000,0.0000
0.0000,0.0000
0.0000,0.0000
0.0000,0.0000
0.0000,0.0000
0.0000,0.0000
0.0000,0.0000
0.0000,0.0000
0.0000,0.0000
0.0000,0.0000
0.0000,0.0000
0.0000,0.0000
0.0000,0.0000
0.0000,0.0000
0.0000,0.0000
0.0000,0.0000
0.0000,0.0000
0.0000,0.0000
0.0000,0.0000
0.0000,0.0000
0.0000,0.0000
0.0000,0.0000
0.0000,0.0000
0.0000,0.0000
0.0000,0.0000
0.0000,0.0000
0.0000,0.0000
0.0000,0.0000
0.0000,0.0000
0.0000,0.0000
0.0000,0.0000
0.0000,0.0000
0.0000,0.0000
0.0000,0.0000
0.0000,0.0000
0.0000,0.0000
0.0000,0.0000
0.0000,0.0000
0.0000,0.0000
0.0000,0.0000
0.0000,0.0000
0.0000,0.0000
0.0000,0.0000
0.0000,0.0000
0.0000,0.0000
0.0000,0.0000
0.0000,0.0000
0.0000,0.0000
0.0000,0.0000
0.0000,0.0000
0.0000,0.0000
0.0000,0.0000
0.0000,0.0000
0.0000,0.0000
0.0000,0.0000
0.0000,0.0000
0.0000,0.0000
0.0000,0.0000
0.0000,0.0000
0.0000,0.0000
0.0000,0.0000
0.0000,0.0000
0.0000,0.0000
0.0000,0.0000
0.0000,0.0000
0.0000,0.0000
0.0000,0.0000
0.0000,0.0000
0.0000,0.0000
0.0000,0.0000
0.0000,0.0000
0.0000,0.0000
0.0000,0.0000
0.0000,0.0000
0.0000,0.0000
0.0000,0.0000
0.0000,0.0000
0.0000,0.0000
0.0000,0.0000
0.0000,0.0000
0.0000,0.0000
0.0000,0.0000
0.0000,0.0000
0.0000,0.0000
0.0000,0.0000
0.0000,0.0000
0.0000,0.0000
0.0000,0.0000
0.0000,0.0000
0.0000,0.0000
0.0000,0.0000
0.0000,0.0000
0.0000,0.0000
0.0000,0.0000
0.0000,0.0000
0.0000,0.0000
0.0000,0.0000
0.0000,0.0000
0.0000,0.0000
0.0000,0.0000
0.0000,0.0000
0.0000,0.0000
0.0000,0.0000
0.0000,0.0000
0.0000,0.0000
0.0000,0.0000
0.0000,0.0000
0.0000,0.0000
0.0000,0.0000
0.0000,0.0000
0.0000,0.0000
0.0000,0.0000
0.0000,0.0000
0.0000,0.0000
0.0000,0.0000
0.0000,0.0000
0.0000,0.0000
0.0000,0.0000
0.0000,0.0000
0.0000,0.0000
0.0000,0.0000
0.0000,0.0000
0.0000,0.0000
0.0000,0.0000
0.0000,0.0000
0.0000,0.0000
0.0000,0.0000
0.0000,0.0000
0.0000,0.0000
0.0000,0.0000
0.0000,0.0000
0.0000,0.0000
0.0000,0.0000
0.0000,0.0000
0.0000,0.0000
0.0000,0.0000
0.0000,0.0000
0.0000,0.0000
0.0000,0.0000
0.0000,0.0000
0.0000,0.0000
0.0000,0.0000
0.0000,0.0000
0.0000,0.0000
0.0000,0.0000
0.0000,0.0000
0.0000,0.0000
0.0000,0.0000
0.0000,0.0000
0.0000,0.0000
0.0000,0.0000
0.0000,0.0000
0.0000,0.0000
0.0000,0.0000
0.0000,0.0000
0.0000,0.0000
0.0000,0.0000
0.0000,0.0000
0.0000,0.0000
0.0000,0.0000
0.0000,0.0000
0.0000,0.0000
0.0000,0.0000
0.0000,0.0000
0.0000,0.0000
0.0000,0.0000
0.0000,0.0000
0.0000,0.0000
0.0000,0.0000
0.0000,0.0000
0.0000,0.0000
0.0000,0.0000
0.0000,0.0000
0.0000,0.0000
0.0000,0.0000
0.0000,0.0000
0.0000,0.0000
0.0000,0.0000
0.0000,0.0000
0.0000,0.0000
0.0000,0.0000
0.0000,0.0000
0.0000,0.0000
0.0000,0.0000
0.0000,0.0000
0.0000,0.0000
0.0000,0.0000
0.0000,0.0000
0.0000,0.0000
0.0000,0.0000
0.0000,0.0000
0.0000,0.0000
0.0000,0.0000
0.0000,0.0000
0.0000,0.0000
0.0000,0.0000
0.0000,0.0000
0.0000,0.0000
0.0000,0.0000
0.0000,0.0000
0.0000,0.0000
0.0000,0.0000
0.0000,0.0000
0.0000,0.0000
0.0000,0.0000
0.0000,0.0000
0.0000,0.0000
0.0000,0.0000
0.0000,0.0000
0.0000,0.0000
0.0000,0.0000
0.0000,0.0000
0.0000,0.0000
0.0000,0.0000
0.0000,0.0000
0.0000,0.0000
0.0000,0.0000
0.0000,0.0000
0.0000,0.0000
0.0000,0.0000
0.0000,0.0000
0.0000,0.0000
0.0000,0.0000
0.0000,0.0000
0.0000,0.0000
0.0000,0.0000
0.0000,0.0000
0.0000,0.0000
0.0000,0.0000
0.0000,0.0000
0.0000,0.0000
0.0000,0.0000
0.0000,0.0000
0.0000,0.0000
0.0000,0.0000
0.0000,0.0000
0.0000,0.0000
0.0000,0.0000
0.0000,0.0000
0.0000,0.0000
0.0000,0.0000
0.0000,0.0000
0.0000,0.0000
0.0000,0.0000
0.0000,0.0000
0.0000,0.0000
0.0000,0.0000
0.0000,0.0000
0.0000,0.0000
0.0000,0.0000
0.0000,0.0000
0.0000,0.0000
0.0000,0.0000
0.0000,0.0000
0.0000,0.0000
0.0000,0.0000
0.0000,0.0000
0.0000,0.0000
0.0000,0.0000
0.0000,0.0000
0.0000,0.0000
0.0000,0.0000
0.0000,0.0000
0.0000,0.0000
0.0000,0.0000
0.0000,0.0000
0.0000,0.0000
0.0000,0.0000
0.0000,0.0000
0.0000,0.0000
0.0000,0.0000
0.0000,0.0000
0.0000,0.0000
0.0000,0.0000
0.0000,0.0000
0.0000,0.0000
0.0000,0.0000
0.0000,0.0000
0.0000,0.0000
0.0000,0.0000
0.0000,0.0000
0.0000,0.0000
0.0000,0.0000
0.0000,0.0000
0.0000,0.0000
0.0000,0.0000
0.0000,0.0000
0.0000,0.0000
0.0000,0.0000
0.0000,0.0000
0.0000,0.0000
0.0000,0.0000
0.0000,0.0000
0.0000,0.0000
0.0000,0.0000
0.0000,0.0000
0.0000,0.0000
0.0000,0.0000
0.0000,0.0000
0.0000,0.0000
0.0000,0.0000
0.0000,0.0000
0.0000,0.0000
0.0000,0.0000
0.0000,0.0000
0.0000,0.0000
0.0000,0.0000
0.0000,0.0000
0.0000,0.0000
0.0000,0.0000
0.0000,0.0000
0.0000,0.0000
0.0000,0.0000
0.0000,0.0000
0.0000,0.0000
0.0000,0.0000
0.0000,0.0000
0.0000,0.0000
0.0000,0.0000
0.0000,0.0000
0.0000,0.0000
0.0000,0.0000
0.0000,0.0000
0.0000,0.0000
0.0000,0.0000
0.0000,0.0000
0.0000,0.0000
0.0000,0.0000
0.0000,0.0000
0.0000,0.0000
0.0000,0.0000
0.0000,0.0000
0.0000,0.0000
0.0000,0.0000
0.0000,0.0000
0.0000,0.0000
0.0000,0.0000
0.0000,0.0000
0.0000,0.0000
0.0000,0.0000
0.0000,0.0000
0.0000,0.0000
0.0000,0.0000
0.0000,0.0000
0.0000,0.0000
0.0000,0.0000
0.0000,0.0000
0.0000,0.0000
0.0000,0.0000
0.0000,0.0000
0.0000,0.0000
0.0000,0.0000
0.0000,0.0000
0.0000,0.0000
0.0000,0.0000
0.0000,0.0000
0.0000,0.0000
0.0000,0.0000
0.0000,0.0000
0.0000,0.0000
0.0000,0.0000
0.0000,0.0000
0.0000,0.0000
0.0000,0.0000
0.0000,0.0000
0.0000,0.0000
0.0000,0.0000
0.0000,0.0000
0.0000,0.0000
0.0000,0.0000
0.0000,0.0000
0.0000,0.0000
0.0000,0.0000
0.0000,0.0000
0.0000,0.0000
0.0000,0.0000
0.0000,0.0000
0.0000,0.0000
0.0000,0.0000
0.0000,0.0000
0.0000,0.0000
0.0000,0.0000
0.0000,0.0000
0.0000,0.0000
0.0000,0.0000
0.0000,0.0000
0.0000,0.0000
0.0000,0.0000
0.0000,0.0000
0.0000,0.0000
0.0000,0.0000
0.0000,0.0000
0.0000,0.0000
0.0000,0.0000
0.0000,0.0000
0.0000,0.0000
0.0000,0.0000
0.0000,0.0000
0.0000,0.0000
0.0000,0.0000
0.0000,0.0000
0.0000,0.0000
0.0000,0.0000
0.0000,0.0000
0.0000,0.0000
0.0000,0.0000
0.0000,0.0000
0.0000,0.0000
0.0000,0.0000
0.0000,0.0000
0.0000,0.0000
0.0000,0.0000
0.0000,0.0000
0.0000,0.0000
0.0000,0.0000
0.0000,0.0000
0.0000,0.0000
0.0000,0.0000
0.0000,0.0000
0.0000,0.0000
0.0000,0.0000
0.0000,0.0000
0.0000,0.0000
0.0000,0.0000
0.0000,0.0000
0.0000,0.0000
0.0000,0.0000
0.0000,0.0000
0.0000,0.0000
0.0000,0.0000
0.0000,0.0000
-1.5961
-1.0693
-0.9424
-0.9319
-0.9209
-0.9111
-0.8792
-0.8507
-0.8067
-0.7982
-0.7506
-0.7347
-0.7276
-0.7140
-0.7061
-0.6555
-0.6524
-0.6349
-0.6342
-0.6268
-0.6240
-0.6138
-0.6037
-0.5907
-0.5635
-0.5634
-0.5414
-0.5161
-0.5038
-0.4980
-0.4970
-0.4860
-0.4820
-0.4648
-0.4460
-0.4424
-0.4306
-0.4298
-0.4277
-0.4254
-0.4208
-0.4090
-0.4031
-0.3857
-0.3795
-0.3770
-0.3766
-0.3683
-0.3582
-0.3573
-0.3511
-0.3347
-0.3234
-0.3222
-0.3157
-0.3074
-0.2853
-0.2779
-0.2677
-0.2621
-0.2570
-0.2502
-0.2450
-0.2411
-0.2395
-0.2241
-0.2189
-0.2106
-0.2078
-0.2056
-0.2028
-0.1986
-0.1955
-0.1820
-0.1794
-0.1676
-0.1608
-0.1597
-0.1486
-0.1438
-0.1434
-0.1412
-0.1342
-0.1299
-0.1279
-0.1256
-0.1164
-0.1137
-0.1093
-0.0964
-0.0951
-0.0864
-0.0847
-0.0844
-0.0829
-0.0823
-0.0816
-0.0815
-0.0736
-0.0703
-0.0700
-0.0686
-0.0634
-0.0570
-0.0547
-0.0437
-0.0374
-0.0366
-0.0349
-0.0329
-0.0277
-0.0259
-0.0255
-0.0248
-0.0201
-0.0131
-0.0111
-0.0110
-0.0109
-0.0096
-0.0071
-0.0057
-0.0037
-0.0031
0.0000
0.0017
0.0028
0.0051
0.0068
0.0088
0.0231
0.0245
0.0292
0.0469
0.0517
0.0547
0.0564
0.0631
0.0684
0.0772
0.0812
0.0823
0.0881
0.0940
0.0962
0.1086
0.1110
0.1165
0.1231
0.1236
0.1277
0.1304
0.1306
0.1374
0.1403
0.1546
0.1584
0.1619
0.1652
0.1682
0.1759
0.1881
0.1901
0.1910
0.1947
0.1978
0.2030
0.2051
0.2055
0.2091
0.2116
0.2127
0.2245
0.2274
0.2327
0.2534
0.2575
0.2729
0.2749
0.2786
0.2843
0.2885
0.2940
0.2980
0.2995
0.3030
0.3057
0.3068
0.3134
0.3171
0.3210
0.3216
0.3229
0.3263
0.3308
0.3313
0.3331
0.3337
0.3395
0.3403
0.3418
0.3441
0.3515
0.3544
0.3603
0.3609
0.3696
0.3730
0.3788
0.3805
0.3838
0.3895
0.3930
0.3950
0.3972
0.3976
0.3991
0.3999
0.4048
0.4078
0.4109
0.4111
0.4115
0.4149
0.4209
0.4214
0.4257
0.4293
0.4293
0.4317
0.4366
0.4366
0.4374
0.4417
0.4460
0.4467
0.4475
0.4478
0.4515
0.4620
0.4645
0.4672
0.4678
0.4683
0.4708
0.4809
0.4817
0.4836
0.4876
0.4885
0.4896
0.4906
0.4953
0.4956
0.4958
0.4967
0.4975
0.5012
0.5032
0.5056
0.5059
0.5110
0.5159
0.5221
0.5243
0.5247
0.5284
0.5285
0.5300
0.5303
0.5321
0.5380
0.5386
0.5395
0.5416
0.5434
0.5474
0.5507
0.5516
0.5559
0.5568
0.5592
0.5616
0.5641
0.5658
0.5659
0.5668
0.5676
0.5688
0.5719
0.5752
0.5755
0.5876
0.5919
0.5951
0.5967
0.5967
0.6066
0.6078
0.6110
0.6115
0.6135
0.6224
0.6224
0.6281
0.6287
0.6329
0.6340
0.6347
0.6357
0.6418
0.6483
0.6509
0.6510
0.6567
0.6579
0.6587
0.6589
0.6596
0.6632
0.6636
0.6675
0.6700
0.6758
0.6793
0.6798
0.6809
0.6812
0.6837
0.6845
0.6846
0.6852
0.6863
0.6865
0.6895
0.6931
0.6952
0.6970
0.6986
0.6993
0.7005
0.7025
0.7049
0.7066
0.7094
0.7100
0.7102
0.7138
0.7166
0.7216
0.7221
0.7272
0.7281
0.7316
0.7335
0.7415
0.7514
0.7634
0.7642
0.7660
0.7672
0.7687
0.7727
0.7759
0.7761
0.7765
0.7793
0.7833
0.7861
0.7875
0.7904
0.7938
0.7942
0.7943
0.7968
0.7982
0.8005
0.8051
0.8115
0.8132
0.8151
0.8167
0.8171
0.8246
0.8291
0.8323
0.8347
0.8359
0.8377
0.8390
0.8421
0.8422
0.8426
0.8432
0.8476
0.8499
0.8550
0.8560
0.8596
0.8605
0.8612
0.8640
0.8648
0.8773
0.8786
0.8808
0.8818
0.8819
0.8827
0.8831
0.8851
0.8876
0.8919
0.8922
0.8942
0.8965
0.8981
0.9028
0.9033
0.9096
0.9101
0.9129
0.9181
0.9206
0.9217
0.9282
0.9330
0.9351
0.9381
0.9426
0.9433
0.9452
0.9466
0.9483
0.9490
0.9496
0.9538
0.9581
0.9613
0.9620
0.9638
0.9653
0.9684
0.9705
0.9715
0.9732
0.9733
0.9745
0.9765
0.9787
0.9910
0.9919
0.9949
0.9976
0.9978
1.0016
1.0023
1.0088
1.0115
1.0130
1.0170
1.0184
1.0201
1.0240
1.0246
1.0262
1.0315
1.0325
1.0376
1.0393
1.0427
1.0448
1.0489
1.0564
1.0568
1.0577
1.0596
1.0615
1.0632
1.0654
1.0659
1.0663
1.0666
1.0682
1.0691
1.0726
1.0729
1.0744
1.0755
1.0759
1.0799
1.0800
1.0817
1.0824
1.0895
1.0895
1.0913
1.0974
1.0997
1.1014
1.1029
1.1079
1.1092
1.1120
1.1126
1.1151
1.1159
1.1169
1.1192
1.1204
1.1258
1.1261
1.1264
1.1279
1.1284
1.1317
1.1347
1.1392
1.1414
1.1430
1.1444
1.1488
1.1492
1.1530
1.1531
1.1564
1.1579
1.1588
1.1589
1.1608
1.1646
1.1693
1.1701
1.1727
1.1745
1.1778
1.1836
1.1849
1.1854
1.1860
1.1863
1.1893
1.1920
1.1922
1.1928
1.1968
1.1997
1.2004
1.2046
1.2046
1.2054
1.2089
1.2111
1.2130
1.2138
1.2181
1.2183
1.2268
1.2273
1.2290
1.2305
1.2385
1.2396
1.2457
1.2471
1.2483
1.2487
1.2501
1.2532
1.2556
1.2561
1.2568
1.2593
1.2614
1.2628
1.2706
1.2754
1.2759
1.2791
1.2826
1.2837
1.2848
1.2859
1.2985
1.3031
1.3036
1.3052
1.3095
1.3101
1.3116
1.3131
1.3136
1.3152
1.3219
1.3241
1.3264
1.3331
1.3331
1.3331
1.3347
1.3360
1.3366
1.3368
1.3391
1.3414
1.3431
1.3458
1.3491
1.3493
1.3521
1.3570
1.3645
1.3655
1.3656
1.3672
1.3699
1.3699
1.3717
1.3741
1.3833
1.3852
1.3862
1.3887
1.3954
1.3981
1.4003
1.4009
1.4077
1.4081
1.4135
1.4146
1.4266
1.4335
1.4339
1.4348
1.4419
1.4433
1.4435
1.4500
1.4566
1.4609
1.4625
1.4649
1.4690
1.4707
1.4728
1.4732
1.4743
1.4795
1.4811
1.4814
1.4825
1.4827
1.4864
1.4895
1.4903
1.4914
1.4921
1.4922
1.4932
1.4958
1.4963
1.4980
1.4987
1.5037
1.5044
1.5047
1.5092
1.5100
1.5233
1.5239
1.5250
1.5284
1.5389
1.5411
1.5506
1.5549
1.5564
1.5580
1.5601
1.5625
1.5683
1.5745
1.5746
1.5794
1.5797
1.5835
1.6001
1.6053
1.6141
1.6196
1.6214
1.6246
1.6286
1.6345
1.6348
1.6355
1.6402
1.6490
1.6494
1.6515
1.6554
1.6586
1.6595
1.6619
1.6636
1.6639
1.6782
1.6785
1.6820
1.6831
1.6861
1.6918
1.6972
1.7000
1.7014
1.7031
1.7175
1.7197
1.7200
1.7218
1.7240
1.7252
1.7282
1.7345
1.7355
1.7368
1.7378
1.7382
1.7383
1.7396
1.7430
1.7430
1.7435
1.7461
1.7483
1.7502
1.7522
1.7577
1.7607
1.7653
1.7655
1.7666
1.7696
1.7712
1.7749
1.7822
1.7830
1.7842
1.7883
1.7904
1.7959
1.7967
1.7971
1.7986
1.8056
1.8084
1.8120
1.8126
1.8193
1.8240
1.8334
1.8397
1.8414
1.8416
1.8486
1.8496
1.8508
1.8511
1.8694
1.8750
1.8754
1.8780
1.8845
1.8894
1.8906
1.8971
1.9009
1.9011
1.9022
1.9074
1.9079
1.9095
1.9273
1.9358
1.9359
1.9384
1.9407
1.9428
1.9462
1.9466
1.9529
1.9535
1.9572
1.9614
1.9760
1.9773
1.9843
1.9906
1.9913
1.9939
2.0131
2.0173
2.0337
2.0366
2.0366
2.0469
2.0506
2.0515
2.0566
2.0608
2.0642
2.0657
2.0704
2.0849
2.0891
2.0934
2.0949
2.0987
2.1049
2.1068
2.1101
2.1114
2.1137
2.1154
2.1180
2.1399
2.1426
2.1572
2.1603
2.1666
2.1845
2.1852
2.1866
2.1877
2.1930
2.1942
2.1966
2.1968
2.1978
2.2032
2.2040
2.2049
2.2062
2.2081
2.2101
2.2157
2.2176
2.2218
2.2263
2.2268
2.2312
2.2341
2.2380
2.2380
2.2416
2.2509
2.2634
2.2667
2.2750
2.2770
2.2777
2.2860
2.3014
2.3040
2.3045
2.3048
2.3051
2.3162
2.3168
2.3219
2.3220
2.3241
2.3292
2.3501
2.3555
2.3580
2.3742
2.3846
2.3872
2.3900
2.3944
2.3997
2.4013
2.4108
2.4124
2.4326
2.4359
2.4368
2.4377
2.4392
2.4529
2.4534
2.4621
2.4749
2.4769
2.4804
2.4816
2.4902
2.5010
2.5113
2.5153
2.5182
2.5322
2.5364
2.5371
2.5735
2.5792
2.5858
2.5960
2.5993
2.6146
2.6317
2.6547
2.6564
2.6724
2.6872
2.7032
2.7118
2.7274
2.7374
2.7578
2.7654
2.7877
2.7897
2.8168
2.8188
2.8254
2.8433
2.8508
2.8519
2.8627
2.8687
2.8704
2.8744
2.8865
2.8950
2.9060
2.9135
2.9173
2.9524
2.9544
2.9634
2.9807
3.0005
3.0110
3.0120
3.0177
3.0328
3.0383
3.0515
3.0582
3.0592
3.0642
3.0657
3.0690
3.0924
3.1056
3.1198
3.1330
3.1391
3.1499
3.1688
3.1928
3.2128
3.2216
3.2316
3.2604
3.3191
3.3420
3.3574
3.3666
3.3801
3.3865
3.4067
3.4142
3.4314
3.4631
3.4744
3.5376
3.5794
3.5836
3.6201
3.6413
3.6937
3.7323
3.7500
3.7942
3.9034
3.9631
4.1085
4.1280
4.1471
4.1592
4.2725
4.6577
4.6843
4.8779
5.0695
5.1279
