1000
1000
-1.7656,0.2175
-1.6687,0.2128
-1.4480,0.1653
-1.2925,0.1516
-1.1779,0.1455
-1.0894,0.1416
-1.0186,0.1394
-0.9591,0.1356
-0.9091,0.1324
-0.8662,0.1294
-0.8290,0.1269
-0.7964,0.1247
-0.7672,0.1222
-0.7412,0.1200
-0.7178,0.1183
-0.6966,0.1167
-0.6771,0.1152
-0.6595,0.1140
-0.6432,0.1129
-0.6282,0.1118
-0.6140,0.1107
-0.6007,0.1095
-0.5881,0.1084
-0.5763,0.1072
-0.5652,0.1060
-0.5546,0.1049
-0.5446,0.1037
-0.5352,0.1025
-0.5262,0.1015
-0.5177,0.1004
-0.5095,0.0993
-0.5017,0.0983
-0.4942,0.0973
-0.4870,0.0963
-0.4801,0.0953
-0.4735,0.0944
-0.4671,0.0936
-0.4610,0.0928
-0.4552,0.0920
-0.4496,0.0914
-0.4442,0.0907
-0.4390,0.0899
-0.4339,0.0892
-0.4291,0.0886
-0.4243,0.0879
-0.4198,0.0873
-0.4154,0.0867
-0.4111,0.0861
-0.4069,0.0856
-0.4028,0.0850
-0.3989,0.0845
-0.3951,0.0839
-0.3913,0.0834
-0.3878,0.0829
-0.3843,0.0824
-0.3808,0.0819
-0.3775,0.0814
-0.3743,0.0810
-0.3711,0.0805
-0.3680,0.0800
-0.3650,0.0795
-0.3621,0.0791
-0.3592,0.0786
-0.3563,0.0781
-0.3536,0.0776
-0.3509,0.0771
-0.3483,0.0767
-0.3457,0.0762
-0.3431,0.0758
-0.3407,0.0753
-0.3382,0.0749
-0.3359,0.0744
-0.3335,0.0740
-0.3312,0.0736
-0.3290,0.0731
-0.3268,0.0727
-0.3246,0.0723
-0.3225,0.0719
-0.3204,0.0715
-0.3184,0.0711
-0.3164,0.0708
-0.3144,0.0704
-0.3125,0.0700
-0.3106,0.0696
-0.3087,0.0692
-0.3069,0.0689
-0.3051,0.0685
-0.3033,0.0682
-0.3016,0.0678
-0.2998,0.0675
-0.2982,0.0671
-0.2965,0.0668
-0.2949,0.0665
-0.2933,0.0661
-0.2917,0.0658
-0.2902,0.0655
-0.2886,0.0652
-0.2871,0.0649
-0.2856,0.0646
-0.2842,0.0643
-0.2827,0.0640
-0.2813,0.0637
-0.2799,0.0634
-0.2785,0.0631
-0.2772,0.0628
-0.2759,0.0625
-0.2745,0.0623
-0.2732,0.0620
-0.2719,0.0617
-0.2707,0.0615
-0.2694,0.0612
-0.2682,0.0609
-0.2670,0.0607
-0.2657,0.0604
-0.2646,0.0601
-0.2634,0.0599
-0.2622,0.0596
-0.2611,0.0594
-0.2599,0.0591
-0.2588,0.0589
-0.2577,0.0587
-0.2566,0.0584
-0.2555,0.0582
-0.2544,0.0580
-0.2534,0.0577
-0.2523,0.0575
-0.2513,0.0573
-0.2503,0.0571
-0.2493,0.0568
-0.2483,0.0566
-0.2473,0.0564
-0.2463,0.0562
-0.2453,0.0560
-0.2444,0.0558
-0.2434,0.0556
-0.2425,0.0554
-0.2415,0.0552
-0.2406,0.0550
-0.2397,0.0548
-0.2388,0.0546
-0.2380,0.0544
-0.2371,0.0542
-0.2362,0.0540
-0.2354,0.0538
-0.2345,0.0536
-0.2337,0.0534
-0.2328,0.0532
-0.2320,0.0531
-0.2312,0.0529
-0.2304,0.0527
-0.2296,0.0525
-0.2288,0.0523
-0.2280,0.0522
-0.2272,0.0520
-0.2264,0.0518
-0.2257,0.0516
-0.2249,0.0515
-0.2242,0.0513
-0.2234,0.0511
-0.2227,0.0510
-0.2220,0.0508
-0.2213,0.0507
-0.2205,0.0505
-0.2198,0.0504
-0.2191,0.0502
-0.2184,0.0500
-0.2178,0.0499
-0.2171,0.0497
-0.2164,0.0496
-0.2157,0.0495
-0.2151,0.0493
-0.2144,0.0492
-0.2138,0.0490
-0.2131,0.0489
-0.2125,0.0488
-0.2118,0.0486
-0.2112,0.0485
-0.2106,0.0483
-0.2100,0.0482
-0.2094,0.0481
-0.2088,0.0479
-0.2082,0.0478
-0.2076,0.0477
-0.2070,0.0476
-0.2064,0.0474
-0.2058,0.0473
-0.2052,0.0472
-0.2047,0.0470
-0.2041,0.0469
-0.2035,0.0468
-0.2030,0.0467
-0.2024,0.0466
-0.2019,0.0464
-0.2013,0.0463
-0.2008,0.0462
-0.2002,0.0461
-0.1997,0.0460
-0.1992,0.0459
-0.1987,0.0458
-0.1981,0.0457
-0.1976,0.0456
-0.1971,0.0454
-0.1966,0.0453
-0.1961,0.0452
-0.1956,0.0451
-0.1951,0.0450
-0.1946,0.0449
-0.1941,0.0448
-0.1936,0.0447
-0.1931,0.0446
-0.1927,0.0445
-0.1922,0.0444
-0.1917,0.0443
-0.1912,0.0442
-0.1908,0.0441
-0.1903,0.0440
-0.1898,0.0439
-0.1894,0.0438
-0.1889,0.0437
-0.1885,0.0436
-0.1880,0.0435
-0.1876,0.0434
-0.1872,0.0434
-0.1867,0.0433
-0.1863,0.0432
-0.1859,0.0431
-0.1854,0.0430
-0.1850,0.0429
-0.1846,0.0428
-0.1842,0.0427
-0.1837,0.0427
-0.1833,0.0426
-0.1829,0.0425
-0.1825,0.0424
-0.1821,0.0423
-0.1817,0.0422
-0.1813,0.0421
-0.1809,0.0421
-0.1805,0.0420
-0.1801,0.0419
-0.1797,0.0418
-0.1793,0.0417
-0.1789,0.0417
-0.1785,0.0416
-0.1782,0.0415
-0.1778,0.0414
-0.1774,0.0413
-0.1770,0.0413
-0.1767,0.0412
-0.1763,0.0411
-0.1759,0.0410
-0.1756,0.0410
-0.1752,0.0409
-0.1748,0.0408
-0.1745,0.0408
-0.1741,0.0407
-0.1738,0.0406
-0.1734,0.0405
-0.1731,0.0405
-0.1727,0.0404
-0.1724,0.0403
-0.1720,0.0403
-0.1717,0.0402
-0.1713,0.0401
-0.1710,0.0401
-0.1707,0.0400
-0.1703,0.0399
-0.1700,0.0399
-0.1697,0.0398
-0.1693,0.0397
-0.1690,0.0397
-0.1687,0.0396
-0.1683,0.0395
-0.1680,0.0395
-0.1677,0.0394
-0.1674,0.0393
-0.1671,0.0393
-0.1667,0.0392
-0.1664,0.0391
-0.1661,0.0391
-0.1658,0.0390
-0.1655,0.0389
-0.1652,0.0389
-0.1649,0.0388
-0.1646,0.0388
-0.1643,0.0387
-0.1640,0.0386
-0.1637,0.0386
-0.1634,0.0385
-0.1631,0.0385
-0.1628,0.0384
-0.1625,0.0383
-0.1622,0.0383
-0.1619,0.0382
-0.1616,0.0381
-0.1613,0.0381
-0.1611,0.0380
-0.1608,0.0380
-0.1605,0.0379
-0.1602,0.0378
-0.1599,0.0378
-0.1597,0.0377
-0.1594,0.0377
-0.1591,0.0376
-0.1588,0.0375
-0.1586,0.0375
-0.1583,0.0374
-0.1580,0.0374
-0.1577,0.0373
-0.1575,0.0372
-0.1572,0.0372
-0.1569,0.0371
-0.1567,0.0371
-0.1564,0.0370
-0.1562,0.0370
-0.1559,0.0369
-0.1556,0.0368
-0.1554,0.0368
-0.1551,0.0367
-0.1549,0.0367
-0.1546,0.0366
-0.1544,0.0366
-0.1541,0.0365
-0.1539,0.0365
-0.1536,0.0364
-0.1534,0.0364
-0.1531,0.0363
-0.1529,0.0363
-0.1526,0.0362
-0.1524,0.0361
-0.1521,0.0361
-0.1519,0.0360
-0.1517,0.0360
-0.1514,0.0359
-0.1512,0.0359
-0.1510,0.0358
-0.1507,0.0358
-0.1505,0.0357
-0.1503,0.0357
-0.1500,0.0356
-0.1498,0.0356
-0.1496,0.0355
-0.1493,0.0355
-0.1491,0.0354
-0.1489,0.0354
-0.1486,0.0353
-0.1484,0.0353
-0.1482,0.0352
-0.1480,0.0352
-0.1477,0.0351
-0.1475,0.0351
-0.1473,0.0350
-0.1471,0.0350
-0.1469,0.0349
-0.1466,0.0349
-0.1464,0.0348
-0.1462,0.0348
-0.1460,0.0347
-0.1458,0.0347
-0.1456,0.0346
-0.1453,0.0346
-0.1451,0.0345
-0.1449,0.0345
-0.1447,0.0344
-0.1445,0.0344
-0.1443,0.0343
-0.1441,0.0343
-0.1439,0.0342
-0.1437,0.0342
-0.1435,0.0341
-0.1433,0.0341
-0.1431,0.0341
-0.1429,0.0340
-0.1427,0.0340
-0.1425,0.0339
-0.1423,0.0339
-0.1421,0.0338
-0.1419,0.0338
-0.1417,0.0337
-0.1415,0.0337
-0.1413,0.0336
-0.1411,0.0336
-0.1409,0.0336
-0.1407,0.0335
-0.1405,0.0335
-0.1403,0.0334
-0.1401,0.0334
-0.1399,0.0333
-0.1397,0.0333
-0.1395,0.0333
-0.1393,0.0332
-0.1392,0.0332
-0.1390,0.0331
-0.1388,0.0331
-0.1386,0.0330
-0.1384,0.0330
-0.1382,0.0330
-0.1380,0.0329
-0.1379,0.0329
-0.1377,0.0328
-0.1375,0.0328
-0.1373,0.0328
-0.1371,0.0327
-0.1369,0.0327
-0.1368,0.0326
-0.1366,0.0326
-0.1364,0.0326
-0.1362,0.0325
-0.1361,0.0325
-0.1359,0.0324
-0.1357,0.0324
-0.1355,0.0324
-0.1354,0.0323
-0.1352,0.0323
-0.1350,0.0323
-0.1348,0.0322
-0.1347,0.0322
-0.1345,0.0321
-0.1343,0.0321
-0.1342,0.0321
-0.1340,0.0320
-0.1338,0.0320
-0.1336,0.0320
-0.1335,0.0319
-0.1333,0.0319
-0.1331,0.0318
-0.1330,0.0318
-0.1328,0.0318
-0.1327,0.0317
-0.1325,0.0317
-0.1323,0.0317
-0.1322,0.0316
-0.1320,0.0316
-0.1318,0.0316
-0.1317,0.0315
-0.1315,0.0315
-0.1314,0.0315
-0.1312,0.0314
-0.1310,0.0314
-0.1309,0.0313
-0.1307,0.0313
-0.1306,0.0313
-0.1304,0.0312
-0.1302,0.0312
-0.1301,0.0312
-0.1299,0.0311
-0.1298,0.0311
-0.1296,0.0311
-0.1295,0.0310
-0.1293,0.0310
-0.1292,0.0310
-0.1290,0.0309
-0.1289,0.0309
-0.1287,0.0309
-0.1285,0.0308
-0.1284,0.0308
-0.1282,0.0308
-0.1281,0.0307
-0.1279,0.0307
-0.1278,0.0307
-0.1277,0.0306
-0.1275,0.0306
-0.1274,0.0306
-0.1272,0.0305
-0.1271,0.0305
-0.1269,0.0305
-0.1268,0.0304
-0.1266,0.0304
-0.1265,0.0304
-0.1263,0.0303
-0.1262,0.0303
-0.1261,0.0303
-0.1259,0.0302
-0.1258,0.0302
-0.1256,0.0302
-0.1255,0.0301
-0.1253,0.0301
-0.1252,0.0301
-0.1251,0.0300
-0.1249,0.0300
-0.1248,0.0300
-0.1246,0.0299
-0.1245,0.0299
-0.1244,0.0299
-0.1242,0.0299
-0.1241,0.0298
-0.1240,0.0298
-0.1238,0.0298
-0.1237,0.0297
-0.1235,0.0297
-0.1234,0.0297
-0.1233,0.0296
-0.1231,0.0296
-0.1230,0.0296
-0.1229,0.0295
-0.1227,0.0295
-0.1226,0.0295
-0.1225,0.0295
-0.1223,0.0294
-0.1222,0.0294
-0.1221,0.0294
-0.1219,0.0293
-0.1218,0.0293
-0.1217,0.0293
-0.1216,0.0292
-0.1214,0.0292
-0.1213,0.0292
-0.1212,0.0292
-0.1210,0.0291
-0.1209,0.0291
-0.1208,0.0291
-0.1207,0.0290
-0.1205,0.0290
-0.1204,0.0290
-0.1203,0.0290
-0.1202,0.0289
-0.1200,0.0289
-0.1199,0.0289
-0.1198,0.0288
-0.1197,0.0288
-0.1195,0.0288
-0.1194,0.0288
-0.1193,0.0287
-0.1192,0.0287
-0.1190,0.0287
-0.1189,0.0287
-0.1188,0.0286
-0.1187,0.0286
-0.1185,0.0286
-0.1184,0.0285
-0.1183,0.0285
-0.1182,0.0285
-0.1181,0.0285
-0.1179,0.0284
-0.1178,0.0284
-0.1177,0.0284
-0.1176,0.0284
-0.1175,0.0283
-0.1174,0.0283
-0.1172,0.0283
-0.1171,0.0282
-0.1170,0.0282
-0.1169,0.0282
-0.1168,0.0282
-0.1167,0.0281
-0.1165,0.0281
-0.1164,0.0281
-0.1163,0.0281
-0.1162,0.0280
-0.1161,0.0280
-0.1160,0.0280
-0.1158,0.0280
-0.1157,0.0279
-0.1156,0.0279
-0.1155,0.0279
-0.1154,0.0279
-0.1153,0.0278
-0.1152,0.0278
-0.1151,0.0278
-0.1150,0.0278
-0.1148,0.0277
-0.1147,0.0277
-0.1146,0.0277
-0.1145,0.0277
-0.1144,0.0276
-0.1143,0.0276
-0.1142,0.0276
-0.1141,0.0276
-0.1140,0.0275
-0.1139,0.0275
-0.1137,0.0275
-0.1136,0.0275
-0.1135,0.0275
-0.1134,0.0274
-0.1133,0.0274
-0.1132,0.0274
-0.1131,0.0274
-0.1130,0.0273
-0.1129,0.0273
-0.1128,0.0273
-0.1127,0.0273
-0.1126,0.0272
-0.1125,0.0272
-0.1124,0.0272
-0.1123,0.0272
-0.1122,0.0272
-0.1121,0.0271
-0.1120,0.0271
-0.1119,0.0271
-0.1118,0.0271
-0.1117,0.0270
-0.1116,0.0270
-0.1114,0.0270
-0.1113,0.0270
-0.1112,0.0269
-0.1111,0.0269
-0.1110,0.0269
-0.1109,0.0269
-0.1108,0.0269
-0.1107,0.0268
-0.1106,0.0268
-0.1105,0.0268
-0.1104,0.0268
-0.1103,0.0267
-0.1102,0.0267
-0.1101,0.0267
-0.1100,0.0267
-0.1099,0.0267
-0.1099,0.0266
-0.1098,0.0266
-0.1097,0.0266
-0.1096,0.0266
-0.1095,0.0265
-0.1094,0.0265
-0.1093,0.0265
-0.1092,0.0265
-0.1091,0.0265
-0.1090,0.0264
-0.1089,0.0264
-0.1088,0.0264
-0.1087,0.0264
-0.1086,0.0263
-0.1085,0.0263
-0.1084,0.0263
-0.1083,0.0263
-0.1082,0.0263
-0.1081,0.0262
-0.1080,0.0262
-0.1079,0.0262
-0.1078,0.0262
-0.1077,0.0262
-0.1077,0.0261
-0.1076,0.0261
-0.1075,0.0261
-0.1074,0.0261
-0.1073,0.0261
-0.1072,0.0260
-0.1071,0.0260
-0.1070,0.0260
-0.1069,0.0260
-0.1068,0.0260
-0.1067,0.0259
-0.1066,0.0259
-0.1066,0.0259
-0.1065,0.0259
-0.1064,0.0259
-0.1063,0.0258
-0.1062,0.0258
-0.1061,0.0258
-0.1060,0.0258
-0.1059,0.0258
-0.1058,0.0257
-0.1057,0.0257
-0.1057,0.0257
-0.1056,0.0257
-0.1055,0.0257
-0.1054,0.0256
-0.1053,0.0256
-0.1052,0.0256
-0.1051,0.0256
-0.1051,0.0256
-0.1050,0.0255
-0.1049,0.0255
-0.1048,0.0255
-0.1047,0.0255
-0.1046,0.0255
-0.1045,0.0254
-0.1044,0.0254
-0.1044,0.0254
-0.1043,0.0254
-0.1042,0.0254
-0.1041,0.0253
-0.1040,0.0253
-0.1039,0.0253
-0.1039,0.0253
-0.1038,0.0253
-0.1037,0.0253
-0.1036,0.0252
-0.1035,0.0252
-0.1034,0.0252
-0.1034,0.0252
-0.1033,0.0252
-0.1032,0.0251
-0.1031,0.0251
-0.1030,0.0251
-0.1029,0.0251
-0.1029,0.0251
-0.1028,0.0251
-0.1027,0.0250
-0.1026,0.0250
-0.1025,0.0250
-0.1025,0.0250
-0.1024,0.0250
-0.1023,0.0249
-0.1022,0.0249
-0.1021,0.0249
-0.1021,0.0249
-0.1020,0.0249
-0.1019,0.0249
-0.1018,0.0248
-0.1017,0.0248
-0.1017,0.0248
-0.1016,0.0248
-0.1015,0.0248
-0.1014,0.0247
-0.1013,0.0247
-0.1013,0.0247
-0.1012,0.0247
-0.1011,0.0247
-0.1010,0.0247
-0.1010,0.0246
-0.1009,0.0246
-0.1008,0.0246
-0.1007,0.0246
-0.1006,0.0246
-0.1006,0.0246
-0.1005,0.0245
-0.1004,0.0245
-0.1003,0.0245
-0.1003,0.0245
-0.1002,0.0245
-0.1001,0.0244
-0.1000,0.0244
-0.1000,0.0244
-0.0999,0.0244
-0.0998,0.0244
-0.0997,0.0244
-0.0997,0.0243
-0.0996,0.0243
-0.0995,0.0243
-0.0994,0.0243
-0.0994,0.0243
-0.0993,0.0243
-0.0992,0.0242
-0.0991,0.0242
-0.0991,0.0242
-0.0990,0.0242
-0.0989,0.0242
-0.0988,0.0242
-0.0988,0.0241
-0.0987,0.0241
-0.0986,0.0241
-0.0986,0.0241
-0.0985,0.0241
-0.0984,0.0241
-0.0983,0.0241
-0.0983,0.0240
-0.0982,0.0240
-0.0981,0.0240
-0.0981,0.0240
-0.0980,0.0240
-0.0979,0.0240
-0.0978,0.0239
-0.0978,0.0239
-0.0977,0.0239
-0.0976,0.0239
-0.0976,0.0239
-0.0975,0.0239
-0.0974,0.0238
-0.0974,0.0238
-0.0973,0.0238
-0.0972,0.0238
-0.0971,0.0238
-0.0971,0.0238
-0.0970,0.0238
-0.0969,0.0237
-0.0969,0.0237
-0.0968,0.0237
-0.0967,0.0237
-0.0967,0.0237
-0.0966,0.0237
-0.0965,0.0236
-0.0965,0.0236
-0.0964,0.0236
-0.0963,0.0236
-0.0963,0.0236
-0.0962,0.0236
-0.0961,0.0236
-0.0961,0.0235
-0.0960,0.0235
-0.0959,0.0235
-0.0959,0.0235
-0.0958,0.0235
-0.0957,0.0235
-0.0957,0.0234
-0.0956,0.0234
-0.0955,0.0234
-0.0955,0.0234
-0.0954,0.0234
-0.0953,0.0234
-0.0953,0.0234
-0.0952,0.0233
-0.0951,0.0233
-0.0951,0.0233
-0.0950,0.0233
-0.0949,0.0233
-0.0949,0.0233
-0.0948,0.0233
-0.0947,0.0232
-0.0947,0.0232
-0.0946,0.0232
-0.0946,0.0232
-0.0945,0.0232
-0.0944,0.0232
-0.0944,0.0232
-0.0943,0.0231
-0.0942,0.0231
-0.0942,0.0231
-0.0941,0.0231
-0.0940,0.0231
-0.0940,0.0231
-0.0939,0.0231
-0.0939,0.0230
-0.0938,0.0230
-0.0937,0.0230
-0.0937,0.0230
-0.0936,0.0230
-0.0935,0.0230
-0.0935,0.0230
-0.0934,0.0229
-0.0934,0.0229
-0.0933,0.0229
-0.0932,0.0229
-0.0932,0.0229
-0.0931,0.0229
-0.0931,0.0229
-0.0930,0.0228
-0.0929,0.0228
-0.0929,0.0228
-0.0928,0.0228
-0.0927,0.0228
-0.0927,0.0228
-0.0926,0.0228
-0.0926,0.0228
-0.0925,0.0227
-0.0924,0.0227
-0.0924,0.0227
-0.0923,0.0227
-0.0923,0.0227
-0.0922,0.0227
-0.0921,0.0227
-0.0921,0.0226
-0.0920,0.0226
-0.0920,0.0226
-0.0919,0.0226
-0.0919,0.0226
-0.0918,0.0226
-0.0917,0.0226
-0.0917,0.0226
-0.0916,0.0225
-0.0916,0.0225
-0.0915,0.0225
-0.0914,0.0225
-0.0914,0.0225
-0.0913,0.0225
-0.0913,0.0225
-0.0912,0.0224
-0.0911,0.0224
-0.0911,0.0224
-0.0910,0.0224
-0.0910,0.0224
-0.0909,0.0224
-0.0909,0.0224
-0.0908,0.0224
-0.0907,0.0223
-0.0907,0.0223
-0.0906,0.0223
-0.0906,0.0223
-0.0905,0.0223
-0.0905,0.0223
-0.0904,0.0223
-0.0903,0.0222
-0.0903,0.0222
-0.0902,0.0222
-0.0902,0.0222
-0.0901,0.0222
-0.0901,0.0222
-0.0900,0.0222
-0.0900,0.0222
-0.0899,0.0221
-0.0898,0.0221
-0.0898,0.0221
-0.0897,0.0221
-0.0897,0.0221
-0.0896,0.0221
-0.0896,0.0221
-0.0895,0.0221
-0.0895,0.0220
-0.0894,0.0220
-0.0893,0.0220
-0.0893,0.0220
-0.0892,0.0220
-0.0892,0.0220
-0.0891,0.0220
-0.0891,0.0220
-0.0890,0.0219
-0.0890,0.0219
-0.0889,0.0219
-0.0889,0.0219
-0.0888,0.0219
-0.0888,0.0219
-0.0887,0.0219
-0.0886,0.0219
-0.0886,0.0219
-0.0885,0.0218
-0.0885,0.0218
-0.0884,0.0218
-0.0884,0.0218
-0.0883,0.0218
-0.0883,0.0218
-0.0882,0.0218
-0.0882,0.0218
-0.0881,0.0217
-0.0881,0.0217
-0.0880,0.0217
-0.0880,0.0217
-0.0879,0.0217
-0.0879,0.0217
-0.0878,0.0217
-0.0878,0.0217
-0.0877,0.0217
-0.0876,0.0216
-0.0876,0.0216
-0.0875,0.0216
-0.0875,0.0216
-0.0874,0.0216
-0.0874,0.0216
-0.0873,0.0216
-0.0873,0.0216
-0.0872,0.0215
-0.0872,0.0215
-0.0871,0.0215
-0.0871,0.0215
-0.0870,0.0215
-0.0870,0.0215
-0.0869,0.0215
-0.0869,0.0215
-0.0868,0.0215
-0.0868,0.0214
-0.0867,0.0214
-0.0867,0.0214
-0.0866,0.0214
-0.0866,0.0214
-0.0865,0.0214
-0.0865,0.0214
-0.0864,0.0214
-0.0864,0.0214
-0.0863,0.0213
-0.0863,0.0213
-0.0862,0.0213
-0.0862,0.0213
-0.0861,0.0213
-0.0861,0.0213
-0.0860,0.0213
-0.0860,0.0213
-0.0859,0.0213
-0.0859,0.0213
-0.0858,0.0212
-0.0858,0.0212
-0.0858,0.0212
-0.0857,0.0212
-0.0857,0.0212
-0.0856,0.0212
-0.0856,0.0212
-0.0855,0.0212
-0.0855,0.0212
-0.0854,0.0211
-0.0854,0.0211
-0.0853,0.0211
-0.0853,0.0211
-0.0852,0.0211
-0.0852,0.0211
-0.0851,0.0211
-0.0851,0.0211
-0.0850,0.0211
-0.0850,0.0210
-0.0849,0.0210
-0.0849,0.0210
-0.0848,0.0210
-0.0848,0.0210
-0.0848,0.0210
-0.0847,0.0210
-0.0847,0.0210
-0.0846,0.0210
-0.0846,0.0210
-0.0845,0.0209
-0.0845,0.0209
-0.0844,0.0209
-0.0844,0.0209
-0.0843,0.0209
-0.0843,0.0209
-0.0842,0.0209
-0.0842,0.0209
-0.0842,0.0209
-0.0841,0.0209
-0.0841,0.0208
-0.0840,0.0208
-0.0840,0.0208
-0.0839,0.0208
-0.0839,0.0208
0.2067
0.2098
0.2672
0.3953
0.4331
0.4583
0.4724
0.4749
0.4752
0.4872
0.4930
0.5197
0.5338
0.5360
0.5418
0.5484
0.5561
0.5694
0.5735
0.5875
0.5918
0.6081
0.6240
0.6307
0.6392
0.6417
0.6537
0.6593
0.6610
0.6690
0.6709
0.6738
0.6771
0.6790
0.6794
0.6813
0.6944
0.6949
0.6953
0.6992
0.7021
0.7042
0.7066
0.7142
0.7256
0.7313
0.7338
0.7404
0.7488
0.7503
0.7506
0.7509
0.7525
0.7535
0.7550
0.7582
0.7590
0.7605
0.7754
0.7768
0.7794
0.7816
0.7844
0.7880
0.7895
0.7896
0.7997
0.8022
0.8026
0.8042
0.8103
0.8118
0.8118
0.8145
0.8179
0.8184
0.8241
0.8274
0.8288
0.8312
0.8314
0.8332
0.8419
0.8486
0.8492
0.8501
0.8503
0.8517
0.8578
0.8594
0.8605
0.8606
0.8607
0.8692
0.8710
0.8859
0.8872
0.8927
0.8974
0.8976
0.9021
0.9025
0.9039
0.9089
0.9112
0.9116
0.9127
0.9133
0.9173
0.9173
0.9198
0.9218
0.9219
0.9228
0.9235
0.9257
0.9293
0.9390
0.9502
0.9512
0.9548
0.9549
0.9563
0.9583
0.9592
0.9601
0.9607
0.9612
0.9613
0.9625
0.9634
0.9651
0.9659
0.9732
0.9757
0.9757
0.9757
0.9762
0.9783
0.9794
0.9811
0.9841
0.9845
0.9871
0.9876
0.9878
0.9916
0.9949
0.9954
0.9973
0.9974
0.9996
1.0023
1.0040
1.0057
1.0068
1.0072
1.0091
1.0094
1.0094
1.0105
1.0106
1.0122
1.0136
1.0141
1.0157
1.0171
1.0187
1.0198
1.0207
1.0209
1.0227
1.0237
1.0255
1.0276
1.0319
1.0326
1.0334
1.0360
1.0370
1.0401
1.0407
1.0427
1.0448
1.0455
1.0456
1.0458
1.0493
1.0571
1.0636
1.0646
1.0687
1.0710
1.0725
1.0782
1.0786
1.0795
1.0800
1.0809
1.0849
1.0853
1.0870
1.0887
1.0896
1.0902
1.0908
1.0935
1.0942
1.0982
1.1034
1.1037
1.1048
1.1049
1.1083
1.1097
1.1138
1.1143
1.1232
1.1236
1.1247
1.1254
1.1255
1.1262
1.1280
1.1323
1.1326
1.1342
1.1346
1.1366
1.1378
1.1407
1.1409
1.1424
1.1431
1.1442
1.1453
1.1458
1.1467
1.1498
1.1512
1.1585
1.1599
1.1622
1.1632
1.1634
1.1634
1.1647
1.1654
1.1659
1.1715
1.1723
1.1726
1.1734
1.1768
1.1784
1.1786
1.1845
1.1891
1.1911
1.1931
1.1947
1.1960
1.1964
1.1981
1.1996
1.2002
1.2004
1.2020
1.2036
1.2077
1.2113
1.2115
1.2115
1.2127
1.2133
1.2140
1.2153
1.2191
1.2195
1.2220
1.2221
1.2226
1.2239
1.2240
1.2304
1.2325
1.2349
1.2380
1.2394
1.2398
1.2416
1.2422
1.2435
1.2470
1.2500
1.2507
1.2523
1.2544
1.2548
1.2564
1.2602
1.2610
1.2625
1.2645
1.2645
1.2666
1.2691
1.2700
1.2706
1.2708
1.2710
1.2723
1.2742
1.2747
1.2788
1.2823
1.2836
1.2841
1.2843
1.2871
1.2881
1.2884
1.2891
1.2898
1.2938
1.2957
1.2961
1.2982
1.3021
1.3032
1.3054
1.3080
1.3096
1.3110
1.3114
1.3148
1.3166
1.3167
1.3203
1.3210
1.3224
1.3225
1.3237
1.3244
1.3257
1.3258
1.3325
1.3344
1.3351
1.3367
1.3390
1.3392
1.3409
1.3419
1.3426
1.3435
1.3466
1.3472
1.3512
1.3517
1.3520
1.3545
1.3551
1.3577
1.3601
1.3638
1.3656
1.3659
1.3699
1.3713
1.3721
1.3726
1.3741
1.3746
1.3757
1.3777
1.3803
1.3824
1.3824
1.3828
1.3828
1.3845
1.3846
1.3884
1.3902
1.3906
1.3912
1.3963
1.3974
1.3996
1.3998
1.3999
1.4052
1.4052
1.4067
1.4078
1.4084
1.4106
1.4118
1.4125
1.4174
1.4230
1.4239
1.4250
1.4270
1.4287
1.4289
1.4301
1.4311
1.4347
1.4359
1.4411
1.4420
1.4429
1.4450
1.4473
1.4475
1.4490
1.4498
1.4515
1.4565
1.4565
1.4568
1.4571
1.4609
1.4614
1.4637
1.4639
1.4648
1.4651
1.4651
1.4668
1.4728
1.4735
1.4736
1.4747
1.4758
1.4763
1.4770
1.4774
1.4776
1.4778
1.4783
1.4783
1.4819
1.4863
1.4888
1.4889
1.4905
1.4909
1.4954
1.4964
1.4970
1.4975
1.4991
1.5018
1.5032
1.5032
1.5046
1.5049
1.5055
1.5061
1.5063
1.5118
1.5145
1.5180
1.5181
1.5197
1.5198
1.5235
1.5237
1.5250
1.5255
1.5283
1.5291
1.5318
1.5334
1.5335
1.5348
1.5351
1.5396
1.5474
1.5475
1.5481
1.5496
1.5518
1.5554
1.5562
1.5572
1.5573
1.5580
1.5587
1.5588
1.5591
1.5597
1.5631
1.5668
1.5735
1.5747
1.5751
1.5763
1.5769
1.5772
1.5789
1.5789
1.5793
1.5821
1.5827
1.5834
1.5838
1.5855
1.5856
1.5861
1.5880
1.5882
1.5884
1.5926
1.5937
1.5947
1.5972
1.5989
1.5990
1.6000
1.6005
1.6032
1.6058
1.6062
1.6078
1.6082
1.6091
1.6117
1.6119
1.6121
1.6134
1.6145
1.6159
1.6159
1.6169
1.6189
1.6205
1.6237
1.6247
1.6252
1.6266
1.6284
1.6299
1.6307
1.6329
1.6365
1.6379
1.6381
1.6383
1.6395
1.6397
1.6430
1.6435
1.6437
1.6455
1.6456
1.6466
1.6467
1.6476
1.6497
1.6515
1.6530
1.6533
1.6551
1.6552
1.6567
1.6576
1.6582
1.6594
1.6622
1.6657
1.6676
1.6686
1.6688
1.6694
1.6721
1.6724
1.6736
1.6738
1.6743
1.6758
1.6764
1.6767
1.6784
1.6790
1.6800
1.6857
1.6861
1.6869
1.6886
1.6903
1.6915
1.6915
1.6921
1.6934
1.6944
1.6952
1.6959
1.6995
1.6998
1.7006
1.7008
1.7032
1.7058
1.7117
1.7126
1.7166
1.7190
1.7192
1.7193
1.7233
1.7238
1.7266
1.7284
1.7294
1.7330
1.7350
1.7355
1.7358
1.7372
1.7378
1.7430
1.7440
1.7446
1.7451
1.7465
1.7477
1.7497
1.7532
1.7580
1.7583
1.7588
1.7616
1.7623
1.7659
1.7670
1.7709
1.7721
1.7735
1.7746
1.7781
1.7781
1.7818
1.7840
1.7849
1.7862
1.7867
1.7878
1.7882
1.7908
1.7917
1.7929
1.7933
1.8001
1.8007
1.8020
1.8034
1.8057
1.8070
1.8108
1.8137
1.8140
1.8167
1.8171
1.8185
1.8192
1.8215
1.8241
1.8278
1.8328
1.8338
1.8367
1.8374
1.8417
1.8431
1.8440
1.8487
1.8533
1.8560
1.8606
1.8663
1.8680
1.8690
1.8725
1.8753
1.8781
1.8790
1.8820
1.8828
1.8864
1.8872
1.8880
1.8946
1.8987
1.9003
1.9013
1.9014
1.9029
1.9029
1.9031
1.9045
1.9045
1.9065
1.9095
1.9133
1.9134
1.9143
1.9201
1.9214
1.9283
1.9303
1.9306
1.9318
1.9320
1.9325
1.9347
1.9403
1.9414
1.9415
1.9463
1.9464
1.9467
1.9481
1.9489
1.9521
1.9536
1.9544
1.9586
1.9596
1.9615
1.9618
1.9624
1.9638
1.9648
1.9715
1.9777
1.9800
1.9836
1.9860
1.9870
1.9908
1.9952
2.0000
2.0050
2.0067
2.0073
2.0086
2.0087
2.0119
2.0136
2.0155
2.0265
2.0271
2.0273
2.0285
2.0302
2.0324
2.0334
2.0338
2.0341
2.0397
2.0418
2.0440
2.0443
2.0444
2.0458
2.0506
2.0527
2.0530
2.0535
2.0591
2.0595
2.0627
2.0652
2.0656
2.0693
2.0715
2.0729
2.0751
2.0753
2.0755
2.0762
2.0769
2.0770
2.0785
2.0788
2.0842
2.0850
2.0865
2.0884
2.0905
2.0913
2.0927
2.0958
2.0963
2.0978
2.0995
2.1087
2.1104
2.1108
2.1123
2.1162
2.1165
2.1170
2.1190
2.1213
2.1218
2.1287
2.1303
2.1340
2.1361
2.1380
2.1426
2.1427
2.1444
2.1458
2.1518
2.1525
2.1541
2.1560
2.1567
2.1622
2.1651
2.1679
2.1700
2.1725
2.1739
2.1762
2.1932
2.2043
2.2091
2.2177
2.2228
2.2289
2.2298
2.2301
2.2343
2.2369
2.2422
2.2464
2.2498
2.2523
2.2536
2.2540
2.2571
2.2572
2.2602
2.2631
2.2661
2.2701
2.2707
2.2732
2.2749
2.2754
2.2766
2.2768
2.2771
2.2808
2.2825
2.2836
2.2918
2.2942
2.2952
2.2962
2.3001
2.3016
2.3016
2.3025
2.3050
2.3062
2.3098
2.3152
2.3194
2.3220
2.3232
2.3273
2.3334
2.3340
2.3363
2.3387
2.3407
2.3428
2.3463
2.3483
2.3517
2.3532
2.3533
2.3533
2.3537
2.3575
2.3584
2.3678
2.3763
2.3779
2.3842
2.3861
2.3944
2.3963
2.3990
2.3992
2.4029
2.4031
2.4034
2.4063
2.4068
2.4095
2.4111
2.4118
2.4152
2.4158
2.4235
2.4278
2.4307
2.4356
2.4402
2.4429
2.4589
2.4696
2.4772
2.4800
2.4812
2.4829
2.4834
2.4912
2.4967
2.4972
2.5037
2.5191
2.5241
2.5290
2.5346
2.5389
2.5476
2.5481
2.5563
2.5662
2.5729
2.5747
2.5765
2.5870
2.5966
2.5984
2.5999
2.6018
2.6034
2.6125
2.6158
2.6172
2.6265
2.6268
2.6318
2.6404
2.6504
2.6551
2.6869
2.6929
2.7038
2.7100
2.7103
2.7214
2.7304
2.7353
2.7392
2.7408
2.7550
2.7592
2.7706
2.7791
2.7857
2.7899
2.7971
2.8044
2.8380
2.8945
2.8956
2.9054
2.9125
2.9136
2.9199
2.9253
2.9484
2.9899
3.0007
3.0144
3.0600
3.1295
3.1319
3.1895
3.2023
3.2352
3.3006
3.3052
3.4031
3.5066
3.5311
3.5910
4.1952
