1000
1000
-1.0633,0.2549
-0.9685,0.2519
-0.7852,0.2036
-0.6720,0.1796
-0.5926,0.1638
-0.5335,0.1519
-0.4871,0.1424
-0.4498,0.1342
-0.4191,0.1267
-0.3929,0.1200
-0.3704,0.1141
-0.3508,0.1089
-0.3337,0.1044
-0.3185,0.1003
-0.3048,0.0966
-0.2923,0.0931
-0.2809,0.0899
-0.2704,0.0870
-0.2604,0.0840
-0.2512,0.0813
-0.2424,0.0785
-0.2340,0.0758
-0.2260,0.0733
-0.2184,0.0708
-0.2110,0.0685
-0.2039,0.0662
-0.1969,0.0640
-0.1901,0.0618
-0.1833,0.0597
-0.1767,0.0576
-0.1702,0.0556
-0.1638,0.0536
-0.1574,0.0517
-0.1509,0.0498
-0.1444,0.0479
-0.1377,0.0461
-0.1308,0.0443
-0.1237,0.0425
-0.1165,0.0410
-0.1091,0.0393
-0.1013,0.0376
-0.0929,0.0358
-0.0839,0.0339
-0.0739,0.0313
0.0000,0.0000
0.0000,0.0000
0.0000,0.0000
0.0000,0.0000
0.0000,0.0000
0.0000,0.0000
0.0000,0.0000
0.0000,0.0000
0.0000,0.0000
0.0000,0.0000
0.0000,0.0000
0.0000,0.0000
0.0000,0.0000
0.0000,0.0000
0.0000,0.0000
0.0000,0.0000
0.0000,0.0000
0.0000,0.0000
0.0000,0.0000
0.0000,0.0000
0.0000,0.0000
0.0000,0.0000
0.0000,0.0000
0.0000,0.0000
0.0000,0.0000
0.0000,0.0000
0.0000,0.0000
0.0000,0.0000
0.0000,0.0000
0.0000,0.0000
0.0000,0.0000
0.0000,0.0000
0.0000,0.0000
0.0000,0.0000
0.0000,0.0000
0.0000,0.0000
0.0000,0.0000
0.0000,0.0000
0.0000,0.0000
0.0000,0.0000
0.0000,0.0000
0.0000,0.0000
0.0000,0.0000
0.0000,0.0000
0.0000,0.0000
0.0000,0.0000
0.0000,0.0000
0.0000,0.0000
0.0000,0.0000
0.0000,0.0000
0.0000,0.0000
0.0000,0.0000
0.0000,0.0000
0.0000,0.0000
0.0000,0.0000
0.0000,0.0000
0.0000,0.0000
0.0000,0.0000
0.0000,0.0000
0.0000,0.0000
0.0000,0.0000
0.0000,0.0000
0.0000,0.0000
0.0000,0.0000
0.0000,0.0000
0.0000,0.0000
0.0000,0.0000
0.0000,0.0000
0.0000,0.0000
0.0000,0.0000
0.0000,0.0000
0.0000,0.0000
0.0000,0.0000
0.0000,0.0000
0.0000,0.0000
0.0000,0.0000
0.0000,0.0000
0.0000,0.0000
0.0000,0.0000
0.0000,0.0000
0.0000,0.0000
0.0000,0.0000
0.0000,0.0000
0.0000,0.0000
0.0000,0.0000
0.0000,0.0000
0.0000,0.0000
0.0000,0.0000
0.0000,0.0000
0.0000,0.0000
0.0000,0.0000
0.0000,0.0000
0.0000,0.0000
0.0000,0.0000
0.0000,0.0000
0.0000,0.0000
0.0000,0.0000
0.0000,0.0000
0.0000,0.0000
0.0000,0.0000
0.0000,0.0000
0.0000,0.0000
0.0000,0.0000
0.0000,0.0000
0.0000,0.0000
0.0000,0.0000
0.0000,0.0000
0.0000,0.0000
0.0000,0.0000
0.0000,0.0000
0.0000,0.0000
0.0000,0.0000
0.0000,0.0000
0.0000,0.0000
0.0000,0.0000
0.0000,0.0000
0.0000,0.0000
0.0000,0.0000
0.0000,0.0000
0.0000,0.0000
0.0000,0.0000
0.0000,0.0000
0.0000,0.0000
0.0000,0.0000
0.0000,0.0000
0.0000,0.0000
0.0000,0.0000
0.0000,0.0000
0.0000,0.0000
0.0000,0.0000
0.0000,0.0000
0.0000,0.0000
0.0000,0.0000
0.0000,0.0000
0.0000,0.0000
0.0000,0.0000
0.0000,0.0000
0.0000,0.0000
0.0000,0.0000
0.0000,0.0000
0.0000,0.0000
0.0000,0.0000
0.0000,0.0000
0.0000,0.0000
0.0000,0.0000
0.0000,0.0000
0.0000,0.0000
0.0000,0.0000
0.0000,0.0000
0.0000,0.0000
0.0000,0.0000
0.0000,0.0000
0.0000,0.0000
0.0000,0.0000
0.0000,0.0000
0.0000,0.0000
0.0000,0.0000
0.0000,0.0000
0.0000,0.0000
0.0000,0.0000
0.0000,0.0000
0.0000,0.0000
0.0000,0.0000
0.0000,0.0000
0.0000,0.0000
0.0000,0.0000
0.0000,0.0000
0.0000,0.0000
0.0000,0.0000
0.0000,0.0000
0.0000,0.0000
0.0000,0.0000
0.0000,0.0000
0.0000,0.0000
0.0000,0.0000
0.0000,0.0000
0.0000,0.0000
0.0000,0.0000
0.0000,0.0000
0.0000,0.0000
0.0000,0.0000
0.0000,0.0000
0.0000,0.0000
0.0000,0.0000
0.0000,0.0000
0.0000,0.0000
0.0000,0.0000
0.0000,0.0000
0.0000,0.0000
0.0000,0.0000
0.0000,0.0000
0.0000,0.0000
0.0000,0.0000
0.0000,0.0000
0.0000,0.0000
0.0000,0.0000
0.0000,0.0000
0.0000,0.0000
0.0000,0.0000
0.0000,0.0000
0.0000,0.0000
0.0000,0.0000
0.0000,0.0000
0.0000,0.0000
0.0000,0.0000
0.0000,0.0000
0.0000,0.0000
0.0000,0.0000
0.0000,0.0000
0.0000,0.0000
0.0000,0.0000
0.0000,0.0000
0.0000,0.0000
0.0000,0.0000
0.0000,0.0000
0.0000,0.0000
0.0000,0.0000
0.0000,0.0000
0.0000,0.0000
0.0000,0.0000
0.0000,0.0000
0.0000,0.0000
0.0000,0.0000
0.0000,0.0000
0.0000,0.0000
0.0000,0.0000
0.0000,0.0000
0.0000,0.0000
0.0000,0.0000
0.0000,0.0000
0.0000,0.0000
0.0000,0.0000
0.0000,0.0000
0.0000,0.0000
0.0000,0.0000
0.0000,0.0000
0.0000,0.0000
0.0000,0.0000
0.0000,0.0000
0.0000,0.0000
0.0000,0.0000
0.0000,0.0000
0.0000,0.0000
0.0000,0.0000
0.0000,0.0000
0.0000,0.0000
0.0000,0.0000
0.0000,0.0000
0.0000,0.0000
0.0000,0.0000
0.0000,0.0000
0.0000,0.0000
0.0000,0.0000
0.0000,0.0000
0.0000,0.0000
0.0000,0.0000
0.0000,0.0000
0.0000,0.0000
0.0000,0.0000
0.0000,0.0000
0.0000,0.0000
0.0000,0.0000
0.0000,0.0000
0.0000,0.0000
0.0000,0.0000
0.0000,0.0000
0.0000,0.0000
0.0000,0.0000
0.0000,0.0000
0.0000,0.0000
0.0000,0.0000
0.0000,0.0000
0.0000,0.0000
0.0000,0.0000
0.0000,0.0000
0.0000,0.0000
0.0000,0.0000
0.0000,0.0000
0.0000,0.0000
0.0000,0.0000
0.0000,0.0000
0.0000,0.0000
0.0000,0.0000
0.0000,0.0000
0.0000,0.0000
0.0000,0.0000
0.0000,0.0000
0.0000,0.0000
0.0000,0.0000
0.0000,0.0000
0.0000,0.0000
0.0000,0.0000
0.0000,0.0000
0.0000,0.0000
0.0000,0.0000
0.0000,0.0000
0.0000,0.0000
0.0000,0.0000
0.0000,0.0000
0.0000,0.0000
0.0000,0.0000
0.0000,0.0000
0.0000,0.0000
0.0000,0.0000
0.0000,0.0000
0.0000,0.0000
0.0000,0.0000
0.0000,0.0000
0.0000,0.0000
0.0000,0.0000
0.0000,0.0000
0.0000,0.0000
0.0000,0.0000
0.0000,0.0000
0.0000,0.0000
0.0000,0.0000
0.0000,0.0000
0.0000,0.0000
0.0000,0.0000
0.0000,0.0000
0.0000,0.0000
0.0000,0.0000
0.0000,0.0000
0.0000,0.0000
0.0000,0.0000
0.0000,0.0000
0.0000,0.0000
0.0000,0.0000
0.0000,0.0000
0.0000,0.0000
0.0000,0.0000
0.0000,0.0000
0.0000,0.0000
0.0000,0.0000
0.0000,0.0000
0.0000,0.0000
0.0000,0.0000
0.0000,0.0000
0.0000,0.0000
0.0000,0.0000
0.0000,0.0000
0.0000,0.0000
0.0000,0.0000
0.0000,0.0000
0.0000,0.0000
0.0000,0.0000
0.0000,0.0000
0.0000,0.0000
0.0000,0.0000
0.0000,0.0000
0.0000,0.0000
0.0000,0.0000
0.0000,0.0000
0.0000,0.0000
0.0000,0.0000
0.0000,0.0000
0.0000,0.0000
0.0000,0.0000
0.0000,0.0000
0.0000,0.0000
0.0000,0.0000
0.0000,0.0000
0.0000,0.0000
0.0000,0.0000
0.0000,0.0000
0.0000,0.0000
0.0000,0.0000
0.0000,0.0000
0.0000,0.0000
0.0000,0.0000
0.0000,0.0000
0.0000,0.0000
0.0000,0.0000
0.0000,0.0000
0.0000,0.0000
0.0000,0.0000
0.0000,0.0000
0.0000,0.0000
0.0000,0.0000
0.0000,0.0000
0.0000,0.0000
0.0000,0.0000
0.0000,0.0000
0.0000,0.0000
0.0000,0.0000
0.0000,0.0000
0.0000,0.0000
0.0000,0.0000
0.0000,0.0000
0.0000,0.0000
0.0000,0.0000
0.0000,0.0000
0.0000,0.0000
0.0000,0.0000
0.0000,0.0000
0.0000,0.0000
0.0000,0.0000
0.0000,0.0000
0.0000,0.0000
0.0000,0.0000
0.0000,0.0000
0.0000,0.0000
0.0000,0.0000
0.0000,0.0000
0.0000,0.0000
0.0000,0.0000
0.0000,0.0000
0.0000,0.0000
0.0000,0.0000
0.0000,0.0000
0.0000,0.0000
0.0000,0.0000
0.0000,0.0000
0.0000,0.0000
0.0000,0.0000
0.0000,0.0000
0.0000,0.0000
0.0000,0.0000
0.0000,0.0000
0.0000,0.0000
0.0000,0.0000
0.0000,0.0000
0.0000,0.0000
0.0000,0.0000
0.0000,0.0000
0.0000,0.0000
0.0000,0.0000
0.0000,0.0000
0.0000,0.0000
0.0000,0.0000
0.0000,0.0000
0.0000,0.0000
0.0000,0.0000
0.0000,0.0000
0.0000,0.0000
0.0000,0.0000
0.0000,0.0000
0.0000,0.0000
0.0000,0.0000
0.0000,0.0000
0.0000,0.0000
0.0000,0.0000
0.0000,0.0000
0.0000,0.0000
0.0000,0.0000
0.0000,0.0000
0.0000,0.0000
0.0000,0.0000
0.0000,0.0000
0.0000,0.0000
0.0000,0.0000
0.0000,0.0000
0.0000,0.0000
0.0000,0.0000
0.0000,0.0000
0.0000,0.0000
0.0000,0.0000
0.0000,0.0000
0.0000,0.0000
0.0000,0.0000
0.0000,0.0000
0.0000,0.0000
0.0000,0.0000
0.0000,0.0000
0.0000,0.0000
0.0000,0.0000
0.0000,0.0000
0.0000,0.0000
0.0000,0.0000
0.0000,0.0000
0.0000,0.0000
0.0000,0.0000
0.0000,0.0000
0.0000,0.0000
0.0000,0.0000
0.0000,0.0000
0.0000,0.0000
0.0000,0.0000
0.0000,0.0000
0.0000,0.0000
0.0000,0.0000
0.0000,0.0000
0.0000,0.0000
0.0000,0.0000
0.0000,0.0000
0.0000,0.0000
0.0000,0.0000
0.0000,0.0000
0.0000,0.0000
0.0000,0.0000
0.0000,0.0000
0.0000,0.0000
0.0000,0.0000
0.0000,0.0000
0.0000,0.0000
0.0000,0.0000
0.0000,0.0000
0.0000,0.0000
0.0000,0.0000
0.0000,0.0000
0.0000,0.0000
0.0000,0.0000
0.0000,0.0000
0.0000,0.0000
0.0000,0.0000
0.0000,0.0000
0.0000,0.0000
0.0000,0.0000
0.0000,0.0000
0.0000,0.0000
0.0000,0.0000
0.0000,0.0000
0.0000,0.0000
0.0000,0.0000
0.0000,0.0000
0.0000,0.0000
0.0000,0.0000
0.0000,0.0000
0.0000,0.0000
0.0000,0.0000
0.0000,0.0000
0.0000,0.0000
0.0000,0.0000
0.0000,0.0000
0.0000,0.0000
0.0000,0.0000
0.0000,0.0000
0.0000,0.0000
0.0000,0.0000
0.0000,0.0000
0.0000,0.0000
0.0000,0.0000
0.0000,0.0000
0.0000,0.0000
0.0000,0.0000
0.0000,0.0000
0.0000,0.0000
0.0000,0.0000
0.0000,0.0000
0.0000,0.0000
0.0000,0.0000
0.0000,0.0000
0.0000,0.0000
0.0000,0.0000
0.0000,0.0000
0.0000,0.0000
0.0000,0.0000
0.0000,0.0000
0.0000,0.0000
0.0000,0.0000
0.0000,0.0000
0.0000,0.0000
0.0000,0.0000
0.0000,0.0000
0.0000,0.0000
0.0000,0.0000
0.0000,0.0000
0.0000,0.0000
0.0000,0.0000
0.0000,0.0000
0.0000,0.0000
0.0000,0.0000
0.0000,0.0000
0.0000,0.0000
0.0000,0.0000
0.0000,0.0000
0.0000,0.0000
0.0000,0.0000
0.0000,0.0000
0.0000,0.0000
0.0000,0.0000
0.0000,0.0000
0.0000,0.0000
0.0000,0.0000
0.0000,0.0000
0.0000,0.0000
0.0000,0.0000
0.0000,0.0000
0.0000,0.0000
0.0000,0.0000
0.0000,0.0000
0.0000,0.0000
0.0000,0.0000
0.0000,0.0000
0.0000,0.0000
0.0000,0.0000
0.0000,0.0000
0.0000,0.0000
0.0000,0.0000
0.0000,0.0000
0.0000,0.0000
0.0000,0.0000
0.0000,0.0000
0.0000,0.0000
0.0000,0.0000
0.0000,0.0000
0.0000,0.0000
0.0000,0.0000
0.0000,0.0000
0.0000,0.0000
0.0000,0.0000
0.0000,0.0000
0.0000,0.0000
0.0000,0.0000
0.0000,0.0000
0.0000,0.0000
0.0000,0.0000
0.0000,0.0000
0.0000,0.0000
0.0000,0.0000
0.0000,0.0000
0.0000,0.0000
0.0000,0.0000
0.0000,0.0000
0.0000,0.0000
0.0000,0.0000
0.0000,0.0000
0.0000,0.0000
0.0000,0.0000
0.0000,0.0000
0.0000,0.0000
0.0000,0.0000
0.0000,0.0000
0.0000,0.0000
0.0000,0.0000
0.0000,0.0000
0.0000,0.0000
0.0000,0.0000
0.0000,0.0000
0.0000,0.0000
0.0000,0.0000
0.0000,0.0000
0.0000,0.0000
0.0000,0.0000
0.0000,0.0000
0.0000,0.0000
0.0000,0.0000
0.0000,0.0000
0.0000,0.0000
0.0000,0.0000
0.0000,0.0000
0.0000,0.0000
0.0000,0.0000
0.0000,0.0000
0.0000,0.0000
0.0000,0.0000
0.0000,0.0000
0.0000,0.0000
0.0000,0.0000
0.0000,0.0000
0.0000,0.0000
0.0000,0.0000
0.0000,0.0000
0.0000,0.0000
0.0000,0.0000
0.0000,0.0000
0.0000,0.0000
0.0000,0.0000
0.0000,0.0000
0.0000,0.0000
0.0000,0.0000
0.0000,0.0000
0.0000,0.0000
0.0000,0.0000
0.0000,0.0000
0.0000,0.0000
0.0000,0.0000
0.0000,0.0000
0.0000,0.0000
0.0000,0.0000
0.0000,0.0000
0.0000,0.0000
0.0000,0.0000
0.0000,0.0000
0.0000,0.0000
0.0000,0.0000
0.0000,0.0000
0.0000,0.0000
0.0000,0.0000
0.0000,0.0000
0.0000,0.0000
0.0000,0.0000
0.0000,0.0000
0.0000,0.0000
0.0000,0.0000
0.0000,0.0000
0.0000,0.0000
0.0000,0.0000
0.0000,0.0000
0.0000,0.0000
0.0000,0.0000
0.0000,0.0000
0.0000,0.0000
0.0000,0.0000
0.0000,0.0000
0.0000,0.0000
0.0000,0.0000
0.0000,0.0000
0.0000,0.0000
0.0000,0.0000
0.0000,0.0000
0.0000,0.0000
0.0000,0.0000
0.0000,0.0000
0.0000,0.0000
0.0000,0.0000
0.0000,0.0000
0.0000,0.0000
0.0000,0.0000
0.0000,0.0000
0.0000,0.0000
0.0000,0.0000
0.0000,0.0000
0.0000,0.0000
0.0000,0.0000
0.0000,0.0000
0.0000,0.0000
0.0000,0.0000
0.0000,0.0000
0.0000,0.0000
0.0000,0.0000
0.0000,0.0000
0.0000,0.0000
0.0000,0.0000
0.0000,0.0000
0.0000,0.0000
0.0000,0.0000
0.0000,0.0000
0.0000,0.0000
0.0000,0.0000
0.0000,0.0000
0.0000,0.0000
0.0000,0.0000
0.0000,0.0000
0.0000,0.0000
0.0000,0.0000
0.0000,0.0000
0.0000,0.0000
0.0000,0.0000
0.0000,0.0000
0.0000,0.0000
0.0000,0.0000
0.0000,0.0000
0.0000,0.0000
0.0000,0.0000
0.0000,0.0000
0.0000,0.0000
0.0000,0.0000
0.0000,0.0000
0.0000,0.0000
0.0000,0.0000
0.0000,0.0000
0.0000,0.0000
0.0000,0.0000
0.0000,0.0000
0.0000,0.0000
0.0000,0.0000
0.0000,0.0000
0.0000,0.0000
0.0000,0.0000
0.0000,0.0000
0.0000,0.0000
0.0000,0.0000
0.0000,0.0000
0.0000,0.0000
0.0000,0.0000
0.0000,0.0000
0.0000,0.0000
0.0000,0.0000
0.0000,0.0000
0.0000,0.0000
0.0000,0.0000
0.0000,0.0000
0.0000,0.0000
0.0000,0.0000
0.0000,0.0000
0.0000,0.0000
0.0000,0.0000
0.0000,0.0000
0.0000,0.0000
0.0000,0.0000
0.0000,0.0000
0.0000,0.0000
0.0000,0.0000
0.0000,0.0000
0.0000,0.0000
0.0000,0.0000
0.0000,0.0000
0.0000,0.0000
0.0000,0.0000
0.0000,0.0000
0.0000,0.0000
0.0000,0.0000
0.0000,0.0000
0.0000,0.0000
0.0000,0.0000
0.0000,0.0000
0.0000,0.0000
0.0000,0.0000
0.0000,0.0000
0.0000,0.0000
0.0000,0.0000
0.0000,0.0000
0.0000,0.0000
0.0000,0.0000
0.0000,0.0000
0.0000,0.0000
0.0000,0.0000
0.0000,0.0000
0.0000,0.0000
0.0000,0.0000
0.0000,0.0000
0.0000,0.0000
0.0000,0.0000
0.0000,0.0000
0.0000,0.0000
0.0000,0.0000
0.0000,0.0000
0.0000,0.0000
0.0000,0.0000
0.0000,0.0000
0.0000,0.0000
0.0000,0.0000
0.0000,0.0000
0.0000,0.0000
0.0000,0.0000
0.0000,0.0000
0.0000,0.0000
0.0000,0.0000
0.0000,0.0000
0.0000,0.0000
0.0000,0.0000
0.0000,0.0000
0.0000,0.0000
0.0000,0.0000
0.0000,0.0000
0.0000,0.0000
0.0000,0.0000
0.0000,0.0000
0.0000,0.0000
0.0000,0.0000
0.0000,0.0000
0.0000,0.0000
0.0000,0.0000
0.0000,0.0000
0.0000,0.0000
0.0000,0.0000
0.0000,0.0000
0.0000,0.0000
0.0000,0.0000
0.0000,0.0000
0.0000,0.0000
0.0000,0.0000
0.0000,0.0000
0.0000,0.0000
0.0000,0.0000
0.0000,0.0000
0.0000,0.0000
0.0000,0.0000
0.0000,0.0000
0.0000,0.0000
0.0000,0.0000
0.0000,0.0000
0.0000,0.0000
0.0000,0.0000
0.0000,0.0000
0.0000,0.0000
0.0000,0.0000
0.0000,0.0000
0.0000,0.0000
0.0000,0.0000
0.0000,0.0000
0.0000,0.0000
0.0000,0.0000
0.0000,0.0000
0.0000,0.0000
0.0000,0.0000
0.0000,0.0000
0.0000,0.0000
0.0000,0.0000
0.0000,0.0000
0.0000,0.0000
0.0000,0.0000
0.0000,0.0000
0.0000,0.0000
0.0000,0.0000
0.0000,0.0000
0.0000,0.0000
0.0000,0.0000
0.0000,0.0000
0.0000,0.0000
0.0000,0.0000
0.0000,0.0000
0.0000,0.0000
0.0000,0.0000
0.0000,0.0000
0.0000,0.0000
0.0000,0.0000
0.0000,0.0000
0.0000,0.0000
0.0000,0.0000
0.0000,0.0000
0.0000,0.0000
0.0000,0.0000
0.0000,0.0000
0.0000,0.0000
0.0000,0.0000
0.0000,0.0000
0.0000,0.0000
0.0000,0.0000
0.0000,0.0000
0.0000,0.0000
0.0000,0.0000
0.0000,0.0000
0.0000,0.0000
0.0000,0.0000
0.0000,0.0000
0.0000,0.0000
0.0000,0.0000
0.0000,0.0000
0.0000,0.0000
0.0000,0.0000
0.0000,0.0000
0.0000,0.0000
0.0000,0.0000
0.0000,0.0000
0.0000,0.0000
0.0000,0.0000
0.0000,0.0000
0.0000,0.0000
0.0000,0.0000
0.0000,0.0000
0.0000,0.0000
0.0000,0.0000
0.0000,0.0000
0.0000,0.0000
0.0000,0.0000
0.0000,0.0000
0.0000,0.0000
0.0000,0.0000
0.0000,0.0000
0.0000,0.0000
0.0000,0.0000
0.0000,0.0000
0.0000,0.0000
0.0000,0.0000
0.0000,0.0000
0.0000,0.0000
0.0000,0.0000
0.0000,0.0000
0.0000,0.0000
0.0000,0.0000
0.0000,0.0000
0.0000,0.0000
0.0000,0.0000
0.0000,0.0000
-2.1512
-2.0420
-1.6694
-1.6669
-1.5210
-1.1874
-1.1486
-1.1480
-1.1253
-1.0880
-1.0623
-1.0596
-1.0460
-1.0026
-0.9913
-0.9519
-0.9278
-0.8879
-0.8786
-0.8754
-0.8736
-0.8736
-0.8611
-0.8390
-0.8245
-0.8194
-0.8168
-0.8037
-0.7990
-0.7810
-0.7777
-0.7768
-0.7487
-0.7195
-0.7050
-0.6975
-0.6904
-0.6888
-0.6763
-0.6698
-0.6689
-0.6519
-0.6496
-0.6478
-0.6313
-0.6298
-0.6112
-0.6082
-0.6077
-0.5964
-0.5956
-0.5558
-0.5540
-0.5508
-0.5404
-0.5363
-0.5362
-0.5347
-0.5194
-0.4855
-0.4834
-0.4706
-0.4668
-0.4576
-0.4518
-0.4508
-0.4478
-0.4469
-0.4413
-0.4404
-0.4315
-0.4272
-0.4226
-0.4212
-0.4184
-0.4170
-0.4166
-0.4059
-0.4043
-0.4007
-0.3855
-0.3850
-0.3676
-0.3657
-0.3655
-0.3631
-0.3607
-0.3593
-0.3563
-0.3542
-0.3477
-0.3464
-0.3423
-0.3375
-0.3142
-0.3085
-0.3060
-0.2962
-0.2877
-0.2798
-0.2778
-0.2754
-0.2726
-0.2704
-0.2689
-0.2685
-0.2669
-0.2660
-0.2658
-0.2623
-0.2621
-0.2601
-0.2560
-0.2552
-0.2521
-0.2513
-0.2459
-0.2429
-0.2429
-0.2415
-0.2381
-0.2324
-0.2276
-0.2239
-0.2169
-0.2098
-0.2086
-0.2083
-0.2021
-0.2016
-0.1942
-0.1897
-0.1847
-0.1834
-0.1759
-0.1747
-0.1704
-0.1693
-0.1654
-0.1580
-0.1580
-0.1556
-0.1520
-0.1452
-0.1424
-0.1418
-0.1378
-0.1376
-0.1355
-0.1287
-0.1276
-0.1235
-0.1215
-0.1090
-0.1066
-0.1050
-0.1037
-0.1012
-0.0990
-0.0957
-0.0957
-0.0935
-0.0931
-0.0875
-0.0872
-0.0865
-0.0822
-0.0809
-0.0764
-0.0701
-0.0631
-0.0538
-0.0496
-0.0495
-0.0490
-0.0414
-0.0360
-0.0336
-0.0267
-0.0259
-0.0235
-0.0096
-0.0017
-0.0010
0.0030
0.0038
0.0062
0.0073
0.0178
0.0202
0.0243
0.0249
0.0400
0.0422
0.0510
0.0511
0.0536
0.0624
0.0681
0.0686
0.0704
0.0722
0.0746
0.0777
0.0881
0.0887
0.0901
0.0945
0.0958
0.0970
0.0989
0.0994
0.1028
0.1120
0.1140
0.1173
0.1173
0.1201
0.1219
0.1244
0.1278
0.1290
0.1308
0.1350
0.1425
0.1435
0.1468
0.1470
0.1594
0.1653
0.1659
0.1670
0.1718
0.1724
0.1769
0.1770
0.1865
0.1899
0.1901
0.1940
0.1979
0.1999
0.2004
0.2059
0.2064
0.2078
0.2222
0.2228
0.2274
0.2307
0.2350
0.2406
0.2433
0.2488
0.2514
0.2523
0.2558
0.2612
0.2644
0.2667
0.2670
0.2695
0.2725
0.2736
0.2774
0.2799
0.2818
0.2838
0.2840
0.2845
0.2852
0.2855
0.2921
0.2984
0.2992
0.3041
0.3075
0.3096
0.3109
0.3165
0.3186
0.3192
0.3255
0.3258
0.3264
0.3279
0.3284
0.3309
0.3353
0.3369
0.3393
0.3445
0.3475
0.3482
0.3491
0.3500
0.3571
0.3572
0.3598
0.3606
0.3626
0.3703
0.3705
0.3718
0.3723
0.3757
0.3829
0.3842
0.3868
0.3923
0.3932
0.4014
0.4039
0.4054
0.4067
0.4080
0.4096
0.4117
0.4129
0.4154
0.4213
0.4219
0.4223
0.4246
0.4248
0.4279
0.4289
0.4313
0.4329
0.4351
0.4376
0.4413
0.4424
0.4433
0.4461
0.4494
0.4513
0.4532
0.4555
0.4564
0.4634
0.4675
0.4711
0.4754
0.4764
0.4765
0.4786
0.4796
0.4821
0.4841
0.4885
0.4943
0.4966
0.5023
0.5029
0.5106
0.5131
0.5153
0.5168
0.5182
0.5235
0.5253
0.5305
0.5343
0.5365
0.5516
0.5531
0.5536
0.5548
0.5563
0.5602
0.5604
0.5608
0.5615
0.5646
0.5657
0.5664
0.5672
0.5708
0.5711
0.5737
0.5771
0.5783
0.5808
0.5809
0.5817
0.5830
0.5833
0.5842
0.5876
0.5877
0.5883
0.5916
0.5981
0.5986
0.6084
0.6129
0.6184
0.6227
0.6265
0.6287
0.6296
0.6341
0.6342
0.6381
0.6383
0.6395
0.6407
0.6412
0.6431
0.6431
0.6471
0.6495
0.6505
0.6520
0.6525
0.6540
0.6570
0.6601
0.6607
0.6638
0.6663
0.6695
0.6710
0.6715
0.6746
0.6755
0.6830
0.6850
0.6851
0.6856
0.6865
0.6894
0.6909
0.6968
0.6994
0.6995
0.7001
0.7016
0.7018
0.7106
0.7125
0.7131
0.7207
0.7213
0.7241
0.7243
0.7253
0.7258
0.7259
0.7313
0.7324
0.7324
0.7388
0.7425
0.7469
0.7474
0.7509
0.7522
0.7531
0.7688
0.7699
0.7740
0.7746
0.7813
0.7817
0.7831
0.7843
0.7918
0.7934
0.7947
0.7989
0.7998
0.8008
0.8020
0.8027
0.8032
0.8080
0.8083
0.8091
0.8096
0.8107
0.8116
0.8130
0.8151
0.8221
0.8296
0.8306
0.8311
0.8348
0.8362
0.8375
0.8412
0.8455
0.8458
0.8461
0.8477
0.8485
0.8486
0.8521
0.8610
0.8652
0.8692
0.8760
0.8813
0.8875
0.8909
0.8914
0.8952
0.8969
0.8975
0.9135
0.9179
0.9219
0.9269
0.9322
0.9325
0.9330
0.9342
0.9351
0.9380
0.9399
0.9428
0.9516
0.9560
0.9563
0.9577
0.9595
0.9660
0.9663
0.9700
0.9735
0.9765
0.9776
0.9793
0.9862
0.9870
0.9909
0.9981
0.9982
1.0001
1.0008
1.0042
1.0052
1.0068
1.0073
1.0078
1.0098
1.0117
1.0118
1.0133
1.0198
1.0228
1.0241
1.0243
1.0297
1.0316
1.0338
1.0346
1.0350
1.0351
1.0369
1.0424
1.0425
1.0432
1.0447
1.0468
1.0487
1.0535
1.0554
1.0561
1.0574
1.0589
1.0667
1.0715
1.0720
1.0751
1.0771
1.0792
1.0810
1.0853
1.0904
1.0965
1.1004
1.1034
1.1039
1.1057
1.1203
1.1223
1.1232
1.1236
1.1240
1.1265
1.1293
1.1321
1.1334
1.1392
1.1468
1.1472
1.1494
1.1513
1.1530
1.1555
1.1571
1.1617
1.1642
1.1740
1.1763
1.1775
1.1812
1.1824
1.1842
1.1877
1.1894
1.1900
1.1949
1.1954
1.1977
1.2011
1.2035
1.2039
1.2088
1.2103
1.2107
1.2167
1.2216
1.2231
1.2267
1.2317
1.2324
1.2343
1.2389
1.2408
1.2471
1.2508
1.2565
1.2572
1.2602
1.2668
1.2757
1.2761
1.2775
1.2779
1.2879
1.2932
1.2932
1.2997
1.3012
1.3037
1.3067
1.3181
1.3226
1.3295
1.3296
1.3300
1.3310
1.3321
1.3329
1.3400
1.3505
1.3563
1.3582
1.3596
1.3606
1.3625
1.3682
1.3697
1.3730
1.3762
1.3793
1.3793
1.3796
1.3805
1.3846
1.3872
1.3880
1.3898
1.3909
1.4048
1.4066
1.4091
1.4097
1.4159
1.4161
1.4165
1.4187
1.4217
1.4221
1.4280
1.4297
1.4339
1.4378
1.4382
1.4403
1.4415
1.4420
1.4473
1.4479
1.4496
1.4636
1.4641
1.4653
1.4671
1.4677
1.4682
1.4710
1.4721
1.4778
1.4789
1.4829
1.4866
1.4919
1.4952
1.4994
1.4998
1.5038
1.5056
1.5115
1.5128
1.5171
1.5203
1.5211
1.5217
1.5235
1.5247
1.5310
1.5312
1.5342
1.5366
1.5414
1.5421
1.5462
1.5486
1.5498
1.5527
1.5545
1.5549
1.5559
1.5675
1.5681
1.5683
1.5769
1.5801
1.5882
1.5893
1.5945
1.5977
1.6027
1.6035
1.6076
1.6079
1.6086
1.6154
1.6176
1.6228
1.6335
1.6337
1.6346
1.6380
1.6395
1.6427
1.6434
1.6521
1.6604
1.6660
1.6695
1.6726
1.6729
1.6888
1.6905
1.6928
1.6933
1.6947
1.6951
1.6952
1.6976
1.6999
1.7063
1.7077
1.7082
1.7089
1.7095
1.7098
1.7135
1.7136
1.7206
1.7251
1.7313
1.7422
1.7456
1.7484
1.7605
1.7624
1.7629
1.7673
1.7814
1.7839
1.7846
1.7906
1.7908
1.7918
1.7920
1.7975
1.8024
1.8047
1.8060
1.8087
1.8100
1.8124
1.8129
1.8146
1.8273
1.8299
1.8311
1.8334
1.8355
1.8376
1.8443
1.8563
1.8619
1.8650
1.8679
1.8767
1.8869
1.8900
1.8902
1.8994
1.9069
1.9073
1.9163
1.9256
1.9494
1.9512
1.9532
1.9573
1.9625
1.9708
1.9712
1.9779
1.9807
1.9842
1.9856
1.9875
1.9954
2.0012
2.0107
2.0111
2.0187
2.0300
2.0371
2.0498
2.0500
2.0582
2.0663
2.0686
2.0694
2.0737
2.0764
2.0874
2.0906
2.0918
2.0967
2.0992
2.1011
2.1099
2.1233
2.1270
2.1322
2.1336
2.1575
2.1623
2.1672
2.1692
2.1760
2.1934
2.1973
2.2092
2.2157
2.2191
2.2353
2.2417
2.2473
2.2626
2.2630
2.2633
2.2803
2.2917
2.2919
2.2940
2.2997
2.3015
2.3156
2.3181
2.3250
2.3259
2.3266
2.3363
2.3369
2.3380
2.3385
2.3414
2.3459
2.3467
2.3475
2.3554
2.3610
2.3636
2.3716
2.3764
2.3815
2.4044
2.4067
2.4132
2.4169
2.4187
2.4207
2.4225
2.4231
2.4463
2.4557
2.4593
2.4772
2.4859
2.4933
2.5020
2.5062
2.5095
2.5193
2.5299
2.5303
2.5342
2.5345
2.5552
2.5593
2.5651
2.5679
2.5707
2.5793
2.5857
2.5916
2.5945
2.6191
2.6323
2.6484
2.6941
2.7021
2.7154
2.7415
2.7515
2.7636
2.7759
2.7959
2.8193
2.8214
2.8386
2.8395
2.8443
2.8501
2.8532
2.8657
2.8679
2.9087
2.9133
2.9413
2.9414
2.9497
2.9584
2.9802
2.9864
2.9889
3.0204
3.0376
3.0464
3.0637
3.0663
3.0674
3.0742
3.0750
3.1128
3.1144
3.1193
3.1487
3.1649
3.2283
3.2568
3.2632
3.2891
3.3055
3.3694
3.3968
3.4386
3.4794
3.6128
3.6425
3.7430
3.8694
4.2863
4.7149
5.2735
5.7368
