1000
1000
-1.5572,0.1969
-1.4617,0.1920
-1.2505,0.1452
-1.1025,0.1339
-0.9931,0.1297
-0.9091,0.1274
-0.8426,0.1252
-0.7874,0.1227
-0.7406,0.1195
-0.7009,0.1166
-0.6666,0.1140
-0.6368,0.1117
-0.6105,0.1095
-0.5870,0.1074
-0.5660,0.1056
-0.5472,0.1041
-0.5302,0.1025
-0.5146,0.1011
-0.5004,0.0998
-0.4872,0.0985
-0.4751,0.0973
-0.4637,0.0964
-0.4531,0.0952
-0.4431,0.0940
-0.4336,0.0926
-0.4246,0.0913
-0.4162,0.0901
-0.4081,0.0888
-0.4005,0.0876
-0.3932,0.0864
-0.3863,0.0853
-0.3797,0.0843
-0.3734,0.0833
-0.3674,0.0823
-0.3617,0.0813
-0.3561,0.0804
-0.3509,0.0795
-0.3459,0.0787
-0.3410,0.0779
-0.3364,0.0772
-0.3319,0.0765
-0.3277,0.0758
-0.3235,0.0752
-0.3195,0.0745
-0.3157,0.0739
-0.3119,0.0732
-0.3083,0.0726
-0.3048,0.0720
-0.3013,0.0713
-0.2980,0.0708
-0.2948,0.0702
-0.2917,0.0696
-0.2886,0.0690
-0.2857,0.0684
-0.2828,0.0679
-0.2800,0.0673
-0.2773,0.0668
-0.2747,0.0663
-0.2721,0.0658
-0.2696,0.0653
-0.2672,0.0649
-0.2648,0.0644
-0.2625,0.0640
-0.2602,0.0635
-0.2580,0.0631
-0.2558,0.0626
-0.2537,0.0622
-0.2517,0.0618
-0.2497,0.0614
-0.2477,0.0611
-0.2458,0.0607
-0.2439,0.0603
-0.2420,0.0599
-0.2402,0.0596
-0.2384,0.0592
-0.2367,0.0588
-0.2350,0.0585
-0.2333,0.0581
-0.2317,0.0577
-0.2300,0.0574
-0.2285,0.0570
-0.2269,0.0567
-0.2254,0.0564
-0.2239,0.0561
-0.2224,0.0557
-0.2210,0.0554
-0.2196,0.0551
-0.2182,0.0548
-0.2168,0.0545
-0.2155,0.0542
-0.2142,0.0539
-0.2129,0.0537
-0.2116,0.0534
-0.2103,0.0531
-0.2091,0.0528
-0.2079,0.0526
-0.2067,0.0523
-0.2055,0.0520
-0.2044,0.0518
-0.2032,0.0516
-0.2021,0.0513
-0.2010,0.0511
-0.2000,0.0509
-0.1989,0.0506
-0.1979,0.0504
-0.1968,0.0502
-0.1958,0.0500
-0.1948,0.0498
-0.1938,0.0496
-0.1929,0.0494
-0.1919,0.0492
-0.1910,0.0490
-0.1900,0.0488
-0.1891,0.0486
-0.1882,0.0484
-0.1873,0.0482
-0.1865,0.0481
-0.1856,0.0479
-0.1847,0.0477
-0.1839,0.0475
-0.1830,0.0473
-0.1822,0.0472
-0.1814,0.0470
-0.1806,0.0468
-0.1798,0.0466
-0.1790,0.0464
-0.1782,0.0463
-0.1774,0.0461
-0.1767,0.0459
-0.1759,0.0458
-0.1752,0.0456
-0.1744,0.0454
-0.1737,0.0453
-0.1730,0.0451
-0.1723,0.0450
-0.1716,0.0448
-0.1709,0.0447
-0.1702,0.0445
-0.1695,0.0444
-0.1689,0.0442
-0.1682,0.0441
-0.1675,0.0439
-0.1669,0.0438
-0.1663,0.0437
-0.1656,0.0435
-0.1650,0.0434
-0.1644,0.0433
-0.1638,0.0431
-0.1632,0.0430
-0.1626,0.0429
-0.1620,0.0427
-0.1614,0.0426
-0.1608,0.0425
-0.1603,0.0424
-0.1597,0.0422
-0.1591,0.0421
-0.1586,0.0420
-0.1580,0.0419
-0.1575,0.0417
-0.1569,0.0416
-0.1564,0.0415
-0.1559,0.0414
-0.1554,0.0413
-0.1548,0.0412
-0.1543,0.0411
-0.1538,0.0410
-0.1533,0.0408
-0.1528,0.0407
-0.1523,0.0406
-0.1518,0.0405
-0.1514,0.0404
-0.1509,0.0403
-0.1504,0.0402
-0.1499,0.0401
-0.1495,0.0400
-0.1490,0.0399
-0.1485,0.0398
-0.1481,0.0397
-0.1476,0.0396
-0.1472,0.0395
-0.1467,0.0394
-0.1463,0.0393
-0.1459,0.0392
-0.1454,0.0391
-0.1450,0.0390
-0.1446,0.0389
-0.1442,0.0388
-0.1437,0.0387
-0.1433,0.0386
-0.1429,0.0385
-0.1425,0.0384
-0.1421,0.0384
-0.1417,0.0383
-0.1413,0.0382
-0.1409,0.0381
-0.1405,0.0380
-0.1401,0.0379
-0.1397,0.0378
-0.1394,0.0377
-0.1390,0.0377
-0.1386,0.0376
-0.1382,0.0375
-0.1379,0.0374
-0.1375,0.0373
-0.1371,0.0372
-0.1368,0.0371
-0.1364,0.0370
-0.1360,0.0370
-0.1357,0.0369
-0.1353,0.0368
-0.1350,0.0367
-0.1346,0.0366
-0.1343,0.0365
-0.1339,0.0364
-0.1336,0.0364
-0.1332,0.0363
-0.1329,0.0362
-0.1326,0.0361
-0.1322,0.0360
-0.1319,0.0359
-0.1316,0.0359
-0.1313,0.0358
-0.1309,0.0357
-0.1306,0.0356
-0.1303,0.0355
-0.1300,0.0355
-0.1297,0.0354
-0.1294,0.0353
-0.1291,0.0352
-0.1287,0.0352
-0.1284,0.0351
-0.1281,0.0350
-0.1278,0.0349
-0.1275,0.0348
-0.1272,0.0348
-0.1269,0.0347
-0.1266,0.0346
-0.1264,0.0345
-0.1261,0.0345
-0.1258,0.0344
-0.1255,0.0343
-0.1252,0.0343
-0.1249,0.0342
-0.1246,0.0341
-0.1244,0.0340
-0.1241,0.0340
-0.1238,0.0339
-0.1235,0.0338
-0.1233,0.0337
-0.1230,0.0337
-0.1227,0.0336
-0.1224,0.0335
-0.1222,0.0335
-0.1219,0.0334
-0.1216,0.0333
-0.1214,0.0333
-0.1211,0.0332
-0.1209,0.0331
-0.1206,0.0330
-0.1203,0.0330
-0.1201,0.0329
-0.1198,0.0328
-0.1196,0.0328
-0.1193,0.0327
-0.1191,0.0326
-0.1188,0.0326
-0.1186,0.0325
-0.1183,0.0324
-0.1181,0.0324
-0.1179,0.0323
-0.1176,0.0322
-0.1174,0.0322
-0.1171,0.0321
-0.1169,0.0320
-0.1167,0.0320
-0.1164,0.0319
-0.1162,0.0318
-0.1160,0.0318
-0.1157,0.0317
-0.1155,0.0316
-0.1153,0.0316
-0.1150,0.0315
-0.1148,0.0314
-0.1146,0.0314
-0.1144,0.0313
-0.1141,0.0312
-0.1139,0.0312
-0.1137,0.0311
-0.1135,0.0311
-0.1133,0.0310
-0.1131,0.0309
-0.1128,0.0309
-0.1126,0.0308
-0.1124,0.0308
-0.1122,0.0307
-0.1120,0.0306
-0.1118,0.0306
-0.1116,0.0305
-0.1114,0.0305
-0.1112,0.0304
-0.1110,0.0303
-0.1108,0.0303
-0.1105,0.0302
-0.1103,0.0302
-0.1101,0.0301
-0.1099,0.0300
-0.1097,0.0300
-0.1095,0.0299
-0.1093,0.0299
-0.1092,0.0298
-0.1090,0.0298
-0.1088,0.0297
-0.1086,0.0297
-0.1084,0.0296
-0.1082,0.0295
-0.1080,0.0295
-0.1078,0.0294
-0.1076,0.0294
-0.1074,0.0293
-0.1072,0.0293
-0.1071,0.0292
-0.1069,0.0292
-0.1067,0.0291
-0.1065,0.0291
-0.1063,0.0290
-0.1061,0.0290
-0.1060,0.0289
-0.1058,0.0289
-0.1056,0.0288
-0.1054,0.0288
-0.1052,0.0287
-0.1051,0.0287
-0.1049,0.0286
-0.1047,0.0286
-0.1045,0.0285
-0.1044,0.0285
-0.1042,0.0284
-0.1040,0.0284
-0.1038,0.0283
-0.1037,0.0283
-0.1035,0.0282
-0.1033,0.0282
-0.1032,0.0281
-0.1030,0.0281
-0.1028,0.0280
-0.1027,0.0280
-0.1025,0.0279
-0.1023,0.0279
-0.1022,0.0278
-0.1020,0.0278
-0.1018,0.0277
-0.1017,0.0277
-0.1015,0.0277
-0.1014,0.0276
-0.1012,0.0276
-0.1010,0.0275
-0.1009,0.0275
-0.1007,0.0274
-0.1006,0.0274
-0.1004,0.0273
-0.1002,0.0273
-0.1001,0.0273
-0.0999,0.0272
-0.0998,0.0272
-0.0996,0.0271
-0.0995,0.0271
-0.0993,0.0270
-0.0992,0.0270
-0.0990,0.0269
-0.0989,0.0269
-0.0987,0.0269
-0.0986,0.0268
-0.0984,0.0268
-0.0983,0.0267
-0.0981,0.0267
-0.0980,0.0266
-0.0978,0.0266
-0.0977,0.0266
-0.0975,0.0265
-0.0974,0.0265
-0.0973,0.0264
-0.0971,0.0264
-0.0970,0.0264
-0.0968,0.0263
-0.0967,0.0263
-0.0966,0.0262
-0.0964,0.0262
-0.0963,0.0262
-0.0961,0.0261
-0.0960,0.0261
-0.0959,0.0260
-0.0957,0.0260
-0.0956,0.0260
-0.0954,0.0259
-0.0953,0.0259
-0.0952,0.0258
-0.0950,0.0258
-0.0949,0.0258
-0.0948,0.0257
-0.0946,0.0257
-0.0945,0.0256
-0.0944,0.0256
-0.0942,0.0256
-0.0941,0.0255
-0.0940,0.0255
-0.0938,0.0254
-0.0937,0.0254
-0.0936,0.0254
-0.0934,0.0253
-0.0933,0.0253
-0.0932,0.0252
-0.0931,0.0252
-0.0929,0.0252
-0.0928,0.0251
-0.0927,0.0251
-0.0925,0.0250
-0.0924,0.0250
-0.0923,0.0250
-0.0922,0.0249
-0.0920,0.0249
-0.0919,0.0249
-0.0918,0.0248
-0.0917,0.0248
-0.0915,0.0247
-0.0914,0.0247
-0.0913,0.0247
-0.0912,0.0246
-0.0911,0.0246
-0.0909,0.0246
-0.0908,0.0245
-0.0907,0.0245
-0.0906,0.0244
-0.0905,0.0244
-0.0903,0.0244
-0.0902,0.0243
-0.0901,0.0243
-0.0900,0.0243
-0.0899,0.0242
-0.0897,0.0242
-0.0896,0.0242
-0.0895,0.0241
-0.0894,0.0241
-0.0893,0.0241
-0.0892,0.0240
-0.0890,0.0240
-0.0889,0.0239
-0.0888,0.0239
-0.0887,0.0239
-0.0886,0.0238
-0.0885,0.0238
-0.0884,0.0238
-0.0882,0.0237
-0.0881,0.0237
-0.0880,0.0237
-0.0879,0.0236
-0.0878,0.0236
-0.0877,0.0236
-0.0876,0.0235
-0.0875,0.0235
-0.0874,0.0235
-0.0872,0.0234
-0.0871,0.0234
-0.0870,0.0234
-0.0869,0.0233
-0.0868,0.0233
-0.0867,0.0233
-0.0866,0.0232
-0.0865,0.0232
-0.0864,0.0232
-0.0863,0.0231
-0.0862,0.0231
-0.0861,0.0231
-0.0860,0.0231
-0.0859,0.0230
-0.0858,0.0230
-0.0856,0.0230
-0.0855,0.0229
-0.0854,0.0229
-0.0853,0.0229
-0.0852,0.0228
-0.0851,0.0228
-0.0850,0.0228
-0.0849,0.0227
-0.0848,0.0227
-0.0847,0.0227
-0.0846,0.0227
-0.0845,0.0226
-0.0844,0.0226
-0.0843,0.0226
-0.0842,0.0225
-0.0841,0.0225
-0.0840,0.0225
-0.0839,0.0224
-0.0838,0.0224
-0.0837,0.0224
-0.0836,0.0224
-0.0835,0.0223
-0.0834,0.0223
-0.0833,0.0223
-0.0832,0.0222
-0.0831,0.0222
-0.0830,0.0222
-0.0829,0.0222
-0.0828,0.0221
-0.0828,0.0221
-0.0827,0.0221
-0.0826,0.0220
-0.0825,0.0220
-0.0824,0.0220
-0.0823,0.0220
-0.0822,0.0219
-0.0821,0.0219
-0.0820,0.0219
-0.0819,0.0218
-0.0818,0.0218
-0.0817,0.0218
-0.0816,0.0218
-0.0815,0.0217
-0.0814,0.0217
-0.0813,0.0217
-0.0812,0.0216
-0.0812,0.0216
-0.0811,0.0216
-0.0810,0.0216
-0.0809,0.0215
-0.0808,0.0215
-0.0807,0.0215
-0.0806,0.0214
-0.0805,0.0214
-0.0804,0.0214
-0.0803,0.0214
-0.0803,0.0213
-0.0802,0.0213
-0.0801,0.0213
-0.0800,0.0213
-0.0799,0.0212
-0.0798,0.0212
-0.0797,0.0212
-0.0796,0.0211
-0.0795,0.0211
-0.0795,0.0211
-0.0794,0.0211
-0.0793,0.0210
-0.0792,0.0210
-0.0791,0.0210
-0.0790,0.0209
-0.0789,0.0209
-0.0788,0.0209
-0.0788,0.0209
-0.0787,0.0208
-0.0786,0.0208
-0.0785,0.0208
-0.0784,0.0208
-0.0783,0.0207
-0.0782,0.0207
-0.0782,0.0207
-0.0781,0.0207
-0.0780,0.0206
-0.0779,0.0206
-0.0778,0.0206
-0.0777,0.0205
-0.0777,0.0205
-0.0776,0.0205
-0.0775,0.0205
-0.0774,0.0204
-0.0773,0.0204
-0.0772,0.0204
-0.0772,0.0204
-0.0771,0.0203
-0.0770,0.0203
-0.0769,0.0203
-0.0768,0.0203
-0.0768,0.0202
-0.0767,0.0202
-0.0766,0.0202
-0.0765,0.0202
-0.0764,0.0201
-0.0764,0.0201
-0.0763,0.0201
-0.0762,0.0201
-0.0761,0.0200
-0.0760,0.0200
-0.0760,0.0200
-0.0759,0.0200
-0.0758,0.0199
-0.0757,0.0199
-0.0756,0.0199
-0.0756,0.0199
-0.0755,0.0198
-0.0754,0.0198
-0.0753,0.0198
-0.0752,0.0198
-0.0752,0.0197
-0.0751,0.0197
-0.0750,0.0197
-0.0749,0.0197
-0.0749,0.0196
-0.0748,0.0196
-0.0747,0.0196
-0.0746,0.0196
-0.0746,0.0196
-0.0745,0.0195
-0.0744,0.0195
-0.0743,0.0195
-0.0742,0.0195
-0.0742,0.0194
-0.0741,0.0194
-0.0740,0.0194
-0.0739,0.0194
-0.0739,0.0193
-0.0738,0.0193
-0.0737,0.0193
-0.0737,0.0193
-0.0736,0.0193
-0.0735,0.0192
-0.0734,0.0192
-0.0734,0.0192
-0.0733,0.0192
-0.0732,0.0191
-0.0731,0.0191
-0.0731,0.0191
-0.0730,0.0191
-0.0729,0.0191
-0.0728,0.0190
-0.0728,0.0190
-0.0727,0.0190
-0.0726,0.0190
-0.0726,0.0189
-0.0725,0.0189
-0.0724,0.0189
-0.0723,0.0189
-0.0723,0.0189
-0.0722,0.0188
-0.0721,0.0188
-0.0721,0.0188
-0.0720,0.0188
-0.0719,0.0187
-0.0718,0.0187
-0.0718,0.0187
-0.0717,0.0187
-0.0716,0.0187
-0.0716,0.0186
-0.0715,0.0186
-0.0714,0.0186
-0.0714,0.0186
-0.0713,0.0186
-0.0712,0.0185
-0.0711,0.0185
-0.0711,0.0185
-0.0710,0.0185
-0.0709,0.0185
-0.0709,0.0184
-0.0708,0.0184
-0.0707,0.0184
-0.0707,0.0184
-0.0706,0.0183
-0.0705,0.0183
-0.0705,0.0183
-0.0704,0.0183
-0.0703,0.0183
-0.0703,0.0182
-0.0702,0.0182
-0.0701,0.0182
-0.0701,0.0182
-0.0700,0.0182
-0.0699,0.0181
-0.0699,0.0181
-0.0698,0.0181
-0.0697,0.0181
-0.0697,0.0181
-0.0696,0.0180
-0.0695,0.0180
-0.0695,0.0180
-0.0694,0.0180
-0.0693,0.0180
-0.0693,0.0179
-0.0692,0.0179
-0.0691,0.0179
-0.0691,0.0179
-0.0690,0.0178
-0.0689,0.0178
-0.0689,0.0178
-0.0688,0.0178
-0.0687,0.0178
-0.0687,0.0177
-0.0686,0.0177
-0.0685,0.0177
-0.0685,0.0177
-0.0684,0.0177
-0.0683,0.0176
-0.0683,0.0176
-0.0682,0.0176
-0.0682,0.0176
-0.0681,0.0176
-0.0680,0.0175
-0.0680,0.0175
-0.0679,0.0175
-0.0678,0.0175
-0.0678,0.0175
-0.0677,0.0174
-0.0676,0.0174
-0.0676,0.0174
-0.0675,0.0174
-0.0675,0.0174
-0.0674,0.0173
-0.0673,0.0173
-0.0673,0.0173
-0.0672,0.0173
-0.0671,0.0173
-0.0671,0.0172
-0.0670,0.0172
-0.0670,0.0172
-0.0669,0.0172
-0.0668,0.0172
-0.0668,0.0171
-0.0667,0.0171
-0.0666,0.0171
-0.0666,0.0171
-0.0665,0.0171
-0.0665,0.0171
-0.0664,0.0170
-0.0663,0.0170
-0.0663,0.0170
-0.0662,0.0170
-0.0662,0.0170
-0.0661,0.0169
-0.0660,0.0169
-0.0660,0.0169
-0.0659,0.0169
-0.0659,0.0169
-0.0658,0.0168
-0.0657,0.0168
-0.0657,0.0168
-0.0656,0.0168
-0.0656,0.0168
-0.0655,0.0167
-0.0654,0.0167
-0.0654,0.0167
-0.0653,0.0167
-0.0653,0.0167
-0.0652,0.0166
-0.0651,0.0166
-0.0651,0.0166
-0.0650,0.0166
-0.0650,0.0166
-0.0649,0.0166
-0.0648,0.0165
-0.0648,0.0165
-0.0647,0.0165
-0.0647,0.0165
-0.0646,0.0165
-0.0646,0.0164
-0.0645,0.0164
-0.0644,0.0164
-0.0644,0.0164
-0.0643,0.0164
-0.0643,0.0163
-0.0642,0.0163
-0.0642,0.0163
-0.0641,0.0163
-0.0640,0.0163
-0.0640,0.0163
-0.0639,0.0162
-0.0639,0.0162
-0.0638,0.0162
-0.0638,0.0162
-0.0637,0.0162
-0.0636,0.0161
-0.0636,0.0161
-0.0635,0.0161
-0.0635,0.0161
-0.0634,0.0161
-0.0634,0.0161
-0.0633,0.0160
-0.0633,0.0160
-0.0632,0.0160
-0.0631,0.0160
-0.0631,0.0160
-0.0630,0.0159
-0.0630,0.0159
-0.0629,0.0159
-0.0629,0.0159
-0.0628,0.0159
-0.0627,0.0159
-0.0627,0.0158
-0.0626,0.0158
-0.0626,0.0158
-0.0625,0.0158
-0.0625,0.0158
-0.0624,0.0157
-0.0624,0.0157
-0.0623,0.0157
-0.0623,0.0157
-0.0622,0.0157
-0.0621,0.0157
-0.0621,0.0156
-0.0620,0.0156
-0.0620,0.0156
-0.0619,0.0156
-0.0619,0.0156
-0.0618,0.0155
-0.0618,0.0155
-0.0617,0.0155
-0.0617,0.0155
-0.0616,0.0155
-0.0615,0.0155
-0.0615,0.0154
-0.0614,0.0154
-0.0614,0.0154
-0.0613,0.0154
-0.0613,0.0154
-0.0612,0.0154
-0.0612,0.0153
-0.0611,0.0153
-0.0611,0.0153
-0.0610,0.0153
-0.0610,0.0153
-0.0609,0.0153
-0.0609,0.0152
-0.0608,0.0152
-0.0608,0.0152
-0.0607,0.0152
-0.0606,0.0152
-0.0606,0.0152
-0.0605,0.0151
-0.0605,0.0151
-0.0604,0.0151
-0.0604,0.0151
-0.0603,0.0151
-0.0603,0.0151
-0.0602,0.0150
-0.0602,0.0150
-0.0601,0.0150
-0.0601,0.0150
-0.0600,0.0150
-0.0600,0.0150
-0.0599,0.0149
-0.0599,0.0149
-0.0598,0.0149
-0.0598,0.0149
-0.0597,0.0149
-0.0597,0.0149
-0.0596,0.0148
-0.0596,0.0148
-0.0595,0.0148
-0.0595,0.0148
-0.0594,0.0148
-0.0594,0.0148
-0.0593,0.0147
-0.0593,0.0147
-0.0592,0.0147
-0.0592,0.0147
-0.0591,0.0147
-0.0591,0.0147
-0.0590,0.0146
-0.0590,0.0146
-0.0589,0.0146
-0.0589,0.0146
-0.0588,0.0146
-0.0588,0.0146
-0.0587,0.0145
-0.0587,0.0145
-0.0586,0.0145
-0.0586,0.0145
-0.0585,0.0145
-0.0585,0.0145
-0.0584,0.0145
-0.0584,0.0144
-0.0583,0.0144
-0.0583,0.0144
-0.0582,0.0144
-0.0582,0.0144
-0.0581,0.0144
-0.0581,0.0143
-0.0580,0.0143
-0.0580,0.0143
-0.0579,0.0143
-0.0579,0.0143
-0.0578,0.0143
-0.0578,0.0143
-0.0577,0.0142
-0.0577,0.0142
-0.0576,0.0142
-0.0576,0.0142
-0.0575,0.0142
-0.0575,0.0142
-0.0574,0.0142
-0.0574,0.0141
-0.0573,0.0141
-0.0573,0.0141
-0.0572,0.0141
-0.0572,0.0141
-0.0571,0.0141
-0.0571,0.0140
-0.0570,0.0140
-0.0570,0.0140
-0.0569,0.0140
-0.0569,0.0140
-0.0568,0.0140
-0.0568,0.0140
-0.0568,0.0139
-0.0567,0.0139
-0.0567,0.0139
-0.0566,0.0139
-0.0566,0.0139
-0.0565,0.0139
-0.0565,0.0139
-0.0564,0.0138
-0.0564,0.0138
-0.0563,0.0138
-0.0563,0.0138
-0.0562,0.0138
-0.0562,0.0138
-0.0561,0.0137
-0.0561,0.0137
-0.0560,0.0137
-0.0560,0.0137
-0.0559,0.0137
-0.0559,0.0137
-0.0558,0.0137
-0.0558,0.0136
-0.0558,0.0136
-0.0557,0.0136
-0.0557,0.0136
-0.0556,0.0136
-0.0556,0.0136
-0.0555,0.0136
-0.0555,0.0135
-0.0554,0.0135
-0.0554,0.0135
-0.0553,0.0135
-0.0553,0.0135
-0.0552,0.0135
-0.0552,0.0134
-0.0551,0.0134
-0.0551,0.0134
-0.0551,0.0134
-0.0550,0.0134
-0.0550,0.0134
-0.0549,0.0134
-0.0549,0.0133
-0.0548,0.0133
-0.0548,0.0133
-0.0547,0.0133
-0.0547,0.0133
-0.0546,0.0133
-0.0546,0.0133
-0.0545,0.0132
-0.0545,0.0132
-0.0545,0.0132
-0.0544,0.0132
-0.0544,0.0132
-0.0543,0.0132
-0.0543,0.0131
-0.0542,0.0131
-0.0542,0.0131
-0.0541,0.0131
-0.0541,0.0131
-0.0540,0.0131
-0.0540,0.0131
-0.0540,0.0130
-0.0539,0.0130
-0.0539,0.0130
-0.0538,0.0130
-0.0538,0.0130
-0.0537,0.0130
-0.0537,0.0130
-0.0536,0.0129
-0.0536,0.0129
-0.0535,0.0129
-0.0535,0.0129
-0.0535,0.0129
-0.0534,0.0129
-0.0534,0.0129
-0.0533,0.0128
-0.0533,0.0128
-0.0532,0.0128
-0.0532,0.0128
-0.0531,0.0128
-0.0531,0.0128
-0.0531,0.0128
-0.0530,0.0127
-0.0530,0.0127
-0.0529,0.0127
-0.0529,0.0127
-0.0528,0.0127
-0.0528,0.0127
-0.0527,0.0127
-0.0527,0.0126
-0.0527,0.0126
-0.0526,0.0126
-0.0526,0.0126
-0.0525,0.0126
-0.0525,0.0126
-0.0524,0.0126
-0.0524,0.0125
-0.0523,0.0125
-0.0523,0.0125
-0.0523,0.0125
-0.0522,0.0125
-0.5976
-0.5292
-0.3949
-0.3259
-0.2305
-0.1770
-0.1525
-0.1315
-0.0899
-0.0885
-0.0518
0.0714
0.1064
0.1117
0.1177
0.1188
0.1194
0.1384
0.1463
0.1545
0.1642
0.1768
0.1795
0.1815
0.2065
0.2411
0.2421
0.2784
0.2868
0.2981
0.3145
0.3249
0.3267
0.3374
0.3416
0.3421
0.3431
0.3493
0.3567
0.3568
0.3650
0.3763
0.3784
0.3886
0.3953
0.4039
0.4042
0.4046
0.4057
0.4081
0.4133
0.4157
0.4160
0.4169
0.4227
0.4248
0.4326
0.4342
0.4344
0.4459
0.4471
0.4494
0.4539
0.4551
0.4564
0.4614
0.4625
0.4690
0.4701
0.4740
0.4817
0.4826
0.4994
0.5062
0.5091
0.5098
0.5101
0.5117
0.5224
0.5244
0.5278
0.5316
0.5318
0.5326
0.5382
0.5384
0.5449
0.5457
0.5468
0.5489
0.5504
0.5522
0.5536
0.5545
0.5658
0.5668
0.5755
0.5771
0.5782
0.5852
0.5854
0.5928
0.5936
0.5975
0.6030
0.6087
0.6125
0.6137
0.6140
0.6177
0.6192
0.6200
0.6223
0.6241
0.6246
0.6249
0.6296
0.6308
0.6338
0.6352
0.6371
0.6453
0.6454
0.6471
0.6487
0.6516
0.6533
0.6541
0.6551
0.6580
0.6583
0.6633
0.6644
0.6701
0.6704
0.6709
0.6755
0.6761
0.6775
0.6792
0.6813
0.6830
0.6833
0.6842
0.6845
0.6868
0.6917
0.6934
0.6939
0.6949
0.6968
0.6973
0.7021
0.7029
0.7041
0.7042
0.7044
0.7072
0.7074
0.7083
0.7088
0.7099
0.7139
0.7165
0.7187
0.7198
0.7234
0.7279
0.7294
0.7321
0.7333
0.7368
0.7373
0.7410
0.7417
0.7441
0.7453
0.7505
0.7508
0.7527
0.7539
0.7540
0.7565
0.7578
0.7578
0.7605
0.7608
0.7609
0.7610
0.7651
0.7659
0.7743
0.7755
0.7763
0.7806
0.7813
0.7858
0.7904
0.7908
0.7950
0.7953
0.7996
0.8024
0.8029
0.8052
0.8063
0.8087
0.8136
0.8168
0.8183
0.8192
0.8224
0.8233
0.8254
0.8296
0.8301
0.8304
0.8393
0.8396
0.8431
0.8439
0.8441
0.8520
0.8520
0.8553
0.8570
0.8572
0.8583
0.8596
0.8638
0.8688
0.8725
0.8769
0.8805
0.8850
0.8940
0.8959
0.8971
0.9004
0.9046
0.9076
0.9077
0.9115
0.9160
0.9170
0.9210
0.9231
0.9283
0.9299
0.9313
0.9317
0.9348
0.9357
0.9406
0.9423
0.9447
0.9484
0.9498
0.9540
0.9557
0.9604
0.9613
0.9615
0.9645
0.9653
0.9655
0.9677
0.9703
0.9705
0.9721
0.9735
0.9739
0.9744
0.9760
0.9765
0.9792
0.9798
0.9805
0.9817
0.9839
0.9881
0.9893
0.9895
0.9907
0.9935
0.9942
0.9953
0.9954
0.9960
0.9990
1.0032
1.0045
1.0082
1.0131
1.0145
1.0145
1.0154
1.0171
1.0221
1.0225
1.0230
1.0233
1.0249
1.0249
1.0274
1.0297
1.0331
1.0335
1.0355
1.0404
1.0434
1.0445
1.0446
1.0470
1.0477
1.0482
1.0527
1.0528
1.0538
1.0539
1.0641
1.0646
1.0649
1.0678
1.0683
1.0690
1.0691
1.0716
1.0723
1.0726
1.0741
1.0741
1.0780
1.0796
1.0848
1.0871
1.0882
1.0888
1.0893
1.0899
1.0913
1.0925
1.0957
1.0972
1.1001
1.1010
1.1016
1.1060
1.1092
1.1095
1.1098
1.1113
1.1122
1.1127
1.1169
1.1202
1.1232
1.1268
1.1379
1.1397
1.1404
1.1413
1.1420
1.1433
1.1445
1.1473
1.1514
1.1514
1.1574
1.1584
1.1611
1.1647
1.1654
1.1659
1.1714
1.1716
1.1735
1.1762
1.1770
1.1795
1.1850
1.1854
1.1861
1.1924
1.1934
1.1986
1.1986
1.2005
1.2006
1.2015
1.2020
1.2063
1.2099
1.2107
1.2123
1.2163
1.2165
1.2182
1.2211
1.2219
1.2222
1.2248
1.2254
1.2266
1.2267
1.2306
1.2308
1.2329
1.2332
1.2335
1.2341
1.2341
1.2359
1.2416
1.2422
1.2454
1.2462
1.2476
1.2489
1.2565
1.2587
1.2601
1.2621
1.2668
1.2744
1.2763
1.2773
1.2776
1.2787
1.2794
1.2814
1.2846
1.2856
1.2859
1.2880
1.2914
1.2917
1.2932
1.2933
1.2939
1.2952
1.2980
1.2985
1.3008
1.3009
1.3011
1.3036
1.3068
1.3097
1.3111
1.3112
1.3131
1.3185
1.3196
1.3227
1.3229
1.3238
1.3256
1.3345
1.3352
1.3394
1.3414
1.3417
1.3459
1.3487
1.3487
1.3488
1.3488
1.3502
1.3534
1.3540
1.3552
1.3566
1.3577
1.3582
1.3606
1.3620
1.3628
1.3653
1.3675
1.3680
1.3700
1.3710
1.3780
1.3781
1.3789
1.3864
1.3878
1.3884
1.3943
1.3978
1.3982
1.4025
1.4030
1.4060
1.4078
1.4080
1.4087
1.4097
1.4118
1.4150
1.4169
1.4182
1.4182
1.4194
1.4207
1.4216
1.4218
1.4254
1.4262
1.4270
1.4352
1.4374
1.4391
1.4437
1.4463
1.4500
1.4506
1.4506
1.4540
1.4573
1.4629
1.4652
1.4674
1.4677
1.4692
1.4695
1.4703
1.4704
1.4704
1.4712
1.4726
1.4752
1.4798
1.4828
1.4866
1.4869
1.4882
1.4885
1.4903
1.4905
1.4906
1.4933
1.4941
1.4961
1.4963
1.4993
1.5004
1.5004
1.5030
1.5054
1.5059
1.5065
1.5070
1.5096
1.5106
1.5119
1.5130
1.5185
1.5207
1.5319
1.5335
1.5348
1.5358
1.5366
1.5380
1.5431
1.5435
1.5461
1.5477
1.5478
1.5489
1.5496
1.5500
1.5566
1.5573
1.5577
1.5581
1.5592
1.5598
1.5639
1.5661
1.5694
1.5716
1.5717
1.5720
1.5726
1.5736
1.5742
1.5797
1.5801
1.5813
1.5818
1.5829
1.5834
1.5835
1.5882
1.5891
1.5908
1.5930
1.5969
1.6000
1.6022
1.6038
1.6039
1.6062
1.6122
1.6164
1.6180
1.6194
1.6252
1.6275
1.6282
1.6293
1.6294
1.6298
1.6349
1.6349
1.6364
1.6388
1.6396
1.6408
1.6430
1.6461
1.6463
1.6485
1.6486
1.6525
1.6626
1.6631
1.6657
1.6658
1.6691
1.6698
1.6761
1.6761
1.6794
1.6818
1.6847
1.6912
1.6929
1.6930
1.6933
1.6973
1.6979
1.7020
1.7031
1.7035
1.7039
1.7048
1.7071
1.7106
1.7212
1.7235
1.7235
1.7277
1.7289
1.7297
1.7325
1.7343
1.7351
1.7356
1.7361
1.7403
1.7413
1.7414
1.7442
1.7449
1.7459
1.7466
1.7471
1.7498
1.7502
1.7516
1.7518
1.7524
1.7567
1.7575
1.7614
1.7635
1.7681
1.7701
1.7705
1.7729
1.7748
1.7779
1.7799
1.7805
1.7809
1.7826
1.7830
1.7845
1.7915
1.7954
1.7960
1.7985
1.7986
1.7999
1.8002
1.8010
1.8031
1.8050
1.8056
1.8089
1.8108
1.8119
1.8121
1.8186
1.8194
1.8239
1.8249
1.8277
1.8277
1.8278
1.8291
1.8298
1.8301
1.8317
1.8365
1.8374
1.8374
1.8411
1.8417
1.8477
1.8492
1.8553
1.8571
1.8574
1.8575
1.8614
1.8651
1.8708
1.8716
1.8721
1.8768
1.8830
1.8871
1.8872
1.8887
1.8910
1.8917
1.8918
1.8955
1.8960
1.9000
1.9048
1.9107
1.9113
1.9115
1.9149
1.9159
1.9175
1.9217
1.9224
1.9247
1.9299
1.9310
1.9350
1.9363
1.9401
1.9422
1.9461
1.9462
1.9476
1.9476
1.9511
1.9512
1.9512
1.9541
1.9571
1.9598
1.9646
1.9795
1.9809
1.9827
1.9830
1.9834
1.9843
1.9851
1.9915
1.9937
1.9952
1.9978
2.0054
2.0108
2.0117
2.0125
2.0126
2.0129
2.0166
2.0195
2.0309
2.0376
2.0384
2.0449
2.0453
2.0470
2.0480
2.0533
2.0562
2.0613
2.0628
2.0657
2.0658
2.0706
2.0731
2.0749
2.0797
2.0798
2.0817
2.0856
2.0864
2.0923
2.0923
2.0939
2.0942
2.0963
2.0993
2.1004
2.1062
2.1095
2.1121
2.1208
2.1326
2.1327
2.1330
2.1410
2.1426
2.1474
2.1540
2.1576
2.1623
2.1653
2.1678
2.1714
2.1751
2.1769
2.1888
2.1958
2.1975
2.2096
2.2247
2.2338
2.2352
2.2382
2.2405
2.2425
2.2458
2.2460
2.2466
2.2537
2.2559
2.2664
2.2701
2.2749
2.2762
2.2764
2.2820
2.2850
2.2853
2.2887
2.2898
2.2948
2.2974
2.2994
2.3072
2.3098
2.3113
2.3122
2.3246
2.3285
2.3298
2.3332
2.3341
2.3438
2.3479
2.3514
2.3530
2.3550
2.3570
2.3571
2.3582
2.3613
2.3625
2.3664
2.3713
2.3763
2.3787
2.3808
2.3850
2.3888
2.3893
2.3911
2.4014
2.4186
2.4198
2.4280
2.4356
2.4395
2.4562
2.4701
2.4725
2.4769
2.4862
2.4895
2.4942
2.5084
2.5091
2.5093
2.5127
2.5135
2.5154
2.5195
2.5311
2.5351
2.5395
2.5420
2.5520
2.5568
2.5723
2.5807
2.5832
2.6027
2.6139
2.6169
2.6179
2.6200
2.6212
2.6228
2.6348
2.6537
2.6557
2.6672
2.6680
2.6706
2.6832
2.6857
2.6936
2.6937
2.6984
2.7014
2.7035
2.7093
2.7187
2.7273
2.7320
2.7455
2.7459
2.7471
2.7501
2.7526
2.7588
2.8127
2.8268
2.8707
2.8808
2.8823
2.9224
2.9293
2.9344
2.9425
2.9449
2.9507
2.9530
2.9961
2.9978
3.0295
3.0393
3.0594
3.0755
3.0791
3.0914
3.0971
3.0992
3.1120
3.1122
3.1297
3.1300
3.1319
3.1900
3.1929
3.1951
3.2149
3.3123
3.3150
3.3363
3.3376
3.3815
3.4166
3.4321
3.4465
3.4559
3.5168
3.6370
3.6627
3.7935
3.9626
4.0987
4.3748
4.8571
