1000
1000
-0.9884,0.2538
-0.8880,0.2488
-0.7177,0.2011
-0.6105,0.1768
-0.5350,0.1598
-0.4794,0.1473
-0.4361,0.1369
-0.4008,0.1273
-0.3716,0.1186
-0.3473,0.1119
-0.3265,0.1060
-0.3083,0.1007
-0.2918,0.0957
-0.2770,0.0913
-0.2634,0.0873
-0.2508,0.0836
-0.2391,0.0801
-0.2281,0.0770
-0.2177,0.0741
-0.2078,0.0715
-0.1982,0.0688
-0.1889,0.0661
-0.1798,0.0636
-0.1708,0.0610
-0.1617,0.0585
-0.1525,0.0560
-0.1430,0.0534
-0.1332,0.0507
-0.1231,0.0480
-0.1124,0.0453
-0.1009,0.0424
-0.0882,0.0394
0.0000,0.0000
0.0000,0.0000
0.0000,0.0000
0.0000,0.0000
0.0000,0.0000
0.0000,0.0000
0.0000,0.0000
0.0000,0.0000
0.0000,0.0000
0.0000,0.0000
0.0000,0.0000
0.0000,0.0000
0.0000,0.0000
0.0000,0.0000
0.0000,0.0000
0.0000,0.0000
0.0000,0.0000
0.0000,0.0000
0.0000,0.0000
0.0000,0.0000
0.0000,0.0000
0.0000,0.0000
0.0000,0.0000
0.0000,0.0000
0.0000,0.0000
0.0000,0.0000
0.0000,0.0000
0.0000,0.0000
0.0000,0.0000
0.0000,0.0000
0.0000,0.0000
0.0000,0.0000
0.0000,0.0000
0.0000,0.0000
0.0000,0.0000
0.0000,0.0000
0.0000,0.0000
0.0000,0.0000
0.0000,0.0000
0.0000,0.0000
0.0000,0.0000
0.0000,0.0000
0.0000,0.0000
0.0000,0.0000
0.0000,0.0000
0.0000,0.0000
0.0000,0.0000
0.0000,0.0000
0.0000,0.0000
0.0000,0.0000
0.0000,0.0000
0.0000,0.0000
0.0000,0.0000
0.0000,0.0000
0.0000,0.0000
0.0000,0.0000
0.0000,0.0000
0.0000,0.0000
0.0000,0.0000
0.0000,0.0000
0.0000,0.0000
0.0000,0.0000
0.0000,0.0000
0.0000,0.0000
0.0000,0.0000
0.0000,0.0000
0.0000,0.0000
0.0000,0.0000
0.0000,0.0000
0.0000,0.0000
0.0000,0.0000
0.0000,0.0000
0.0000,0.0000
0.0000,0.0000
0.0000,0.0000
0.0000,0.0000
0.0000,0.0000
0.0000,0.0000
0.0000,0.0000
0.0000,0.0000
0.0000,0.0000
0.0000,0.0000
0.0000,0.0000
0.0000,0.0000
0.0000,0.0000
0.0000,0.0000
0.0000,0.0000
0.0000,0.0000
0.0000,0.0000
0.0000,0.0000
0.0000,0.0000
0.0000,0.0000
0.0000,0.0000
0.0000,0.0000
0.0000,0.0000
0.0000,0.0000
0.0000,0.0000
0.0000,0.0000
0.0000,0.0000
0.0000,0.0000
0.0000,0.0000
0.0000,0.0000
0.0000,0.0000
0.0000,0.0000
0.0000,0.0000
0.0000,0.0000
0.0000,0.0000
0.0000,0.0000
0.0000,0.0000
0.0000,0.0000
0.0000,0.0000
0.0000,0.0000
0.0000,0.0000
0.0000,0.0000
0.0000,0.0000
0.0000,0.0000
0.0000,0.0000
0.0000,0.0000
0.0000,0.0000
0.0000,0.0000
0.0000,0.0000
0.0000,0.0000
0.0000,0.0000
0.0000,0.0000
0.0000,0.0000
0.0000,0.0000
0.0000,0.0000
0.0000,0.0000
0.0000,0.0000
0.0000,0.0000
0.0000,0.0000
0.0000,0.0000
0.0000,0.0000
0.0000,0.0000
0.0000,0.0000
0.0000,0.0000
0.0000,0.0000
0.0000,0.0000
0.0000,0.0000
0.0000,0.0000
0.0000,0.0000
0.0000,0.0000
0.0000,0.0000
0.0000,0.0000
0.0000,0.0000
0.0000,0.0000
0.0000,0.0000
0.0000,0.0000
0.0000,0.0000
0.0000,0.0000
0.0000,0.0000
0.0000,0.0000
0.0000,0.0000
0.0000,0.0000
0.0000,0.0000
0.0000,0.0000
0.0000,0.0000
0.0000,0.0000
0.0000,0.0000
0.0000,0.0000
0.0000,0.0000
0.0000,0.0000
0.0000,0.0000
0.0000,0.0000
0.0000,0.0000
0.0000,0.0000
0.0000,0.0000
0.0000,0.0000
0.0000,0.0000
0.0000,0.0000
0.0000,0.0000
0.0000,0.0000
0.0000,0.0000
0.0000,0.0000
0.0000,0.0000
0.0000,0.0000
0.0000,0.0000
0.0000,0.0000
0.0000,0.0000
0.0000,0.0000
0.0000,0.0000
0.0000,0.0000
0.0000,0.0000
0.0000,0.0000
0.0000,0.0000
0.0000,0.0000
0.0000,0.0000
0.0000,0.0000
0.0000,0.0000
0.0000,0.0000
0.0000,0.0000
0.0000,0.0000
0.0000,0.0000
0.0000,0.0000
0.0000,0.0000
0.0000,0.0000
0.0000,0.0000
0.0000,0.0000
0.0000,0.0000
0.0000,0.0000
0.0000,0.0000
0.0000,0.0000
0.0000,0.0000
0.0000,0.0000
0.0000,0.0000
0.0000,0.0000
0.0000,0.0000
0.0000,0.0000
0.0000,0.0000
0.0000,0.0000
0.0000,0.0000
0.0000,0.0000
0.0000,0.0000
0.0000,0.0000
0.0000,0.0000
0.0000,0.0000
0.0000,0.0000
0.0000,0.0000
0.0000,0.0000
0.0000,0.0000
0.0000,0.0000
0.0000,0.0000
0.0000,0.0000
0.0000,0.0000
0.0000,0.0000
0.0000,0.0000
0.0000,0.0000
0.0000,0.0000
0.0000,0.0000
0.0000,0.0000
0.0000,0.0000
0.0000,0.0000
0.0000,0.0000
0.0000,0.0000
0.0000,0.0000
0.0000,0.0000
0.0000,0.0000
0.0000,0.0000
0.0000,0.0000
0.0000,0.0000
0.0000,0.0000
0.0000,0.0000
0.0000,0.0000
0.0000,0.0000
0.0000,0.0000
0.0000,0.0000
0.0000,0.0000
0.0000,0.0000
0.0000,0.0000
0.0000,0.0000
0.0000,0.0000
0.0000,0.0000
0.0000,0.0000
0.0000,0.0000
0.0000,0.0000
0.0000,0.0000
0.0000,0.0000
0.0000,0.0000
0.0000,0.0000
0.0000,0.0000
0.0000,0.0000
0.0000,0.0000
0.0000,0.0000
0.0000,0.0000
0.0000,0.0000
0.0000,0.0000
0.0000,0.0000
0.0000,0.0000
0.0000,0.0000
0.0000,0.0000
0.0000,0.0000
0.0000,0.0000
0.0000,0.0000
0.0000,0.0000
0.0000,0.0000
0.0000,0.0000
0.0000,0.0000
0.0000,0.0000
0.0000,0.0000
0.0000,0.0000
0.0000,0.0000
0.0000,0.0000
0.0000,0.0000
0.0000,0.0000
0.0000,0.0000
0.0000,0.0000
0.0000,0.0000
0.0000,0.0000
0.0000,0.0000
0.0000,0.0000
0.0000,0.0000
0.0000,0.0000
0.0000,0.0000
0.0000,0.0000
0.0000,0.0000
0.0000,0.0000
0.0000,0.0000
0.0000,0.0000
0.0000,0.0000
0.0000,0.0000
0.0000,0.0000
0.0000,0.0000
0.0000,0.0000
0.0000,0.0000
0.0000,0.0000
0.0000,0.0000
0.0000,0.0000
0.0000,0.0000
0.0000,0.0000
0.0000,0.0000
0.0000,0.0000
0.0000,0.0000
0.0000,0.0000
0.0000,0.0000
0.0000,0.0000
0.0000,0.0000
0.0000,0.0000
0.0000,0.0000
0.0000,0.0000
0.0000,0.0000
0.0000,0.0000
0.0000,0.0000
0.0000,0.0000
0.0000,0.0000
0.0000,0.0000
0.0000,0.0000
0.0000,0.0000
0.0000,0.0000
0.0000,0.0000
0.0000,0.0000
0.0000,0.0000
0.0000,0.0000
0.0000,0.0000
0.0000,0.0000
0.0000,0.0000
0.0000,0.0000
0.0000,0.0000
0.0000,0.0000
0.0000,0.0000
0.0000,0.0000
0.0000,0.0000
0.0000,0.0000
0.0000,0.0000
0.0000,0.0000
0.0000,0.0000
0.0000,0.0000
0.0000,0.0000
0.0000,0.0000
0.0000,0.0000
0.0000,0.0000
0.0000,0.0000
0.0000,0.0000
0.0000,0.0000
0.0000,0.0000
0.0000,0.0000
0.0000,0.0000
0.0000,0.0000
0.0000,0.0000
0.0000,0.0000
0.0000,0.0000
0.0000,0.0000
0.0000,0.0000
0.0000,0.0000
0.0000,0.0000
0.0000,0.0000
0.0000,0.0000
0.0000,0.0000
0.0000,0.0000
0.0000,0.0000
0.0000,0.0000
0.0000,0.0000
0.0000,0.0000
0.0000,0.0000
0.0000,0.0000
0.0000,0.0000
0.0000,0.0000
0.0000,0.0000
0.0000,0.0000
0.0000,0.0000
0.0000,0.0000
0.0000,0.0000
0.0000,0.0000
0.0000,0.0000
0.0000,0.0000
0.0000,0.0000
0.0000,0.0000
0.0000,0.0000
0.0000,0.0000
0.0000,0.0000
0.0000,0.0000
0.0000,0.0000
0.0000,0.0000
0.0000,0.0000
0.0000,0.0000
0.0000,0.0000
0.0000,0.0000
0.0000,0.0000
0.0000,0.0000
0.0000,0.0000
0.0000,0.0000
0.0000,0.0000
0.0000,0.0000
0.0000,0.0000
0.0000,0.0000
0.0000,0.0000
0.0000,0.0000
0.0000,0.0000
0.0000,0.0000
0.0000,0.0000
0.0000,0.0000
0.0000,0.0000
0.0000,0.0000
0.0000,0.0000
0.0000,0.0000
0.0000,0.0000
0.0000,0.0000
0.0000,0.0000
0.0000,0.0000
0.0000,0.0000
0.0000,0.0000
0.0000,0.0000
0.0000,0.0000
0.0000,0.0000
0.0000,0.0000
0.0000,0.0000
0.0000,0.0000
0.0000,0.0000
0.0000,0.0000
0.0000,0.0000
0.0000,0.0000
0.0000,0.0000
0.0000,0.0000
0.0000,0.0000
0.0000,0.0000
0.0000,0.0000
0.0000,0.0000
0.0000,0.0000
0.0000,0.0000
0.0000,0.0000
0.0000,0.0000
0.0000,0.0000
0.0000,0.0000
0.0000,0.0000
0.0000,0.0000
0.0000,0.0000
0.0000,0.0000
0.0000,0.0000
0.0000,0.0000
0.0000,0.0000
0.0000,0.0000
0.0000,0.0000
0.0000,0.0000
0.0000,0.0000
0.0000,0.0000
0.0000,0.0000
0.0000,0.0000
0.0000,0.0000
0.0000,0.0000
0.0000,0.0000
0.0000,0.0000
0.0000,0.0000
0.0000,0.0000
0.0000,0.0000
0.0000,0.0000
0.0000,0.0000
0.0000,0.0000
0.0000,0.0000
0.0000,0.0000
0.0000,0.0000
0.0000,0.0000
0.0000,0.0000
0.0000,0.0000
0.0000,0.0000
0.0000,0.0000
0.0000,0.0000
0.0000,0.0000
0.0000,0.0000
0.0000,0.0000
0.0000,0.0000
0.0000,0.0000
0.0000,0.0000
0.0000,0.0000
0.0000,0.0000
0.0000,0.0000
0.0000,0.0000
0.0000,0.0000
0.0000,0.0000
0.0000,0.0000
0.0000,0.0000
0.0000,0.0000
0.0000,0.0000
0.0000,0.0000
0.0000,0.0000
0.0000,0.0000
0.0000,0.0000
0.0000,0.0000
0.0000,0.0000
0.0000,0.0000
0.0000,0.0000
0.0000,0.0000
0.0000,0.0000
0.0000,0.0000
0.0000,0.0000
0.0000,0.0000
0.0000,0.0000
0.0000,0.0000
0.0000,0.0000
0.0000,0.0000
0.0000,0.0000
0.0000,0.0000
0.0000,0.0000
0.0000,0.0000
0.0000,0.0000
0.0000,0.0000
0.0000,0.0000
0.0000,0.0000
0.0000,0.0000
0.0000,0.0000
0.0000,0.0000
0.0000,0.0000
0.0000,0.0000
0.0000,0.0000
0.0000,0.0000
0.0000,0.0000
0.0000,0.0000
0.0000,0.0000
0.0000,0.0000
0.0000,0.0000
0.0000,0.0000
0.0000,0.0000
0.0000,0.0000
0.0000,0.0000
0.0000,0.0000
0.0000,0.0000
0.0000,0.0000
0.0000,0.0000
0.0000,0.0000
0.0000,0.0000
0.0000,0.0000
0.0000,0.0000
0.0000,0.0000
0.0000,0.0000
0.0000,0.0000
0.0000,0.0000
0.0000,0.0000
0.0000,0.0000
0.0000,0.0000
0.0000,0.0000
0.0000,0.0000
0.0000,0.0000
0.0000,0.0000
0.0000,0.0000
0.0000,0.0000
0.0000,0.0000
0.0000,0.0000
0.0000,0.0000
0.0000,0.0000
0.0000,0.0000
0.0000,0.0000
0.0000,0.0000
0.0000,0.0000
0.0000,0.0000
0.0000,0.0000
0.0000,0.0000
0.0000,0.0000
0.0000,0.0000
0.0000,0.0000
0.0000,0.0000
0.0000,0.0000
0.0000,0.0000
0.0000,0.0000
0.0000,0.0000
0.0000,0.0000
0.0000,0.0000
0.0000,0.0000
0.0000,0.0000
0.0000,0.0000
0.0000,0.0000
0.0000,0.0000
0.0000,0.0000
0.0000,0.0000
0.0000,0.0000
0.0000,0.0000
0.0000,0.0000
0.0000,0.0000
0.0000,0.0000
0.0000,0.0000
0.0000,0.0000
0.0000,0.0000
0.0000,0.0000
0.0000,0.0000
0.0000,0.0000
0.0000,0.0000
0.0000,0.0000
0.0000,0.0000
0.0000,0.0000
0.0000,0.0000
0.0000,0.0000
0.0000,0.0000
0.0000,0.0000
0.0000,0.0000
0.0000,0.0000
0.0000,0.0000
0.0000,0.0000
0.0000,0.0000
0.0000,0.0000
0.0000,0.0000
0.0000,0.0000
0.0000,0.0000
0.0000,0.0000
0.0000,0.0000
0.0000,0.0000
0.0000,0.0000
0.0000,0.0000
0.0000,0.0000
0.0000,0.0000
0.0000,0.0000
0.0000,0.0000
0.0000,0.0000
0.0000,0.0000
0.0000,0.0000
0.0000,0.0000
0.0000,0.0000
0.0000,0.0000
0.0000,0.0000
0.0000,0.0000
0.0000,0.0000
0.0000,0.0000
0.0000,0.0000
0.0000,0.0000
0.0000,0.0000
0.0000,0.0000
0.0000,0.0000
0.0000,0.0000
0.0000,0.0000
0.0000,0.0000
0.0000,0.0000
0.0000,0.0000
0.0000,0.0000
0.0000,0.0000
0.0000,0.0000
0.0000,0.0000
0.0000,0.0000
0.0000,0.0000
0.0000,0.0000
0.0000,0.0000
0.0000,0.0000
0.0000,0.0000
0.0000,0.0000
0.0000,0.0000
0.0000,0.0000
0.0000,0.0000
0.0000,0.0000
0.0000,0.0000
0.0000,0.0000
0.0000,0.0000
0.0000,0.0000
0.0000,0.0000
0.0000,0.0000
0.0000,0.0000
0.0000,0.0000
0.0000,0.0000
0.0000,0.0000
0.0000,0.0000
0.0000,0.0000
0.0000,0.0000
0.0000,0.0000
0.0000,0.0000
0.0000,0.0000
0.0000,0.0000
0.0000,0.0000
0.0000,0.0000
0.0000,0.0000
0.0000,0.0000
0.0000,0.0000
0.0000,0.0000
0.0000,0.0000
0.0000,0.0000
0.0000,0.0000
0.0000,0.0000
0.0000,0.0000
0.0000,0.0000
0.0000,0.0000
0.0000,0.0000
0.0000,0.0000
0.0000,0.0000
0.0000,0.0000
0.0000,0.0000
0.0000,0.0000
0.0000,0.0000
0.0000,0.0000
0.0000,0.0000
0.0000,0.0000
0.0000,0.0000
0.0000,0.0000
0.0000,0.0000
0.0000,0.0000
0.0000,0.0000
0.0000,0.0000
0.0000,0.0000
0.0000,0.0000
0.0000,0.0000
0.0000,0.0000
0.0000,0.0000
0.0000,0.0000
0.0000,0.0000
0.0000,0.0000
0.0000,0.0000
0.0000,0.0000
0.0000,0.0000
0.0000,0.0000
0.0000,0.0000
0.0000,0.0000
0.0000,0.0000
0.0000,0.0000
0.0000,0.0000
0.0000,0.0000
0.0000,0.0000
0.0000,0.0000
0.0000,0.0000
0.0000,0.0000
0.0000,0.0000
0.0000,0.0000
0.0000,0.0000
0.0000,0.0000
0.0000,0.0000
0.0000,0.0000
0.0000,0.0000
0.0000,0.0000
0.0000,0.0000
0.0000,0.0000
0.0000,0.0000
0.0000,0.0000
0.0000,0.0000
0.0000,0.0000
0.0000,0.0000
0.0000,0.0000
0.0000,0.0000
0.0000,0.0000
0.0000,0.0000
0.0000,0.0000
0.0000,0.0000
0.0000,0.0000
0.0000,0.0000
0.0000,0.0000
0.0000,0.0000
0.0000,0.0000
0.0000,0.0000
0.0000,0.0000
0.0000,0.0000
0.0000,0.0000
0.0000,0.0000
0.0000,0.0000
0.0000,0.0000
0.0000,0.0000
0.0000,0.0000
0.0000,0.0000
0.0000,0.0000
0.0000,0.0000
0.0000,0.0000
0.0000,0.0000
0.0000,0.0000
0.0000,0.0000
0.0000,0.0000
0.0000,0.0000
0.0000,0.0000
0.0000,0.0000
0.0000,0.0000
0.0000,0.0000
0.0000,0.0000
0.0000,0.0000
0.0000,0.0000
0.0000,0.0000
0.0000,0.0000
0.0000,0.0000
0.0000,0.0000
0.0000,0.0000
0.0000,0.0000
0.0000,0.0000
0.0000,0.0000
0.0000,0.0000
0.0000,0.0000
0.0000,0.0000
0.0000,0.0000
0.0000,0.0000
0.0000,0.0000
0.0000,0.0000
0.0000,0.0000
0.0000,0.0000
0.0000,0.0000
0.0000,0.0000
0.0000,0.0000
0.0000,0.0000
0.0000,0.0000
0.0000,0.0000
0.0000,0.0000
0.0000,0.0000
0.0000,0.0000
0.0000,0.0000
0.0000,0.0000
0.0000,0.0000
0.0000,0.0000
0.0000,0.0000
0.0000,0.0000
0.0000,0.0000
0.0000,0.0000
0.0000,0.0000
0.0000,0.0000
0.0000,0.0000
0.0000,0.0000
0.0000,0.0000
0.0000,0.0000
0.0000,0.0000
0.0000,0.0000
0.0000,0.0000
0.0000,0.0000
0.0000,0.0000
0.0000,0.0000
0.0000,0.0000
0.0000,0.0000
0.0000,0.0000
0.0000,0.0000
0.0000,0.0000
0.0000,0.0000
0.0000,0.0000
0.0000,0.0000
0.0000,0.0000
0.0000,0.0000
0.0000,0.0000
0.0000,0.0000
0.0000,0.0000
0.0000,0.0000
0.0000,0.0000
0.0000,0.0000
0.0000,0.0000
0.0000,0.0000
0.0000,0.0000
0.0000,0.0000
0.0000,0.0000
0.0000,0.0000
0.0000,0.0000
0.0000,0.0000
0.0000,0.0000
0.0000,0.0000
0.0000,0.0000
0.0000,0.0000
0.0000,0.0000
0.0000,0.0000
0.0000,0.0000
0.0000,0.0000
0.0000,0.0000
0.0000,0.0000
0.0000,0.0000
0.0000,0.0000
0.0000,0.0000
0.0000,0.0000
0.0000,0.0000
0.0000,0.0000
0.0000,0.0000
0.0000,0.0000
0.0000,0.0000
0.0000,0.0000
0.0000,0.0000
0.0000,0.0000
0.0000,0.0000
0.0000,0.0000
0.0000,0.0000
0.0000,0.0000
0.0000,0.0000
0.0000,0.0000
0.0000,0.0000
0.0000,0.0000
0.0000,0.0000
0.0000,0.0000
0.0000,0.0000
0.0000,0.0000
0.0000,0.0000
0.0000,0.0000
0.0000,0.0000
0.0000,0.0000
0.0000,0.0000
0.0000,0.0000
0.0000,0.0000
0.0000,0.0000
0.0000,0.0000
0.0000,0.0000
0.0000,0.0000
0.0000,0.0000
0.0000,0.0000
0.0000,0.0000
0.0000,0.0000
0.0000,0.0000
0.0000,0.0000
0.0000,0.0000
0.0000,0.0000
0.0000,0.0000
0.0000,0.0000
0.0000,0.0000
0.0000,0.0000
0.0000,0.0000
0.0000,0.0000
0.0000,0.0000
0.0000,0.0000
0.0000,0.0000
0.0000,0.0000
0.0000,0.0000
0.0000,0.0000
0.0000,0.0000
0.0000,0.0000
0.0000,0.0000
0.0000,0.0000
0.0000,0.0000
0.0000,0.0000
0.0000,0.0000
0.0000,0.0000
0.0000,0.0000
0.0000,0.0000
0.0000,0.0000
0.0000,0.0000
0.0000,0.0000
0.0000,0.0000
0.0000,0.0000
0.0000,0.0000
0.0000,0.0000
0.0000,0.0000
0.0000,0.0000
0.0000,0.0000
0.0000,0.0000
0.0000,0.0000
0.0000,0.0000
0.0000,0.0000
0.0000,0.0000
0.0000,0.0000
0.0000,0.0000
0.0000,0.0000
0.0000,0.0000
0.0000,0.0000
0.0000,0.0000
0.0000,0.0000
0.0000,0.0000
0.0000,0.0000
0.0000,0.0000
0.0000,0.0000
0.0000,0.0000
0.0000,0.0000
0.0000,0.0000
0.0000,0.0000
0.0000,0.0000
0.0000,0.0000
0.0000,0.0000
0.0000,0.0000
0.0000,0.0000
0.0000,0.0000
0.0000,0.0000
0.0000,0.0000
0.0000,0.0000
0.0000,0.0000
0.0000,0.0000
0.0000,0.0000
0.0000,0.0000
0.0000,0.0000
0.0000,0.0000
0.0000,0.0000
0.0000,0.0000
0.0000,0.0000
0.0000,0.0000
0.0000,0.0000
0.0000,0.0000
-2.4448
-2.2353
-2.1002
-1.7989
-1.7215
-1.5600
-1.4783
-1.3718
-1.3671
-1.3537
-1.1834
-1.1604
-1.1380
-1.1208
-1.1136
-1.1033
-1.0897
-1.0015
-0.9768
-0.9755
-0.9605
-0.9373
-0.9370
-0.9029
-0.8826
-0.8511
-0.8435
-0.8355
-0.8323
-0.8198
-0.8193
-0.8015
-0.7910
-0.7859
-0.7619
-0.7616
-0.7594
-0.7420
-0.7197
-0.7159
-0.7091
-0.6789
-0.6775
-0.6751
-0.6711
-0.6661
-0.6626
-0.6485
-0.6476
-0.6393
-0.6331
-0.6299
-0.6152
-0.6124
-0.6083
-0.6062
-0.5906
-0.5869
-0.5861
-0.5691
-0.5691
-0.5416
-0.5316
-0.5282
-0.5141
-0.5073
-0.5002
-0.4960
-0.4892
-0.4831
-0.4815
-0.4788
-0.4783
-0.4768
-0.4753
-0.4741
-0.4738
-0.4727
-0.4677
-0.4671
-0.4567
-0.4420
-0.4420
-0.4366
-0.4352
-0.4343
-0.4303
-0.4279
-0.4264
-0.4216
-0.4181
-0.4167
-0.4135
-0.4134
-0.4132
-0.4057
-0.4033
-0.3922
-0.3878
-0.3868
-0.3786
-0.3702
-0.3637
-0.3636
-0.3608
-0.3602
-0.3563
-0.3552
-0.3534
-0.3417
-0.3369
-0.3335
-0.3175
-0.3033
-0.2926
-0.2870
-0.2745
-0.2744
-0.2730
-0.2678
-0.2665
-0.2660
-0.2643
-0.2631
-0.2573
-0.2516
-0.2496
-0.2488
-0.2421
-0.2332
-0.2301
-0.2284
-0.2258
-0.2243
-0.2189
-0.2128
-0.2054
-0.2053
-0.2038
-0.2032
-0.1942
-0.1929
-0.1834
-0.1756
-0.1750
-0.1743
-0.1713
-0.1698
-0.1685
-0.1681
-0.1667
-0.1660
-0.1637
-0.1631
-0.1551
-0.1538
-0.1528
-0.1455
-0.1422
-0.1311
-0.1273
-0.1264
-0.1254
-0.1189
-0.1118
-0.1096
-0.1079
-0.1049
-0.0984
-0.0935
-0.0880
-0.0790
-0.0768
-0.0535
-0.0517
-0.0456
-0.0452
-0.0420
-0.0416
-0.0368
-0.0360
-0.0319
-0.0285
-0.0257
-0.0255
-0.0243
-0.0194
-0.0155
-0.0127
-0.0106
-0.0090
-0.0077
-0.0050
0.0055
0.0088
0.0095
0.0109
0.0141
0.0148
0.0164
0.0238
0.0242
0.0305
0.0369
0.0382
0.0407
0.0417
0.0447
0.0472
0.0477
0.0498
0.0547
0.0560
0.0571
0.0575
0.0583
0.0633
0.0663
0.0720
0.0738
0.0739
0.0762
0.0766
0.0789
0.0804
0.0837
0.0916
0.0964
0.0968
0.0993
0.1023
0.1065
0.1068
0.1122
0.1139
0.1185
0.1234
0.1281
0.1303
0.1305
0.1321
0.1327
0.1338
0.1354
0.1396
0.1399
0.1440
0.1473
0.1548
0.1548
0.1636
0.1656
0.1665
0.1670
0.1675
0.1690
0.1725
0.1729
0.1744
0.1748
0.1752
0.1782
0.1787
0.1795
0.1802
0.1805
0.1815
0.1832
0.1832
0.1866
0.1894
0.1901
0.1914
0.1935
0.1967
0.1976
0.2003
0.2011
0.2015
0.2043
0.2051
0.2088
0.2101
0.2114
0.2197
0.2207
0.2209
0.2219
0.2220
0.2228
0.2279
0.2330
0.2351
0.2400
0.2450
0.2454
0.2474
0.2499
0.2535
0.2581
0.2629
0.2701
0.2704
0.2708
0.2744
0.2749
0.2782
0.2789
0.2818
0.2858
0.2864
0.2956
0.2981
0.2986
0.2986
0.3001
0.3047
0.3091
0.3134
0.3173
0.3182
0.3188
0.3219
0.3254
0.3272
0.3272
0.3277
0.3330
0.3336
0.3336
0.3358
0.3367
0.3367
0.3373
0.3391
0.3407
0.3410
0.3519
0.3544
0.3550
0.3552
0.3561
0.3618
0.3620
0.3624
0.3672
0.3672
0.3708
0.3738
0.3755
0.3756
0.3794
0.3813
0.3859
0.3869
0.3949
0.3971
0.3997
0.3998
0.4000
0.4116
0.4118
0.4128
0.4146
0.4178
0.4184
0.4211
0.4216
0.4319
0.4356
0.4371
0.4397
0.4408
0.4416
0.4428
0.4434
0.4452
0.4462
0.4493
0.4544
0.4614
0.4616
0.4638
0.4651
0.4669
0.4675
0.4702
0.4741
0.4759
0.4826
0.4833
0.4877
0.4879
0.4929
0.5037
0.5038
0.5079
0.5091
0.5141
0.5162
0.5210
0.5213
0.5253
0.5277
0.5342
0.5362
0.5371
0.5457
0.5465
0.5484
0.5505
0.5563
0.5569
0.5608
0.5610
0.5628
0.5641
0.5652
0.5663
0.5684
0.5721
0.5743
0.5761
0.5765
0.5774
0.5784
0.5796
0.5798
0.5800
0.5860
0.5883
0.5895
0.5902
0.5913
0.5969
0.6032
0.6048
0.6061
0.6070
0.6089
0.6145
0.6172
0.6230
0.6231
0.6255
0.6288
0.6292
0.6310
0.6317
0.6375
0.6389
0.6403
0.6515
0.6526
0.6534
0.6648
0.6650
0.6661
0.6681
0.6705
0.6719
0.6738
0.6757
0.6973
0.6997
0.7005
0.7016
0.7017
0.7088
0.7108
0.7134
0.7166
0.7191
0.7242
0.7248
0.7283
0.7286
0.7292
0.7299
0.7323
0.7355
0.7356
0.7389
0.7394
0.7399
0.7400
0.7441
0.7453
0.7468
0.7472
0.7503
0.7506
0.7513
0.7525
0.7562
0.7570
0.7574
0.7612
0.7703
0.7736
0.7822
0.7831
0.7850
0.7889
0.7914
0.7952
0.7953
0.7982
0.8001
0.8006
0.8006
0.8022
0.8050
0.8079
0.8086
0.8108
0.8137
0.8169
0.8172
0.8211
0.8250
0.8299
0.8320
0.8325
0.8334
0.8360
0.8422
0.8422
0.8448
0.8473
0.8493
0.8508
0.8514
0.8518
0.8540
0.8556
0.8638
0.8687
0.8704
0.8735
0.8744
0.8768
0.8772
0.8785
0.8818
0.8851
0.8937
0.8968
0.8973
0.9019
0.9117
0.9239
0.9260
0.9285
0.9298
0.9314
0.9323
0.9379
0.9387
0.9423
0.9449
0.9485
0.9504
0.9548
0.9576
0.9580
0.9587
0.9606
0.9614
0.9644
0.9644
0.9648
0.9692
0.9795
0.9797
0.9874
0.9925
0.9992
0.9994
0.9997
0.9997
1.0007
1.0023
1.0047
1.0055
1.0081
1.0102
1.0130
1.0148
1.0151
1.0188
1.0210
1.0217
1.0273
1.0302
1.0324
1.0333
1.0350
1.0381
1.0385
1.0453
1.0513
1.0573
1.0578
1.0617
1.0638
1.0654
1.0660
1.0736
1.0748
1.0792
1.0938
1.0980
1.1045
1.1047
1.1049
1.1058
1.1086
1.1090
1.1122
1.1189
1.1201
1.1214
1.1220
1.1224
1.1233
1.1260
1.1279
1.1370
1.1404
1.1511
1.1524
1.1530
1.1558
1.1616
1.1618
1.1676
1.1694
1.1702
1.1706
1.1792
1.1831
1.1889
1.1932
1.1944
1.1979
1.2020
1.2022
1.2026
1.2040
1.2129
1.2131
1.2159
1.2217
1.2241
1.2252
1.2281
1.2314
1.2332
1.2382
1.2491
1.2550
1.2591
1.2601
1.2659
1.2682
1.2684
1.2765
1.2778
1.2787
1.2798
1.2849
1.2850
1.2870
1.2957
1.3010
1.3056
1.3121
1.3133
1.3153
1.3219
1.3230
1.3268
1.3301
1.3442
1.3481
1.3483
1.3518
1.3618
1.3664
1.3678
1.3681
1.3688
1.3737
1.3768
1.3768
1.3880
1.3885
1.3885
1.3892
1.3893
1.3980
1.3989
1.4014
1.4057
1.4089
1.4096
1.4100
1.4116
1.4134
1.4162
1.4200
1.4294
1.4328
1.4371
1.4422
1.4429
1.4485
1.4575
1.4582
1.4628
1.4628
1.4643
1.4654
1.4660
1.4669
1.4697
1.4711
1.4738
1.4785
1.4792
1.4803
1.4833
1.4855
1.4898
1.4938
1.4942
1.4943
1.4955
1.4968
1.4980
1.5013
1.5071
1.5084
1.5194
1.5216
1.5219
1.5272
1.5310
1.5350
1.5466
1.5509
1.5517
1.5530
1.5600
1.5709
1.5710
1.5727
1.5736
1.5796
1.5889
1.5896
1.5907
1.5919
1.5969
1.6012
1.6032
1.6034
1.6116
1.6148
1.6159
1.6183
1.6216
1.6257
1.6287
1.6287
1.6353
1.6408
1.6416
1.6466
1.6482
1.6579
1.6623
1.6631
1.6698
1.6711
1.6785
1.6840
1.6866
1.6892
1.6907
1.6978
1.6979
1.7189
1.7246
1.7338
1.7392
1.7402
1.7417
1.7483
1.7632
1.7642
1.7657
1.7680
1.7689
1.7717
1.7749
1.7779
1.7782
1.7791
1.7830
1.7831
1.7861
1.7902
1.8202
1.8241
1.8258
1.8350
1.8378
1.8388
1.8396
1.8412
1.8414
1.8428
1.8433
1.8498
1.8520
1.8532
1.8551
1.8565
1.8598
1.8616
1.8644
1.8713
1.8774
1.8809
1.8861
1.8906
1.8916
1.8927
1.8949
1.8963
1.9000
1.9007
1.9071
1.9214
1.9298
1.9321
1.9358
1.9366
1.9425
1.9463
1.9533
1.9545
1.9581
1.9736
1.9825
1.9909
1.9954
2.0023
2.0181
2.0447
2.0450
2.0514
2.0539
2.0760
2.0806
2.0818
2.0912
2.0967
2.0984
2.1118
2.1286
2.1416
2.1424
2.1435
2.1436
2.1441
2.1458
2.1461
2.1538
2.1541
2.1554
2.1619
2.1630
2.1639
2.1639
2.1759
2.1924
2.2123
2.2147
2.2252
2.2254
2.2254
2.2341
2.2368
2.2378
2.2678
2.2794
2.2797
2.2901
2.2988
2.3087
2.3093
2.3134
2.3171
2.3176
2.3244
2.3248
2.3255
2.3296
2.3393
2.3503
2.3573
2.3654
2.3751
2.3756
2.3792
2.3832
2.3862
2.4094
2.4248
2.4384
2.4636
2.4639
2.4676
2.4688
2.4712
2.4800
2.4882
2.5013
2.5121
2.5220
2.5315
2.5379
2.5409
2.5714
2.5870
2.5880
2.5921
2.5989
2.6130
2.6149
2.6376
2.6430
2.6634
2.6858
2.7224
2.7239
2.7597
2.7791
2.7886
2.7954
2.8369
2.8491
2.8597
2.8641
2.8848
2.9131
2.9226
2.9741
2.9762
3.0161
3.0184
3.0411
3.0490
3.0547
3.0728
3.0820
3.1024
3.1265
3.1414
3.1786
3.2172
3.2193
3.2567
3.2790
3.2935
3.3226
3.3387
3.3502
3.3922
3.4964
3.5212
3.5479
3.5794
3.5820
3.5915
3.5922
3.6199
3.6734
3.6775
3.7180
3.7586
3.7992
3.8074
3.9715
4.3745
4.4612
4.6175
