1000
1000
-1.4015,0.1994
-1.3065,0.1983
-1.0938,0.1538
-0.9504,0.1417
-0.8477,0.1343
-0.7704,0.1299
-0.7104,0.1269
-0.6614,0.1238
-0.6207,0.1209
-0.5860,0.1178
-0.5561,0.1150
-0.5298,0.1116
-0.5066,0.1084
-0.4862,0.1057
-0.4678,0.1030
-0.4513,0.1007
-0.4364,0.0986
-0.4227,0.0965
-0.4101,0.0946
-0.3985,0.0926
-0.3878,0.0907
-0.3780,0.0890
-0.3688,0.0875
-0.3603,0.0860
-0.3523,0.0847
-0.3448,0.0834
-0.3377,0.0823
-0.3311,0.0811
-0.3248,0.0801
-0.3189,0.0790
-0.3132,0.0780
-0.3078,0.0771
-0.3027,0.0761
-0.2978,0.0752
-0.2931,0.0743
-0.2886,0.0734
-0.2843,0.0725
-0.2802,0.0716
-0.2762,0.0708
-0.2725,0.0700
-0.2688,0.0693
-0.2653,0.0685
-0.2620,0.0678
-0.2587,0.0671
-0.2556,0.0664
-0.2526,0.0658
-0.2496,0.0651
-0.2468,0.0645
-0.2441,0.0638
-0.2414,0.0632
-0.2388,0.0626
-0.2363,0.0620
-0.2339,0.0614
-0.2315,0.0608
-0.2293,0.0603
-0.2270,0.0597
-0.2248,0.0592
-0.2227,0.0587
-0.2207,0.0582
-0.2187,0.0577
-0.2167,0.0573
-0.2148,0.0568
-0.2129,0.0563
-0.2111,0.0559
-0.2093,0.0554
-0.2075,0.0550
-0.2058,0.0545
-0.2041,0.0541
-0.2024,0.0537
-0.2008,0.0533
-0.1992,0.0528
-0.1977,0.0524
-0.1962,0.0520
-0.1947,0.0516
-0.1932,0.0512
-0.1918,0.0508
-0.1904,0.0504
-0.1890,0.0500
-0.1876,0.0497
-0.1863,0.0493
-0.1850,0.0489
-0.1837,0.0486
-0.1825,0.0482
-0.1812,0.0479
-0.1800,0.0476
-0.1788,0.0472
-0.1776,0.0469
-0.1765,0.0466
-0.1753,0.0463
-0.1742,0.0459
-0.1731,0.0456
-0.1720,0.0453
-0.1709,0.0450
-0.1698,0.0447
-0.1688,0.0444
-0.1678,0.0441
-0.1667,0.0438
-0.1657,0.0435
-0.1647,0.0432
-0.1638,0.0430
-0.1628,0.0427
-0.1618,0.0424
-0.1609,0.0421
-0.1600,0.0419
-0.1590,0.0416
-0.1581,0.0413
-0.1572,0.0411
-0.1564,0.0408
-0.1555,0.0406
-0.1546,0.0403
-0.1538,0.0401
-0.1529,0.0398
-0.1521,0.0396
-0.1513,0.0394
-0.1505,0.0391
-0.1497,0.0389
-0.1489,0.0387
-0.1481,0.0384
-0.1473,0.0382
-0.1465,0.0380
-0.1457,0.0377
-0.1450,0.0375
-0.1442,0.0373
-0.1435,0.0371
-0.1427,0.0368
-0.1420,0.0366
-0.1413,0.0364
-0.1406,0.0362
-0.1399,0.0360
-0.1392,0.0358
-0.1385,0.0355
-0.1378,0.0353
-0.1371,0.0351
-0.1364,0.0349
-0.1357,0.0347
-0.1351,0.0345
-0.1344,0.0343
-0.1337,0.0341
-0.1331,0.0339
-0.1325,0.0337
-0.1318,0.0335
-0.1312,0.0333
-0.1305,0.0331
-0.1299,0.0329
-0.1293,0.0327
-0.1287,0.0325
-0.1281,0.0323
-0.1275,0.0322
-0.1269,0.0320
-0.1263,0.0318
-0.1257,0.0316
-0.1251,0.0314
-0.1245,0.0313
-0.1239,0.0311
-0.1233,0.0309
-0.1228,0.0308
-0.1222,0.0306
-0.1216,0.0304
-0.1211,0.0303
-0.1205,0.0301
-0.1200,0.0300
-0.1194,0.0298
-0.1189,0.0296
-0.1183,0.0295
-0.1178,0.0293
-0.1173,0.0292
-0.1167,0.0290
-0.1162,0.0289
-0.1157,0.0287
-0.1151,0.0286
-0.1146,0.0284
-0.1141,0.0283
-0.1136,0.0281
-0.1131,0.0280
-0.1126,0.0278
-0.1120,0.0277
-0.1115,0.0275
-0.1110,0.0273
-0.1105,0.0272
-0.1100,0.0270
-0.1095,0.0269
-0.1090,0.0267
-0.1085,0.0266
-0.1080,0.0264
-0.1075,0.0263
-0.1070,0.0261
-0.1066,0.0260
-0.1061,0.0259
-0.1056,0.0257
-0.1051,0.0256
-0.1046,0.0254
-0.1041,0.0253
-0.1037,0.0252
-0.1032,0.0250
-0.1027,0.0249
-0.1023,0.0248
-0.1018,0.0246
-0.1013,0.0245
-0.1008,0.0243
-0.1004,0.0242
-0.0999,0.0241
-0.0994,0.0239
-0.0990,0.0238
-0.0985,0.0236
-0.0980,0.0235
-0.0976,0.0234
-0.0971,0.0232
-0.0966,0.0231
-0.0962,0.0229
-0.0957,0.0228
-0.0952,0.0227
-0.0948,0.0225
-0.0943,0.0224
-0.0939,0.0222
-0.0934,0.0221
-0.0929,0.0220
-0.0925,0.0218
-0.0920,0.0217
-0.0916,0.0216
-0.0911,0.0214
-0.0906,0.0213
-0.0902,0.0212
-0.0897,0.0210
-0.0893,0.0209
-0.0888,0.0208
-0.0884,0.0207
-0.0879,0.0205
-0.0874,0.0204
-0.0870,0.0203
-0.0865,0.0201
-0.0861,0.0200
-0.0856,0.0199
-0.0852,0.0197
-0.0847,0.0196
-0.0843,0.0195
-0.0838,0.0194
-0.0833,0.0192
-0.0829,0.0191
-0.0824,0.0190
-0.0820,0.0189
-0.0815,0.0187
-0.0810,0.0186
-0.0806,0.0185
-0.0801,0.0184
-0.0797,0.0182
-0.0792,0.0181
-0.0787,0.0180
-0.0783,0.0179
-0.0778,0.0177
-0.0774,0.0176
-0.0769,0.0175
-0.0764,0.0174
-0.0760,0.0173
-0.0755,0.0171
-0.0751,0.0170
-0.0746,0.0169
-0.0741,0.0168
-0.0737,0.0167
-0.0732,0.0166
-0.0727,0.0165
-0.0723,0.0164
-0.0718,0.0162
-0.0713,0.0161
-0.0709,0.0160
-0.0704,0.0159
-0.0699,0.0158
-0.0694,0.0157
-0.0690,0.0156
-0.0685,0.0155
-0.0680,0.0154
-0.0675,0.0153
-0.0671,0.0152
-0.0666,0.0151
-0.0661,0.0150
-0.0656,0.0149
-0.0651,0.0148
-0.0646,0.0147
-0.0641,0.0146
-0.0636,0.0144
-0.0631,0.0143
-0.0626,0.0142
-0.0621,0.0141
-0.0616,0.0140
-0.0611,0.0139
-0.0606,0.0138
-0.0601,0.0137
-0.0596,0.0135
-0.0590,0.0134
-0.0585,0.0133
-0.0580,0.0132
-0.0575,0.0131
-0.0569,0.0130
-0.0564,0.0129
-0.0559,0.0127
-0.0553,0.0126
-0.0548,0.0125
-0.0542,0.0124
-0.0536,0.0123
-0.0531,0.0122
-0.0525,0.0121
-0.0519,0.0119
-0.0514,0.0118
-0.0508,0.0117
-0.0502,0.0116
-0.0496,0.0115
-0.0490,0.0113
-0.0484,0.0112
-0.0478,0.0111
-0.0472,0.0110
-0.0465,0.0108
-0.0459,0.0107
-0.0453,0.0106
-0.0446,0.0104
-0.0439,0.0103
-0.0433,0.0101
-0.0426,0.0100
-0.0419,0.0099
-0.0412,0.0097
-0.0405,0.0096
-0.0398,0.0094
-0.0390,0.0093
-0.0383,0.0092
-0.0375,0.0090
-0.0367,0.0088
-0.0360,0.0087
-0.0352,0.0085
-0.0343,0.0084
-0.0335,0.0082
-0.0326,0.0081
-0.0318,0.0079
-0.0309,0.0078
-0.0299,0.0076
-0.0290,0.0075
-0.0280,0.0073
-0.0270,0.0071
-0.0259,0.0070
-0.0248,0.0068
-0.0237,0.0066
-0.0224,0.0064
-0.0212,0.0063
-0.0198,0.0061
-0.0184,0.0058
-0.0168,0.0055
-0.0150,0.0052
0.0000,0.0000
0.0000,0.0000
0.0000,0.0000
0.0000,0.0000
0.0000,0.0000
0.0000,0.0000
0.0000,0.0000
0.0000,0.0000
0.0000,0.0000
0.0000,0.0000
0.0000,0.0000
0.0000,0.0000
0.0000,0.0000
0.0000,0.0000
0.0000,0.0000
0.0000,0.0000
0.0000,0.0000
0.0000,0.0000
0.0000,0.0000
0.0000,0.0000
0.0000,0.0000
0.0000,0.0000
0.0000,0.0000
0.0000,0.0000
0.0000,0.0000
0.0000,0.0000
0.0000,0.0000
0.0000,0.0000
0.0000,0.0000
0.0000,0.0000
0.0000,0.0000
0.0000,0.0000
0.0000,0.0000
0.0000,0.0000
0.0000,0.0000
0.0000,0.0000
0.0000,0.0000
0.0000,0.0000
0.0000,0.0000
0.0000,0.0000
0.0000,0.0000
0.0000,0.0000
0.0000,0.0000
0.0000,0.0000
0.0000,0.0000
0.0000,0.0000
0.0000,0.0000
0.0000,0.0000
0.0000,0.0000
0.0000,0.0000
0.0000,0.0000
0.0000,0.0000
0.0000,0.0000
0.0000,0.0000
0.0000,0.0000
0.0000,0.0000
0.0000,0.0000
0.0000,0.0000
0.0000,0.0000
0.0000,0.0000
0.0000,0.0000
0.0000,0.0000
0.0000,0.0000
0.0000,0.0000
0.0000,0.0000
0.0000,0.0000
0.0000,0.0000
0.0000,0.0000
0.0000,0.0000
0.0000,0.0000
0.0000,0.0000
0.0000,0.0000
0.0000,0.0000
0.0000,0.0000
0.0000,0.0000
0.0000,0.0000
0.0000,0.0000
0.0000,0.0000
0.0000,0.0000
0.0000,0.0000
0.0000,0.0000
0.0000,0.0000
0.0000,0.0000
0.0000,0.0000
0.0000,0.0000
0.0000,0.0000
0.0000,0.0000
0.0000,0.0000
0.0000,0.0000
0.0000,0.0000
0.0000,0.0000
0.0000,0.0000
0.0000,0.0000
0.0000,0.0000
0.0000,0.0000
0.0000,0.0000
0.0000,0.0000
0.0000,0.0000
0.0000,0.0000
0.0000,0.0000
0.0000,0.0000
0.0000,0.0000
0.0000,0.0000
0.0000,0.0000
0.0000,0.0000
0.0000,0.0000
0.0000,0.0000
0.0000,0.0000
0.0000,0.0000
0.0000,0.0000
0.0000,0.0000
0.0000,0.0000
0.0000,0.0000
0.0000,0.0000
0.0000,0.0000
0.0000,0.0000
0.0000,0.0000
0.0000,0.0000
0.0000,0.0000
0.0000,0.0000
0.0000,0.0000
0.0000,0.0000
0.0000,0.0000
0.0000,0.0000
0.0000,0.0000
0.0000,0.0000
0.0000,0.0000
0.0000,0.0000
0.0000,0.0000
0.0000,0.0000
0.0000,0.0000
0.0000,0.0000
0.0000,0.0000
0.0000,0.0000
0.0000,0.0000
0.0000,0.0000
0.0000,0.0000
0.0000,0.0000
0.0000,0.0000
0.0000,0.0000
0.0000,0.0000
0.0000,0.0000
0.0000,0.0000
0.0000,0.0000
0.0000,0.0000
0.0000,0.0000
0.0000,0.0000
0.0000,0.0000
0.0000,0.0000
0.0000,0.0000
0.0000,0.0000
0.0000,0.0000
0.0000,0.0000
0.0000,0.0000
0.0000,0.0000
0.0000,0.0000
0.0000,0.0000
0.0000,0.0000
0.0000,0.0000
0.0000,0.0000
0.0000,0.0000
0.0000,0.0000
0.0000,0.0000
0.0000,0.0000
0.0000,0.0000
0.0000,0.0000
0.0000,0.0000
0.0000,0.0000
0.0000,0.0000
0.0000,0.0000
0.0000,0.0000
0.0000,0.0000
0.0000,0.0000
0.0000,0.0000
0.0000,0.0000
0.0000,0.0000
0.0000,0.0000
0.0000,0.0000
0.0000,0.0000
0.0000,0.0000
0.0000,0.0000
0.0000,0.0000
0.0000,0.0000
0.0000,0.0000
0.0000,0.0000
0.0000,0.0000
0.0000,0.0000
0.0000,0.0000
0.0000,0.0000
0.0000,0.0000
0.0000,0.0000
0.0000,0.0000
0.0000,0.0000
0.0000,0.0000
0.0000,0.0000
0.0000,0.0000
0.0000,0.0000
0.0000,0.0000
0.0000,0.0000
0.0000,0.0000
0.0000,0.0000
0.0000,0.0000
0.0000,0.0000
0.0000,0.0000
0.0000,0.0000
0.0000,0.0000
0.0000,0.0000
0.0000,0.0000
0.0000,0.0000
0.0000,0.0000
0.0000,0.0000
0.0000,0.0000
0.0000,0.0000
0.0000,0.0000
0.0000,0.0000
0.0000,0.0000
0.0000,0.0000
0.0000,0.0000
0.0000,0.0000
0.0000,0.0000
0.0000,0.0000
0.0000,0.0000
0.0000,0.0000
0.0000,0.0000
0.0000,0.0000
0.0000,0.0000
0.0000,0.0000
0.0000,0.0000
0.0000,0.0000
0.0000,0.0000
0.0000,0.0000
0.0000,0.0000
0.0000,0.0000
0.0000,0.0000
0.0000,0.0000
0.0000,0.0000
0.0000,0.0000
0.0000,0.0000
0.0000,0.0000
0.0000,0.0000
0.0000,0.0000
0.0000,0.0000
0.0000,0.0000
0.0000,0.0000
0.0000,0.0000
0.0000,0.0000
0.0000,0.0000
0.0000,0.0000
0.0000,0.0000
0.0000,0.0000
0.0000,0.0000
0.0000,0.0000
0.0000,0.0000
0.0000,0.0000
0.0000,0.0000
0.0000,0.0000
0.0000,0.0000
0.0000,0.0000
0.0000,0.0000
0.0000,0.0000
0.0000,0.0000
0.0000,0.0000
0.0000,0.0000
0.0000,0.0000
0.0000,0.0000
0.0000,0.0000
0.0000,0.0000
0.0000,0.0000
0.0000,0.0000
0.0000,0.0000
0.0000,0.0000
0.0000,0.0000
0.0000,0.0000
0.0000,0.0000
0.0000,0.0000
0.0000,0.0000
0.0000,0.0000
0.0000,0.0000
0.0000,0.0000
0.0000,0.0000
0.0000,0.0000
0.0000,0.0000
0.0000,0.0000
0.0000,0.0000
0.0000,0.0000
0.0000,0.0000
0.0000,0.0000
0.0000,0.0000
0.0000,0.0000
0.0000,0.0000
0.0000,0.0000
0.0000,0.0000
0.0000,0.0000
0.0000,0.0000
0.0000,0.0000
0.0000,0.0000
0.0000,0.0000
0.0000,0.0000
0.0000,0.0000
0.0000,0.0000
0.0000,0.0000
0.0000,0.0000
0.0000,0.0000
0.0000,0.0000
0.0000,0.0000
0.0000,0.0000
0.0000,0.0000
0.0000,0.0000
0.0000,0.0000
0.0000,0.0000
0.0000,0.0000
0.0000,0.0000
0.0000,0.0000
0.0000,0.0000
0.0000,0.0000
0.0000,0.0000
0.0000,0.0000
0.0000,0.0000
0.0000,0.0000
0.0000,0.0000
0.0000,0.0000
0.0000,0.0000
0.0000,0.0000
0.0000,0.0000
0.0000,0.0000
0.0000,0.0000
0.0000,0.0000
0.0000,0.0000
0.0000,0.0000
0.0000,0.0000
0.0000,0.0000
0.0000,0.0000
0.0000,0.0000
0.0000,0.0000
0.0000,0.0000
0.0000,0.0000
0.0000,0.0000
0.0000,0.0000
0.0000,0.0000
0.0000,0.0000
0.0000,0.0000
0.0000,0.0000
0.0000,0.0000
0.0000,0.0000
0.0000,0.0000
0.0000,0.0000
0.0000,0.0000
0.0000,0.0000
0.0000,0.0000
0.0000,0.0000
0.0000,0.0000
0.0000,0.0000
0.0000,0.0000
0.0000,0.0000
0.0000,0.0000
0.0000,0.0000
0.0000,0.0000
0.0000,0.0000
0.0000,0.0000
0.0000,0.0000
0.0000,0.0000
0.0000,0.0000
0.0000,0.0000
0.0000,0.0000
0.0000,0.0000
0.0000,0.0000
0.0000,0.0000
0.0000,0.0000
0.0000,0.0000
0.0000,0.0000
0.0000,0.0000
0.0000,0.0000
0.0000,0.0000
0.0000,0.0000
0.0000,0.0000
0.0000,0.0000
0.0000,0.0000
0.0000,0.0000
0.0000,0.0000
0.0000,0.0000
0.0000,0.0000
0.0000,0.0000
0.0000,0.0000
0.0000,0.0000
0.0000,0.0000
0.0000,0.0000
0.0000,0.0000
0.0000,0.0000
0.0000,0.0000
0.0000,0.0000
0.0000,0.0000
0.0000,0.0000
0.0000,0.0000
0.0000,0.0000
0.0000,0.0000
0.0000,0.0000
0.0000,0.0000
0.0000,0.0000
0.0000,0.0000
0.0000,0.0000
0.0000,0.0000
0.0000,0.0000
0.0000,0.0000
0.0000,0.0000
0.0000,0.0000
0.0000,0.0000
0.0000,0.0000
0.0000,0.0000
0.0000,0.0000
0.0000,0.0000
0.0000,0.0000
0.0000,0.0000
0.0000,0.0000
0.0000,0.0000
0.0000,0.0000
0.0000,0.0000
0.0000,0.0000
0.0000,0.0000
0.0000,0.0000
0.0000,0.0000
0.0000,0.0000
0.0000,0.0000
0.0000,0.0000
0.0000,0.0000
0.0000,0.0000
0.0000,0.0000
0.0000,0.0000
0.0000,0.0000
0.0000,0.0000
0.0000,0.0000
0.0000,0.0000
0.0000,0.0000
0.0000,0.0000
0.0000,0.0000
0.0000,0.0000
0.0000,0.0000
0.0000,0.0000
0.0000,0.0000
0.0000,0.0000
0.0000,0.0000
0.0000,0.0000
0.0000,0.0000
0.0000,0.0000
0.0000,0.0000
0.0000,0.0000
0.0000,0.0000
0.0000,0.0000
0.0000,0.0000
0.0000,0.0000
0.0000,0.0000
0.0000,0.0000
0.0000,0.0000
0.0000,0.0000
0.0000,0.0000
0.0000,0.0000
0.0000,0.0000
0.0000,0.0000
0.0000,0.0000
0.0000,0.0000
0.0000,0.0000
0.0000,0.0000
0.0000,0.0000
0.0000,0.0000
0.0000,0.0000
0.0000,0.0000
0.0000,0.0000
0.0000,0.0000
0.0000,0.0000
0.0000,0.0000
0.0000,0.0000
0.0000,0.0000
0.0000,0.0000
0.0000,0.0000
0.0000,0.0000
0.0000,0.0000
0.0000,0.0000
0.0000,0.0000
0.0000,0.0000
0.0000,0.0000
0.0000,0.0000
0.0000,0.0000
0.0000,0.0000
0.0000,0.0000
0.0000,0.0000
0.0000,0.0000
0.0000,0.0000
0.0000,0.0000
0.0000,0.0000
0.0000,0.0000
0.0000,0.0000
0.0000,0.0000
0.0000,0.0000
0.0000,0.0000
0.0000,0.0000
0.0000,0.0000
0.0000,0.0000
0.0000,0.0000
0.0000,0.0000
0.0000,0.0000
0.0000,0.0000
0.0000,0.0000
0.0000,0.0000
0.0000,0.0000
0.0000,0.0000
0.0000,0.0000
0.0000,0.0000
0.0000,0.0000
0.0000,0.0000
0.0000,0.0000
0.0000,0.0000
0.0000,0.0000
0.0000,0.0000
0.0000,0.0000
0.0000,0.0000
0.0000,0.0000
0.0000,0.0000
0.0000,0.0000
0.0000,0.0000
0.0000,0.0000
0.0000,0.0000
0.0000,0.0000
0.0000,0.0000
0.0000,0.0000
0.0000,0.0000
0.0000,0.0000
0.0000,0.0000
0.0000,0.0000
0.0000,0.0000
0.0000,0.0000
0.0000,0.0000
0.0000,0.0000
0.0000,0.0000
0.0000,0.0000
0.0000,0.0000
0.0000,0.0000
0.0000,0.0000
0.0000,0.0000
0.0000,0.0000
0.0000,0.0000
0.0000,0.0000
0.0000,0.0000
0.0000,0.0000
0.0000,0.0000
0.0000,0.0000
0.0000,0.0000
0.0000,0.0000
0.0000,0.0000
0.0000,0.0000
0.0000,0.0000
0.0000,0.0000
0.0000,0.0000
0.0000,0.0000
0.0000,0.0000
0.0000,0.0000
0.0000,0.0000
0.0000,0.0000
0.0000,0.0000
0.0000,0.0000
0.0000,0.0000
0.0000,0.0000
0.0000,0.0000
0.0000,0.0000
0.0000,0.0000
0.0000,0.0000
0.0000,0.0000
0.0000,0.0000
0.0000,0.0000
0.0000,0.0000
0.0000,0.0000
0.0000,0.0000
0.0000,0.0000
0.0000,0.0000
0.0000,0.0000
0.0000,0.0000
0.0000,0.0000
0.0000,0.0000
0.0000,0.0000
0.0000,0.0000
0.0000,0.0000
0.0000,0.0000
0.0000,0.0000
0.0000,0.0000
0.0000,0.0000
0.0000,0.0000
0.0000,0.0000
0.0000,0.0000
0.0000,0.0000
0.0000,0.0000
0.0000,0.0000
0.0000,0.0000
0.0000,0.0000
0.0000,0.0000
0.0000,0.0000
0.0000,0.0000
0.0000,0.0000
0.0000,0.0000
0.0000,0.0000
0.0000,0.0000
0.0000,0.0000
0.0000,0.0000
0.0000,0.0000
0.0000,0.0000
0.0000,0.0000
0.0000,0.0000
0.0000,0.0000
0.0000,0.0000
0.0000,0.0000
0.0000,0.0000
0.0000,0.0000
0.0000,0.0000
0.0000,0.0000
0.0000,0.0000
0.0000,0.0000
0.0000,0.0000
0.0000,0.0000
0.0000,0.0000
0.0000,0.0000
0.0000,0.0000
0.0000,0.0000
0.0000,0.0000
0.0000,0.0000
0.0000,0.0000
0.0000,0.0000
0.0000,0.0000
0.0000,0.0000
0.0000,0.0000
0.0000,0.0000
0.0000,0.0000
0.0000,0.0000
0.0000,0.0000
0.0000,0.0000
0.0000,0.0000
0.0000,0.0000
0.0000,0.0000
0.0000,0.0000
0.0000,0.0000
0.0000,0.0000
0.0000,0.0000
0.0000,0.0000
0.0000,0.0000
0.0000,0.0000
0.0000,0.0000
0.0000,0.0000
0.0000,0.0000
0.0000,0.0000
0.0000,0.0000
0.0000,0.0000
0.0000,0.0000
0.0000,0.0000
0.0000,0.0000
0.0000,0.0000
0.0000,0.0000
0.0000,0.0000
0.0000,0.0000
0.0000,0.0000
0.0000,0.0000
-0.9221
-0.4971
-0.4197
-0.4193
-0.3871
-0.3805
-0.3747
-0.3655
-0.3100
-0.3072
-0.2905
-0.2856
-0.2523
-0.2517
-0.2320
-0.2310
-0.2223
-0.2105
-0.2025
-0.1747
-0.1472
-0.1371
-0.1367
-0.1312
-0.1089
-0.1057
-0.0987
-0.0524
-0.0440
-0.0374
-0.0227
-0.0210
-0.0150
-0.0049
-0.0023
-0.0022
0.0120
0.0216
0.0217
0.0370
0.0376
0.0414
0.0506
0.0576
0.0753
0.0815
0.0883
0.0888
0.1064
0.1211
0.1225
0.1384
0.1437
0.1487
0.1490
0.1533
0.1548
0.1661
0.1682
0.1772
0.1786
0.1834
0.1867
0.1867
0.1982
0.2014
0.2060
0.2096
0.2103
0.2257
0.2277
0.2438
0.2464
0.2474
0.2530
0.2619
0.2726
0.2736
0.2739
0.2786
0.2835
0.2841
0.3022
0.3124
0.3165
0.3170
0.3171
0.3234
0.3349
0.3355
0.3407
0.3505
0.3519
0.3523
0.3534
0.3549
0.3632
0.3654
0.3783
0.3864
0.3902
0.3904
0.4221
0.4313
0.4351
0.4354
0.4372
0.4428
0.4484
0.4512
0.4536
0.4546
0.4552
0.4553
0.4553
0.4570
0.4631
0.4702
0.4725
0.4813
0.4827
0.4849
0.4922
0.4928
0.4932
0.4978
0.4986
0.5000
0.5047
0.5083
0.5097
0.5108
0.5122
0.5140
0.5160
0.5180
0.5186
0.5188
0.5201
0.5253
0.5259
0.5287
0.5287
0.5300
0.5349
0.5379
0.5390
0.5405
0.5423
0.5426
0.5440
0.5515
0.5543
0.5549
0.5647
0.5649
0.5719
0.5764
0.5828
0.5848
0.5951
0.5971
0.5976
0.6002
0.6082
0.6083
0.6167
0.6184
0.6184
0.6202
0.6240
0.6266
0.6294
0.6332
0.6426
0.6453
0.6457
0.6550
0.6564
0.6575
0.6617
0.6635
0.6635
0.6643
0.6643
0.6645
0.6667
0.6668
0.6686
0.6710
0.6804
0.6824
0.6836
0.6850
0.6901
0.6920
0.7064
0.7078
0.7139
0.7152
0.7178
0.7198
0.7201
0.7242
0.7261
0.7264
0.7271
0.7297
0.7306
0.7325
0.7335
0.7495
0.7507
0.7544
0.7574
0.7579
0.7641
0.7708
0.7739
0.7749
0.7777
0.7781
0.7781
0.7827
0.7827
0.7882
0.7927
0.8023
0.8038
0.8038
0.8039
0.8095
0.8113
0.8121
0.8131
0.8182
0.8196
0.8297
0.8322
0.8324
0.8369
0.8373
0.8391
0.8413
0.8423
0.8463
0.8466
0.8467
0.8515
0.8517
0.8582
0.8600
0.8641
0.8643
0.8661
0.8676
0.8687
0.8689
0.8697
0.8708
0.8720
0.8729
0.8751
0.8809
0.8817
0.8822
0.8863
0.8963
0.8979
0.9005
0.9011
0.9023
0.9076
0.9130
0.9181
0.9183
0.9241
0.9291
0.9316
0.9324
0.9326
0.9337
0.9388
0.9391
0.9392
0.9404
0.9415
0.9429
0.9524
0.9539
0.9546
0.9556
0.9568
0.9570
0.9589
0.9591
0.9616
0.9668
0.9677
0.9686
0.9701
0.9721
0.9724
0.9744
0.9746
0.9750
0.9842
0.9856
0.9903
0.9949
0.9982
1.0033
1.0035
1.0043
1.0052
1.0119
1.0120
1.0130
1.0168
1.0260
1.0269
1.0274
1.0288
1.0292
1.0293
1.0299
1.0330
1.0354
1.0406
1.0502
1.0518
1.0582
1.0588
1.0604
1.0609
1.0609
1.0615
1.0678
1.0708
1.0718
1.0734
1.0750
1.0751
1.0758
1.0795
1.0826
1.0839
1.0925
1.0933
1.0939
1.0941
1.0988
1.1052
1.1061
1.1127
1.1137
1.1152
1.1168
1.1204
1.1206
1.1220
1.1225
1.1226
1.1256
1.1326
1.1337
1.1352
1.1371
1.1387
1.1407
1.1431
1.1461
1.1461
1.1485
1.1518
1.1518
1.1519
1.1521
1.1556
1.1580
1.1604
1.1639
1.1644
1.1682
1.1704
1.1756
1.1808
1.1818
1.1827
1.1887
1.1910
1.1911
1.1915
1.1918
1.1930
1.1945
1.1958
1.2020
1.2027
1.2031
1.2042
1.2083
1.2088
1.2192
1.2250
1.2256
1.2257
1.2263
1.2268
1.2274
1.2279
1.2286
1.2317
1.2325
1.2328
1.2375
1.2414
1.2440
1.2538
1.2586
1.2591
1.2650
1.2655
1.2687
1.2704
1.2776
1.2785
1.2787
1.2789
1.2826
1.2837
1.2877
1.2882
1.2941
1.2948
1.2955
1.2993
1.3018
1.3068
1.3099
1.3135
1.3147
1.3155
1.3155
1.3159
1.3181
1.3187
1.3210
1.3215
1.3310
1.3394
1.3428
1.3464
1.3465
1.3479
1.3527
1.3622
1.3627
1.3641
1.3647
1.3684
1.3703
1.3736
1.3765
1.3772
1.3786
1.3814
1.3844
1.3846
1.3866
1.3877
1.3898
1.3920
1.4006
1.4021
1.4023
1.4023
1.4034
1.4036
1.4036
1.4056
1.4075
1.4131
1.4186
1.4309
1.4313
1.4334
1.4341
1.4360
1.4368
1.4412
1.4436
1.4480
1.4556
1.4566
1.4607
1.4609
1.4652
1.4660
1.4701
1.4731
1.4775
1.4782
1.4792
1.4809
1.4818
1.4843
1.4844
1.4847
1.4863
1.4927
1.4961
1.4963
1.4987
1.5014
1.5125
1.5133
1.5141
1.5171
1.5178
1.5182
1.5187
1.5195
1.5211
1.5213
1.5250
1.5258
1.5290
1.5314
1.5317
1.5320
1.5345
1.5345
1.5362
1.5364
1.5402
1.5406
1.5470
1.5480
1.5516
1.5517
1.5536
1.5543
1.5562
1.5570
1.5577
1.5671
1.5674
1.5681
1.5682
1.5740
1.5751
1.5759
1.5828
1.5854
1.5905
1.5912
1.5922
1.5937
1.5951
1.5979
1.6035
1.6105
1.6150
1.6156
1.6220
1.6220
1.6241
1.6251
1.6255
1.6321
1.6344
1.6423
1.6455
1.6465
1.6505
1.6519
1.6549
1.6562
1.6570
1.6583
1.6592
1.6598
1.6610
1.6613
1.6644
1.6679
1.6681
1.6714
1.6745
1.6789
1.6824
1.6840
1.6860
1.6904
1.6914
1.6933
1.6935
1.6952
1.6965
1.7000
1.7027
1.7116
1.7116
1.7193
1.7201
1.7207
1.7236
1.7283
1.7290
1.7297
1.7318
1.7319
1.7323
1.7358
1.7395
1.7406
1.7442
1.7479
1.7484
1.7503
1.7537
1.7551
1.7567
1.7590
1.7591
1.7601
1.7622
1.7632
1.7646
1.7741
1.7818
1.7830
1.7851
1.7886
1.7906
1.7908
1.7929
1.7945
1.7952
1.8000
1.8008
1.8016
1.8021
1.8028
1.8047
1.8047
1.8079
1.8097
1.8128
1.8134
1.8163
1.8169
1.8189
1.8218
1.8259
1.8261
1.8288
1.8289
1.8326
1.8349
1.8361
1.8370
1.8373
1.8462
1.8499
1.8509
1.8567
1.8588
1.8617
1.8633
1.8666
1.8717
1.8731
1.8737
1.8741
1.8790
1.8808
1.8820
1.8916
1.8960
1.8984
1.8991
1.8993
1.9014
1.9021
1.9088
1.9093
1.9139
1.9160
1.9177
1.9249
1.9375
1.9399
1.9432
1.9500
1.9504
1.9508
1.9519
1.9550
1.9588
1.9599
1.9605
1.9625
1.9633
1.9633
1.9704
1.9758
1.9758
1.9767
1.9794
1.9794
1.9804
1.9806
1.9840
1.9853
1.9889
1.9899
1.9936
1.9941
1.9964
1.9976
1.9988
2.0012
2.0082
2.0124
2.0207
2.0272
2.0323
2.0357
2.0491
2.0510
2.0519
2.0547
2.0557
2.0575
2.0628
2.0643
2.0663
2.0687
2.0690
2.0704
2.0713
2.0754
2.0807
2.0838
2.0897
2.0901
2.0951
2.0973
2.1000
2.1131
2.1134
2.1213
2.1251
2.1268
2.1284
2.1324
2.1326
2.1358
2.1375
2.1417
2.1449
2.1463
2.1482
2.1498
2.1523
2.1587
2.1601
2.1601
2.1653
2.1664
2.1684
2.1699
2.1706
2.1735
2.1740
2.1741
2.1747
2.1752
2.1792
2.1811
2.1815
2.1834
2.1850
2.1883
2.1917
2.1947
2.1983
2.2045
2.2101
2.2243
2.2247
2.2266
2.2278
2.2281
2.2290
2.2369
2.2375
2.2429
2.2456
2.2543
2.2567
2.2570
2.2577
2.2596
2.2645
2.2658
2.2713
2.2752
2.2780
2.2822
2.2861
2.2976
2.3122
2.3179
2.3252
2.3333
2.3387
2.3422
2.3433
2.3519
2.3523
2.3576
2.3590
2.3596
2.3629
2.3713
2.3754
2.3772
2.3792
2.3795
2.3991
2.4013
2.4046
2.4071
2.4237
2.4258
2.4267
2.4301
2.4328
2.4389
2.4428
2.4436
2.4539
2.4552
2.4557
2.4733
2.4748
2.4781
2.4876
2.4897
2.4969
2.4974
2.5012
2.5025
2.5072
2.5119
2.5209
2.5236
2.5267
2.5362
2.5368
2.5395
2.5503
2.5563
2.5566
2.5626
2.5680
2.5725
2.5821
2.5879
2.5932
2.6003
2.6082
2.6113
2.6128
2.6240
2.6270
2.6306
2.6526
2.6585
2.6602
2.6631
2.6729
2.6764
2.6795
2.6863
2.6918
2.7075
2.7207
2.7230
2.7285
2.7288
2.7299
2.7320
2.7370
2.7509
2.7593
2.7675
2.7681
2.7712
2.7728
2.7765
2.7906
2.7963
2.8041
2.8065
2.8113
2.8215
2.8518
2.8556
2.8774
2.8912
2.8924
2.9086
2.9092
2.9151
2.9165
2.9252
2.9336
2.9364
2.9409
2.9486
2.9529
2.9556
2.9614
2.9630
2.9766
2.9809
3.0049
3.0150
3.0390
3.0465
3.0466
3.0700
3.0705
3.0758
3.0767
3.0776
3.1031
3.1374
3.1435
3.1641
3.1651
3.1734
3.1864
3.1865
3.1874
3.1882
3.2412
3.2459
3.2602
3.2722
3.2934
3.3006
3.3697
3.3781
3.3941
3.3945
3.3995
3.4016
3.4025
3.4257
3.4360
3.4524
3.4567
3.4598
3.4717
3.4988
3.5578
3.5620
3.5631
3.5804
3.6333
3.6513
3.6642
3.6652
3.7251
3.7290
3.7652
3.7807
3.8091
3.8805
3.8975
3.9255
4.0087
4.0225
4.0423
4.0461
4.0551
4.0842
4.3091
4.4589
4.4617
4.6491
5.2409
5.3112
5.3364
6.0858
