1000
1000
-1.7729,0.2145
-1.6787,0.2136
-1.4511,0.1646
-1.2917,0.1535
-1.1741,0.1504
-1.0839,0.1486
-1.0115,0.1464
-0.9523,0.1445
-0.9024,0.1417
-0.8596,0.1386
-0.8227,0.1358
-0.7900,0.1329
-0.7609,0.1299
-0.7347,0.1269
-0.7111,0.1241
-0.6897,0.1217
-0.6704,0.1198
-0.6526,0.1180
-0.6362,0.1162
-0.6210,0.1145
-0.6069,0.1129
-0.5937,0.1112
-0.5813,0.1097
-0.5696,0.1083
-0.5587,0.1070
-0.5484,0.1058
-0.5386,0.1045
-0.5293,0.1033
-0.5205,0.1022
-0.5121,0.1011
-0.5041,0.1000
-0.4964,0.0990
-0.4891,0.0980
-0.4820,0.0971
-0.4752,0.0962
-0.4687,0.0953
-0.4624,0.0945
-0.4564,0.0936
-0.4505,0.0928
-0.4449,0.0920
-0.4394,0.0912
-0.4342,0.0904
-0.4291,0.0896
-0.4241,0.0889
-0.4193,0.0881
-0.4147,0.0874
-0.4102,0.0867
-0.4059,0.0860
-0.4017,0.0854
-0.3976,0.0847
-0.3936,0.0841
-0.3898,0.0835
-0.3860,0.0829
-0.3824,0.0823
-0.3788,0.0818
-0.3754,0.0812
-0.3721,0.0807
-0.3689,0.0802
-0.3657,0.0797
-0.3626,0.0793
-0.3596,0.0788
-0.3567,0.0783
-0.3538,0.0779
-0.3510,0.0774
-0.3483,0.0770
-0.3456,0.0766
-0.3430,0.0762
-0.3405,0.0758
-0.3380,0.0754
-0.3355,0.0750
-0.3331,0.0746
-0.3308,0.0742
-0.3284,0.0738
-0.3262,0.0734
-0.3240,0.0730
-0.3218,0.0726
-0.3196,0.0722
-0.3176,0.0718
-0.3155,0.0715
-0.3135,0.0711
-0.3115,0.0707
-0.3095,0.0704
-0.3076,0.0700
-0.3058,0.0697
-0.3039,0.0693
-0.3021,0.0690
-0.3003,0.0686
-0.2986,0.0683
-0.2968,0.0680
-0.2951,0.0677
-0.2935,0.0674
-0.2919,0.0671
-0.2903,0.0668
-0.2887,0.0665
-0.2871,0.0662
-0.2856,0.0660
-0.2841,0.0657
-0.2826,0.0654
-0.2811,0.0652
-0.2797,0.0649
-0.2783,0.0646
-0.2769,0.0644
-0.2755,0.0641
-0.2742,0.0639
-0.2728,0.0636
-0.2715,0.0634
-0.2702,0.0631
-0.2689,0.0629
-0.2677,0.0627
-0.2664,0.0624
-0.2652,0.0622
-0.2640,0.0620
-0.2628,0.0617
-0.2616,0.0615
-0.2605,0.0613
-0.2593,0.0611
-0.2582,0.0608
-0.2571,0.0606
-0.2560,0.0604
-0.2549,0.0602
-0.2538,0.0600
-0.2527,0.0598
-0.2516,0.0596
-0.2506,0.0594
-0.2496,0.0592
-0.2485,0.0590
-0.2475,0.0588
-0.2465,0.0586
-0.2455,0.0584
-0.2446,0.0582
-0.2436,0.0580
-0.2426,0.0578
-0.2417,0.0576
-0.2407,0.0574
-0.2398,0.0572
-0.2389,0.0570
-0.2380,0.0568
-0.2371,0.0566
-0.2362,0.0564
-0.2353,0.0562
-0.2344,0.0561
-0.2335,0.0559
-0.2327,0.0557
-0.2318,0.0555
-0.2310,0.0553
-0.2302,0.0551
-0.2293,0.0550
-0.2285,0.0548
-0.2277,0.0546
-0.2269,0.0544
-0.2262,0.0543
-0.2254,0.0541
-0.2246,0.0539
-0.2239,0.0538
-0.2231,0.0536
-0.2224,0.0535
-0.2216,0.0533
-0.2209,0.0532
-0.2202,0.0530
-0.2195,0.0529
-0.2188,0.0527
-0.2181,0.0526
-0.2174,0.0524
-0.2167,0.0523
-0.2160,0.0521
-0.2153,0.0520
-0.2147,0.0519
-0.2140,0.0517
-0.2133,0.0516
-0.2127,0.0514
-0.2121,0.0513
-0.2114,0.0512
-0.2108,0.0510
-0.2101,0.0509
-0.2095,0.0508
-0.2089,0.0506
-0.2083,0.0505
-0.2077,0.0503
-0.2071,0.0502
-0.2064,0.0501
-0.2059,0.0499
-0.2053,0.0498
-0.2047,0.0497
-0.2041,0.0495
-0.2035,0.0494
-0.2029,0.0493
-0.2024,0.0491
-0.2018,0.0490
-0.2012,0.0489
-0.2007,0.0488
-0.2001,0.0486
-0.1996,0.0485
-0.1990,0.0484
-0.1985,0.0483
-0.1980,0.0481
-0.1974,0.0480
-0.1969,0.0479
-0.1964,0.0478
-0.1958,0.0476
-0.1953,0.0475
-0.1948,0.0474
-0.1943,0.0473
-0.1938,0.0472
-0.1933,0.0471
-0.1928,0.0469
-0.1923,0.0468
-0.1918,0.0467
-0.1913,0.0466
-0.1909,0.0465
-0.1904,0.0464
-0.1899,0.0463
-0.1894,0.0462
-0.1890,0.0461
-0.1885,0.0460
-0.1881,0.0459
-0.1876,0.0458
-0.1872,0.0457
-0.1867,0.0456
-0.1863,0.0455
-0.1858,0.0454
-0.1854,0.0453
-0.1849,0.0452
-0.1845,0.0451
-0.1841,0.0450
-0.1836,0.0449
-0.1832,0.0448
-0.1828,0.0447
-0.1824,0.0446
-0.1820,0.0445
-0.1815,0.0444
-0.1811,0.0443
-0.1807,0.0442
-0.1803,0.0441
-0.1799,0.0441
-0.1795,0.0440
-0.1791,0.0439
-0.1787,0.0438
-0.1783,0.0437
-0.1779,0.0436
-0.1775,0.0435
-0.1772,0.0434
-0.1768,0.0433
-0.1764,0.0432
-0.1760,0.0432
-0.1756,0.0431
-0.1753,0.0430
-0.1749,0.0429
-0.1745,0.0428
-0.1741,0.0427
-0.1738,0.0426
-0.1734,0.0426
-0.1730,0.0425
-0.1727,0.0424
-0.1723,0.0423
-0.1720,0.0422
-0.1716,0.0422
-0.1713,0.0421
-0.1709,0.0420
-0.1706,0.0419
-0.1702,0.0418
-0.1699,0.0418
-0.1696,0.0417
-0.1692,0.0416
-0.1689,0.0415
-0.1686,0.0415
-0.1682,0.0414
-0.1679,0.0413
-0.1676,0.0412
-0.1672,0.0412
-0.1669,0.0411
-0.1666,0.0410
-0.1663,0.0409
-0.1660,0.0409
-0.1656,0.0408
-0.1653,0.0407
-0.1650,0.0407
-0.1647,0.0406
-0.1644,0.0405
-0.1641,0.0404
-0.1638,0.0404
-0.1635,0.0403
-0.1632,0.0402
-0.1629,0.0402
-0.1626,0.0401
-0.1623,0.0400
-0.1620,0.0400
-0.1617,0.0399
-0.1614,0.0398
-0.1611,0.0398
-0.1608,0.0397
-0.1605,0.0396
-0.1602,0.0396
-0.1599,0.0395
-0.1596,0.0394
-0.1594,0.0394
-0.1591,0.0393
-0.1588,0.0392
-0.1585,0.0392
-0.1583,0.0391
-0.1580,0.0390
-0.1577,0.0390
-0.1574,0.0389
-0.1572,0.0389
-0.1569,0.0388
-0.1566,0.0387
-0.1564,0.0387
-0.1561,0.0386
-0.1558,0.0386
-0.1556,0.0385
-0.1553,0.0384
-0.1550,0.0384
-0.1548,0.0383
-0.1545,0.0382
-0.1543,0.0382
-0.1540,0.0381
-0.1537,0.0381
-0.1535,0.0380
-0.1532,0.0379
-0.1530,0.0379
-0.1527,0.0378
-0.1525,0.0377
-0.1522,0.0377
-0.1520,0.0376
-0.1517,0.0376
-0.1515,0.0375
-0.1512,0.0374
-0.1510,0.0374
-0.1508,0.0373
-0.1505,0.0373
-0.1503,0.0372
-0.1500,0.0372
-0.1498,0.0371
-0.1496,0.0370
-0.1493,0.0370
-0.1491,0.0369
-0.1489,0.0369
-0.1486,0.0368
-0.1484,0.0368
-0.1482,0.0367
-0.1479,0.0367
-0.1477,0.0366
-0.1475,0.0365
-0.1473,0.0365
-0.1470,0.0364
-0.1468,0.0364
-0.1466,0.0363
-0.1464,0.0363
-0.1461,0.0362
-0.1459,0.0362
-0.1457,0.0361
-0.1455,0.0361
-0.1453,0.0360
-0.1451,0.0360
-0.1448,0.0359
-0.1446,0.0359
-0.1444,0.0358
-0.1442,0.0358
-0.1440,0.0357
-0.1438,0.0357
-0.1436,0.0356
-0.1434,0.0356
-0.1432,0.0355
-0.1429,0.0355
-0.1427,0.0354
-0.1425,0.0354
-0.1423,0.0353
-0.1421,0.0353
-0.1419,0.0352
-0.1417,0.0352
-0.1415,0.0351
-0.1413,0.0351
-0.1411,0.0351
-0.1409,0.0350
-0.1407,0.0350
-0.1405,0.0349
-0.1403,0.0349
-0.1401,0.0348
-0.1399,0.0348
-0.1397,0.0347
-0.1396,0.0347
-0.1394,0.0346
-0.1392,0.0346
-0.1390,0.0345
-0.1388,0.0345
-0.1386,0.0345
-0.1384,0.0344
-0.1382,0.0344
-0.1380,0.0343
-0.1378,0.0343
-0.1377,0.0342
-0.1375,0.0342
-0.1373,0.0341
-0.1371,0.0341
-0.1369,0.0341
-0.1367,0.0340
-0.1366,0.0340
-0.1364,0.0339
-0.1362,0.0339
-0.1360,0.0339
-0.1358,0.0338
-0.1357,0.0338
-0.1355,0.0337
-0.1353,0.0337
-0.1351,0.0336
-0.1349,0.0336
-0.1348,0.0336
-0.1346,0.0335
-0.1344,0.0335
-0.1342,0.0334
-0.1341,0.0334
-0.1339,0.0334
-0.1337,0.0333
-0.1336,0.0333
-0.1334,0.0332
-0.1332,0.0332
-0.1330,0.0331
-0.1329,0.0331
-0.1327,0.0331
-0.1325,0.0330
-0.1324,0.0330
-0.1322,0.0329
-0.1320,0.0329
-0.1319,0.0329
-0.1317,0.0328
-0.1315,0.0328
-0.1314,0.0328
-0.1312,0.0327
-0.1310,0.0327
-0.1309,0.0326
-0.1307,0.0326
-0.1306,0.0326
-0.1304,0.0325
-0.1302,0.0325
-0.1301,0.0325
-0.1299,0.0324
-0.1298,0.0324
-0.1296,0.0323
-0.1295,0.0323
-0.1293,0.0323
-0.1291,0.0322
-0.1290,0.0322
-0.1288,0.0322
-0.1287,0.0321
-0.1285,0.0321
-0.1284,0.0321
-0.1282,0.0320
-0.1281,0.0320
-0.1279,0.0320
-0.1278,0.0319
-0.1276,0.0319
-0.1275,0.0319
-0.1273,0.0318
-0.1272,0.0318
-0.1270,0.0318
-0.1269,0.0317
-0.1267,0.0317
-0.1266,0.0317
-0.1264,0.0316
-0.1263,0.0316
-0.1261,0.0316
-0.1260,0.0315
-0.1258,0.0315
-0.1257,0.0315
-0.1256,0.0314
-0.1254,0.0314
-0.1253,0.0314
-0.1251,0.0313
-0.1250,0.0313
-0.1248,0.0313
-0.1247,0.0312
-0.1246,0.0312
-0.1244,0.0312
-0.1243,0.0311
-0.1241,0.0311
-0.1240,0.0311
-0.1239,0.0310
-0.1237,0.0310
-0.1236,0.0310
-0.1235,0.0309
-0.1233,0.0309
-0.1232,0.0309
-0.1230,0.0308
-0.1229,0.0308
-0.1228,0.0308
-0.1226,0.0307
-0.1225,0.0307
-0.1224,0.0307
-0.1222,0.0306
-0.1221,0.0306
-0.1220,0.0306
-0.1218,0.0305
-0.1217,0.0305
-0.1216,0.0305
-0.1214,0.0305
-0.1213,0.0304
-0.1212,0.0304
-0.1210,0.0304
-0.1209,0.0303
-0.1208,0.0303
-0.1207,0.0303
-0.1205,0.0302
-0.1204,0.0302
-0.1203,0.0302
-0.1201,0.0301
-0.1200,0.0301
-0.1199,0.0301
-0.1198,0.0300
-0.1196,0.0300
-0.1195,0.0300
-0.1194,0.0300
-0.1193,0.0299
-0.1191,0.0299
-0.1190,0.0299
-0.1189,0.0298
-0.1188,0.0298
-0.1186,0.0298
-0.1185,0.0297
-0.1184,0.0297
-0.1183,0.0297
-0.1182,0.0297
-0.1180,0.0296
-0.1179,0.0296
-0.1178,0.0296
-0.1177,0.0295
-0.1175,0.0295
-0.1174,0.0295
-0.1173,0.0295
-0.1172,0.0294
-0.1171,0.0294
-0.1170,0.0294
-0.1168,0.0293
-0.1167,0.0293
-0.1166,0.0293
-0.1165,0.0293
-0.1164,0.0292
-0.1163,0.0292
-0.1161,0.0292
-0.1160,0.0291
-0.1159,0.0291
-0.1158,0.0291
-0.1157,0.0291
-0.1156,0.0290
-0.1154,0.0290
-0.1153,0.0290
-0.1152,0.0289
-0.1151,0.0289
-0.1150,0.0289
-0.1149,0.0289
-0.1148,0.0288
-0.1147,0.0288
-0.1145,0.0288
-0.1144,0.0288
-0.1143,0.0287
-0.1142,0.0287
-0.1141,0.0287
-0.1140,0.0286
-0.1139,0.0286
-0.1138,0.0286
-0.1137,0.0286
-0.1136,0.0285
-0.1134,0.0285
-0.1133,0.0285
-0.1132,0.0285
-0.1131,0.0284
-0.1130,0.0284
-0.1129,0.0284
-0.1128,0.0284
-0.1127,0.0283
-0.1126,0.0283
-0.1125,0.0283
-0.1124,0.0282
-0.1123,0.0282
-0.1122,0.0282
-0.1121,0.0282
-0.1119,0.0281
-0.1118,0.0281
-0.1117,0.0281
-0.1116,0.0281
-0.1115,0.0280
-0.1114,0.0280
-0.1113,0.0280
-0.1112,0.0280
-0.1111,0.0279
-0.1110,0.0279
-0.1109,0.0279
-0.1108,0.0279
-0.1107,0.0278
-0.1106,0.0278
-0.1105,0.0278
-0.1104,0.0278
-0.1103,0.0277
-0.1102,0.0277
-0.1101,0.0277
-0.1100,0.0277
-0.1099,0.0276
-0.1098,0.0276
-0.1097,0.0276
-0.1096,0.0276
-0.1095,0.0275
-0.1094,0.0275
-0.1093,0.0275
-0.1092,0.0275
-0.1091,0.0274
-0.1090,0.0274
-0.1089,0.0274
-0.1088,0.0274
-0.1087,0.0273
-0.1086,0.0273
-0.1085,0.0273
-0.1084,0.0273
-0.1083,0.0272
-0.1082,0.0272
-0.1082,0.0272
-0.1081,0.0272
-0.1080,0.0272
-0.1079,0.0271
-0.1078,0.0271
-0.1077,0.0271
-0.1076,0.0271
-0.1075,0.0270
-0.1074,0.0270
-0.1073,0.0270
-0.1072,0.0270
-0.1071,0.0269
-0.1070,0.0269
-0.1069,0.0269
-0.1068,0.0269
-0.1067,0.0268
-0.1067,0.0268
-0.1066,0.0268
-0.1065,0.0268
-0.1064,0.0268
-0.1063,0.0267
-0.1062,0.0267
-0.1061,0.0267
-0.1060,0.0267
-0.1059,0.0266
-0.1058,0.0266
-0.1057,0.0266
-0.1057,0.0266
-0.1056,0.0265
-0.1055,0.0265
-0.1054,0.0265
-0.1053,0.0265
-0.1052,0.0265
-0.1051,0.0264
-0.1050,0.0264
-0.1049,0.0264
-0.1049,0.0264
-0.1048,0.0264
-0.1047,0.0263
-0.1046,0.0263
-0.1045,0.0263
-0.1044,0.0263
-0.1043,0.0262
-0.1043,0.0262
-0.1042,0.0262
-0.1041,0.0262
-0.1040,0.0262
-0.1039,0.0261
-0.1038,0.0261
-0.1037,0.0261
-0.1037,0.0261
-0.1036,0.0260
-0.1035,0.0260
-0.1034,0.0260
-0.1033,0.0260
-0.1032,0.0260
-0.1032,0.0259
-0.1031,0.0259
-0.1030,0.0259
-0.1029,0.0259
-0.1028,0.0259
-0.1027,0.0258
-0.1027,0.0258
-0.1026,0.0258
-0.1025,0.0258
-0.1024,0.0258
-0.1023,0.0257
-0.1022,0.0257
-0.1022,0.0257
-0.1021,0.0257
-0.1020,0.0257
-0.1019,0.0256
-0.1018,0.0256
-0.1018,0.0256
-0.1017,0.0256
-0.1016,0.0256
-0.1015,0.0255
-0.1014,0.0255
-0.1014,0.0255
-0.1013,0.0255
-0.1012,0.0255
-0.1011,0.0254
-0.1010,0.0254
-0.1010,0.0254
-0.1009,0.0254
-0.1008,0.0254
-0.1007,0.0253
-0.1006,0.0253
-0.1006,0.0253
-0.1005,0.0253
-0.1004,0.0253
-0.1003,0.0252
-0.1003,0.0252
-0.1002,0.0252
-0.1001,0.0252
-0.1000,0.0252
-0.1000,0.0251
-0.0999,0.0251
-0.0998,0.0251
-0.0997,0.0251
-0.0996,0.0251
-0.0996,0.0250
-0.0995,0.0250
-0.0994,0.0250
-0.0993,0.0250
-0.0993,0.0250
-0.0992,0.0249
-0.0991,0.0249
-0.0990,0.0249
-0.0990,0.0249
-0.0989,0.0249
-0.0988,0.0249
-0.0987,0.0248
-0.0987,0.0248
-0.0986,0.0248
-0.0985,0.0248
-0.0984,0.0248
-0.0984,0.0247
-0.0983,0.0247
-0.0982,0.0247
-0.0982,0.0247
-0.0981,0.0247
-0.0980,0.0247
-0.0979,0.0246
-0.0979,0.0246
-0.0978,0.0246
-0.0977,0.0246
-0.0976,0.0246
-0.0976,0.0245
-0.0975,0.0245
-0.0974,0.0245
-0.0974,0.0245
-0.0973,0.0245
-0.0972,0.0245
-0.0972,0.0244
-0.0971,0.0244
-0.0970,0.0244
-0.0969,0.0244
-0.0969,0.0244
-0.0968,0.0244
-0.0967,0.0243
-0.0967,0.0243
-0.0966,0.0243
-0.0965,0.0243
-0.0965,0.0243
-0.0964,0.0243
-0.0963,0.0242
-0.0962,0.0242
-0.0962,0.0242
-0.0961,0.0242
-0.0960,0.0242
-0.0960,0.0242
-0.0959,0.0241
-0.0958,0.0241
-0.0958,0.0241
-0.0957,0.0241
-0.0956,0.0241
-0.0956,0.0241
-0.0955,0.0240
-0.0954,0.0240
-0.0954,0.0240
-0.0953,0.0240
-0.0952,0.0240
-0.0952,0.0240
-0.0951,0.0239
-0.0950,0.0239
-0.0950,0.0239
-0.0949,0.0239
-0.0948,0.0239
-0.0948,0.0239
-0.0947,0.0238
-0.0946,0.0238
-0.0946,0.0238
-0.0945,0.0238
-0.0944,0.0238
-0.0944,0.0238
-0.0943,0.0237
-0.0943,0.0237
-0.0942,0.0237
-0.0941,0.0237
-0.0941,0.0237
-0.0940,0.0237
-0.0939,0.0237
-0.0939,0.0236
-0.0938,0.0236
-0.0937,0.0236
-0.0937,0.0236
-0.0936,0.0236
-0.0935,0.0236
-0.0935,0.0235
-0.0934,0.0235
-0.0934,0.0235
-0.0933,0.0235
-0.0932,0.0235
-0.0932,0.0235
-0.0931,0.0234
-0.0930,0.0234
-0.0930,0.0234
-0.0929,0.0234
-0.0929,0.0234
-0.0928,0.0234
-0.0927,0.0234
-0.0927,0.0233
-0.0926,0.0233
-0.0925,0.0233
-0.0925,0.0233
-0.0924,0.0233
-0.0924,0.0233
-0.0923,0.0233
-0.0922,0.0232
-0.0922,0.0232
-0.0921,0.0232
-0.0921,0.0232
-0.0920,0.0232
-0.0919,0.0232
-0.0919,0.0232
-0.0918,0.0231
-0.0918,0.0231
-0.0917,0.0231
-0.0916,0.0231
-0.0916,0.0231
-0.0915,0.0231
-0.0915,0.0231
-0.0914,0.0230
-0.0913,0.0230
-0.0913,0.0230
-0.0912,0.0230
-0.0912,0.0230
-0.0911,0.0230
-0.0910,0.0230
-0.0910,0.0229
-0.0909,0.0229
-0.0909,0.0229
-0.0908,0.0229
-0.0908,0.0229
-0.0907,0.0229
-0.0906,0.0229
-0.0906,0.0228
-0.0905,0.0228
-0.0905,0.0228
-0.0904,0.0228
-0.0904,0.0228
-0.0903,0.0228
-0.0902,0.0228
-0.0902,0.0227
-0.0901,0.0227
-0.0901,0.0227
-0.0900,0.0227
-0.0900,0.0227
-0.0899,0.0227
-0.0898,0.0227
-0.0898,0.0227
-0.0897,0.0226
-0.0897,0.0226
-0.0896,0.0226
-0.0896,0.0226
-0.0895,0.0226
-0.0895,0.0226
-0.0894,0.0226
-0.0893,0.0225
-0.0893,0.0225
-0.0892,0.0225
-0.0892,0.0225
-0.0891,0.0225
-0.0891,0.0225
-0.0890,0.0225
-0.0890,0.0225
-0.0889,0.0224
-0.0888,0.0224
-0.0888,0.0224
-0.0887,0.0224
-0.0887,0.0224
-0.0886,0.0224
-0.0886,0.0224
-0.0885,0.0224
-0.0885,0.0223
-0.0884,0.0223
-0.0884,0.0223
-0.0883,0.0223
-0.0883,0.0223
-0.0882,0.0223
-0.0881,0.0223
-0.0881,0.0222
-0.0880,0.0222
-0.0880,0.0222
-0.0879,0.0222
-0.0879,0.0222
-0.0878,0.0222
-0.0878,0.0222
-0.0877,0.0222
-0.0877,0.0221
-0.0876,0.0221
-0.0876,0.0221
-0.0875,0.0221
-0.0875,0.0221
-0.0874,0.0221
-0.0873,0.0221
-0.0873,0.0221
-0.0872,0.0220
-0.0872,0.0220
-0.0871,0.0220
-0.0871,0.0220
-0.0870,0.0220
-0.0870,0.0220
-0.0869,0.0220
-0.0869,0.0219
-0.0868,0.0219
-0.0868,0.0219
-0.0867,0.0219
-0.0867,0.0219
-0.0866,0.0219
-0.0866,0.0219
-0.0865,0.0219
-0.0865,0.0218
-0.0864,0.0218
-0.0864,0.0218
-0.0863,0.0218
-0.0863,0.0218
-0.0862,0.0218
-0.0862,0.0218
-0.0861,0.0218
-0.0861,0.0217
-0.0860,0.0217
-0.0860,0.0217
-0.0859,0.0217
-0.0859,0.0217
-0.0858,0.0217
-0.0858,0.0217
-0.0857,0.0217
-0.0857,0.0216
-0.0856,0.0216
-0.0856,0.0216
-0.0855,0.0216
-0.0855,0.0216
-0.0854,0.0216
-0.0854,0.0216
-0.0853,0.0216
-0.0853,0.0215
-0.0852,0.0215
-0.0852,0.0215
-0.0851,0.0215
-0.0851,0.0215
-0.0850,0.0215
-0.0850,0.0215
-0.0849,0.0215
-0.0849,0.0214
-0.0848,0.0214
-0.0848,0.0214
-0.0847,0.0214
-0.0847,0.0214
-0.0846,0.0214
-0.0846,0.0214
-0.0845,0.0214
-0.0845,0.0214
-0.0845,0.0213
-0.0844,0.0213
-0.0844,0.0213
-0.0843,0.0213
-0.0843,0.0213
-0.0842,0.0213
-0.0842,0.0213
-0.0841,0.0213
-0.0841,0.0212
-0.0840,0.0212
-0.0840,0.0212
-0.0839,0.0212
-0.0839,0.0212
-0.0838,0.0212
-0.0838,0.0212
-0.0837,0.0212
-0.0837,0.0212
-0.0837,0.0211
-0.0836,0.0211
-0.0836,0.0211
-0.0835,0.0211
-0.0835,0.0211
-0.0834,0.0211
-0.0834,0.0211
-0.0833,0.0211
-0.0833,0.0210
-0.0832,0.0210
-0.0832,0.0210
-0.0831,0.0210
-0.0831,0.0210
-0.0831,0.0210
-0.0830,0.0210
-0.0830,0.0210
-0.0829,0.0210
0.0413
0.0423
0.1067
0.2164
0.2394
0.2407
0.2640
0.2801
0.2892
0.2933
0.3013
0.3291
0.3630
0.3720
0.3924
0.4070
0.4168
0.4294
0.4566
0.4611
0.4678
0.4723
0.5200
0.5262
0.5311
0.5332
0.5395
0.5416
0.5499
0.5574
0.5601
0.5733
0.5748
0.5786
0.5794
0.5890
0.5981
0.5984
0.6225
0.6320
0.6321
0.6331
0.6417
0.6546
0.6568
0.6584
0.6616
0.6640
0.6722
0.6738
0.6744
0.6772
0.6782
0.6814
0.6847
0.6876
0.6884
0.6942
0.6947
0.6985
0.7017
0.7037
0.7104
0.7167
0.7306
0.7335
0.7560
0.7604
0.7608
0.7671
0.7720
0.7788
0.7839
0.7859
0.7890
0.7915
0.7942
0.8065
0.8100
0.8162
0.8202
0.8209
0.8245
0.8251
0.8332
0.8368
0.8393
0.8399
0.8400
0.8423
0.8437
0.8438
0.8462
0.8505
0.8524
0.8532
0.8579
0.8586
0.8603
0.8609
0.8668
0.8681
0.8696
0.8698
0.8718
0.8726
0.8727
0.8742
0.8791
0.8824
0.8861
0.8872
0.8882
0.8917
0.8931
0.8953
0.8978
0.8996
0.9000
0.9029
0.9072
0.9086
0.9134
0.9143
0.9173
0.9178
0.9192
0.9233
0.9257
0.9280
0.9303
0.9317
0.9324
0.9369
0.9371
0.9386
0.9408
0.9441
0.9464
0.9489
0.9495
0.9517
0.9536
0.9585
0.9610
0.9615
0.9622
0.9653
0.9693
0.9696
0.9707
0.9724
0.9728
0.9767
0.9796
0.9804
0.9805
0.9907
0.9913
0.9923
0.9947
0.9986
0.9990
1.0053
1.0086
1.0105
1.0123
1.0156
1.0178
1.0187
1.0195
1.0212
1.0228
1.0239
1.0240
1.0247
1.0255
1.0292
1.0333
1.0340
1.0348
1.0374
1.0384
1.0390
1.0424
1.0441
1.0451
1.0462
1.0464
1.0465
1.0466
1.0477
1.0478
1.0480
1.0497
1.0513
1.0516
1.0551
1.0577
1.0693
1.0718
1.0728
1.0742
1.0743
1.0750
1.0765
1.0767
1.0777
1.0797
1.0801
1.0834
1.0836
1.0887
1.0898
1.0900
1.0924
1.0942
1.0951
1.0994
1.1022
1.1068
1.1075
1.1086
1.1100
1.1105
1.1132
1.1136
1.1188
1.1199
1.1212
1.1219
1.1228
1.1241
1.1257
1.1279
1.1287
1.1310
1.1322
1.1378
1.1380
1.1386
1.1389
1.1409
1.1432
1.1434
1.1463
1.1520
1.1521
1.1541
1.1544
1.1613
1.1673
1.1742
1.1746
1.1784
1.1791
1.1823
1.1831
1.1855
1.1859
1.1873
1.1887
1.1888
1.1888
1.1919
1.1953
1.1956
1.1957
1.1982
1.2005
1.2014
1.2022
1.2025
1.2043
1.2047
1.2050
1.2062
1.2155
1.2182
1.2191
1.2221
1.2244
1.2247
1.2280
1.2311
1.2315
1.2321
1.2322
1.2353
1.2354
1.2363
1.2381
1.2402
1.2412
1.2428
1.2432
1.2443
1.2449
1.2456
1.2462
1.2478
1.2479
1.2503
1.2535
1.2544
1.2555
1.2559
1.2639
1.2661
1.2661
1.2684
1.2695
1.2755
1.2772
1.2777
1.2785
1.2786
1.2826
1.2830
1.2865
1.2878
1.2905
1.2911
1.2929
1.2947
1.2974
1.2996
1.3044
1.3051
1.3054
1.3078
1.3109
1.3116
1.3125
1.3132
1.3139
1.3144
1.3154
1.3158
1.3160
1.3192
1.3224
1.3247
1.3256
1.3263
1.3286
1.3306
1.3308
1.3326
1.3331
1.3353
1.3378
1.3397
1.3420
1.3427
1.3443
1.3463
1.3467
1.3473
1.3476
1.3485
1.3485
1.3500
1.3504
1.3534
1.3544
1.3564
1.3619
1.3639
1.3650
1.3655
1.3676
1.3681
1.3693
1.3699
1.3706
1.3730
1.3739
1.3742
1.3754
1.3760
1.3767
1.3770
1.3809
1.3820
1.3823
1.3826
1.3839
1.3840
1.3841
1.3861
1.3861
1.3880
1.3892
1.3926
1.3952
1.3973
1.3978
1.3979
1.4015
1.4032
1.4035
1.4035
1.4036
1.4037
1.4062
1.4083
1.4111
1.4147
1.4160
1.4161
1.4186
1.4188
1.4213
1.4213
1.4224
1.4228
1.4234
1.4259
1.4280
1.4281
1.4295
1.4297
1.4307
1.4309
1.4312
1.4320
1.4334
1.4359
1.4370
1.4374
1.4382
1.4385
1.4386
1.4391
1.4395
1.4399
1.4406
1.4438
1.4458
1.4476
1.4493
1.4497
1.4502
1.4544
1.4555
1.4560
1.4580
1.4581
1.4595
1.4636
1.4650
1.4656
1.4672
1.4683
1.4683
1.4711
1.4723
1.4750
1.4759
1.4774
1.4778
1.4784
1.4801
1.4811
1.4815
1.4824
1.4841
1.4913
1.4914
1.4929
1.4930
1.4934
1.4954
1.4960
1.4974
1.4993
1.5008
1.5032
1.5051
1.5052
1.5099
1.5103
1.5138
1.5165
1.5168
1.5174
1.5176
1.5182
1.5198
1.5220
1.5226
1.5262
1.5263
1.5280
1.5303
1.5327
1.5345
1.5350
1.5364
1.5368
1.5372
1.5381
1.5385
1.5385
1.5403
1.5421
1.5432
1.5457
1.5459
1.5462
1.5480
1.5493
1.5506
1.5550
1.5575
1.5583
1.5602
1.5604
1.5615
1.5618
1.5625
1.5659
1.5661
1.5703
1.5714
1.5717
1.5728
1.5732
1.5734
1.5740
1.5751
1.5767
1.5774
1.5788
1.5790
1.5800
1.5809
1.5832
1.5836
1.5846
1.5851
1.5852
1.5873
1.5889
1.5898
1.5912
1.5913
1.5918
1.5931
1.5939
1.5941
1.5975
1.5987
1.6002
1.6012
1.6023
1.6035
1.6041
1.6066
1.6084
1.6094
1.6103
1.6111
1.6136
1.6162
1.6184
1.6187
1.6200
1.6211
1.6214
1.6221
1.6293
1.6340
1.6340
1.6349
1.6351
1.6376
1.6427
1.6429
1.6435
1.6469
1.6499
1.6508
1.6509
1.6517
1.6519
1.6523
1.6525
1.6585
1.6600
1.6624
1.6635
1.6682
1.6686
1.6709
1.6715
1.6724
1.6738
1.6743
1.6760
1.6782
1.6801
1.6804
1.6812
1.6817
1.6831
1.6842
1.6845
1.6917
1.6940
1.6947
1.6995
1.6997
1.7076
1.7098
1.7136
1.7150
1.7165
1.7167
1.7199
1.7215
1.7234
1.7243
1.7260
1.7272
1.7324
1.7353
1.7363
1.7367
1.7403
1.7408
1.7410
1.7489
1.7500
1.7519
1.7532
1.7542
1.7555
1.7574
1.7587
1.7589
1.7605
1.7614
1.7621
1.7622
1.7627
1.7670
1.7673
1.7678
1.7692
1.7704
1.7712
1.7757
1.7765
1.7794
1.7825
1.7834
1.7836
1.7844
1.7875
1.7880
1.7888
1.7897
1.7925
1.7932
1.7934
1.7950
1.7952
1.7963
1.7979
1.7983
1.8015
1.8034
1.8035
1.8043
1.8047
1.8059
1.8061
1.8072
1.8078
1.8121
1.8123
1.8162
1.8171
1.8195
1.8211
1.8244
1.8269
1.8308
1.8315
1.8316
1.8319
1.8356
1.8373
1.8391
1.8397
1.8407
1.8415
1.8427
1.8448
1.8489
1.8492
1.8512
1.8513
1.8584
1.8585
1.8596
1.8615
1.8621
1.8625
1.8648
1.8655
1.8661
1.8704
1.8718
1.8743
1.8747
1.8750
1.8772
1.8782
1.8789
1.8799
1.8835
1.8838
1.8842
1.8846
1.8896
1.8917
1.8924
1.8939
1.8971
1.9011
1.9083
1.9103
1.9186
1.9221
1.9225
1.9228
1.9242
1.9257
1.9273
1.9289
1.9316
1.9355
1.9391
1.9398
1.9448
1.9468
1.9489
1.9514
1.9536
1.9552
1.9563
1.9582
1.9599
1.9667
1.9667
1.9704
1.9705
1.9712
1.9717
1.9743
1.9771
1.9785
1.9798
1.9799
1.9807
1.9817
1.9841
1.9857
1.9894
1.9896
1.9932
1.9988
2.0039
2.0040
2.0041
2.0044
2.0058
2.0061
2.0112
2.0276
2.0280
2.0355
2.0413
2.0421
2.0542
2.0542
2.0574
2.0580
2.0580
2.0600
2.0603
2.0608
2.0631
2.0659
2.0755
2.0760
2.0765
2.0776
2.0792
2.0816
2.0820
2.0854
2.0905
2.0949
2.0953
2.1026
2.1035
2.1069
2.1097
2.1122
2.1132
2.1142
2.1272
2.1276
2.1306
2.1351
2.1372
2.1376
2.1428
2.1452
2.1455
2.1515
2.1523
2.1541
2.1552
2.1567
2.1584
2.1611
2.1613
2.1639
2.1655
2.1659
2.1682
2.1723
2.1726
2.1764
2.1773
2.1781
2.1839
2.1858
2.1921
2.1970
2.1972
2.2010
2.2011
2.2041
2.2100
2.2121
2.2163
2.2177
2.2182
2.2190
2.2191
2.2202
2.2203
2.2239
2.2254
2.2355
2.2382
2.2389
2.2392
2.2401
2.2431
2.2449
2.2500
2.2515
2.2520
2.2570
2.2584
2.2609
2.2614
2.2631
2.2654
2.2717
2.2766
2.2825
2.2890
2.2898
2.2914
2.2996
2.3025
2.3045
2.3050
2.3107
2.3127
2.3130
2.3174
2.3177
2.3204
2.3208
2.3245
2.3255
2.3287
2.3310
2.3328
2.3336
2.3411
2.3488
2.3507
2.3531
2.3544
2.3618
2.3625
2.3646
2.3686
2.3753
2.3757
2.3794
2.3809
2.3814
2.3875
2.3879
2.4016
2.4063
2.4077
2.4088
2.4151
2.4234
2.4263
2.4273
2.4280
2.4292
2.4377
2.4427
2.4455
2.4526
2.4596
2.4833
2.4844
2.4987
2.5000
2.5148
2.5358
2.5481
2.5497
2.5510
2.6046
2.6074
2.6134
2.6154
2.6186
2.6263
2.6266
2.6278
2.6291
2.6374
2.6388
2.6395
2.6470
2.6703
2.6799
2.6876
2.6893
2.6902
2.6940
2.6989
2.7145
2.7146
2.7287
2.7599
2.7674
2.7730
2.7822
2.7843
2.7867
2.7922
2.7994
2.8006
2.8067
2.8141
2.8358
2.8429
2.8430
2.8554
2.8572
2.8793
2.8826
2.9102
2.9552
3.0141
3.0190
3.0490
3.0873
3.1367
3.1567
3.1629
3.1789
3.2205
3.2253
3.2343
3.2455
3.3078
3.3193
3.3462
3.3560
3.5368
3.5475
