1000
1000
-1.2880,0.2023
-1.1924,0.2013
-0.9961,0.1591
-0.8664,0.1472
-0.7723,0.1400
-0.6994,0.1328
-0.6418,0.1265
-0.5954,0.1214
-0.5569,0.1163
-0.5245,0.1121
-0.4969,0.1084
-0.4732,0.1053
-0.4522,0.1022
-0.4334,0.0994
-0.4167,0.0968
-0.4017,0.0945
-0.3881,0.0925
-0.3758,0.0906
-0.3645,0.0888
-0.3541,0.0872
-0.3444,0.0856
-0.3355,0.0840
-0.3271,0.0824
-0.3193,0.0809
-0.3119,0.0794
-0.3050,0.0779
-0.2985,0.0765
-0.2923,0.0752
-0.2865,0.0740
-0.2810,0.0727
-0.2758,0.0715
-0.2708,0.0704
-0.2660,0.0693
-0.2615,0.0683
-0.2572,0.0673
-0.2530,0.0664
-0.2491,0.0654
-0.2452,0.0645
-0.2416,0.0636
-0.2381,0.0628
-0.2346,0.0620
-0.2314,0.0612
-0.2282,0.0605
-0.2252,0.0597
-0.2222,0.0590
-0.2193,0.0582
-0.2166,0.0575
-0.2139,0.0568
-0.2112,0.0561
-0.2087,0.0554
-0.2062,0.0548
-0.2038,0.0541
-0.2015,0.0535
-0.1992,0.0529
-0.1970,0.0523
-0.1948,0.0518
-0.1927,0.0512
-0.1906,0.0506
-0.1886,0.0501
-0.1866,0.0495
-0.1847,0.0490
-0.1827,0.0484
-0.1809,0.0479
-0.1790,0.0474
-0.1772,0.0469
-0.1754,0.0464
-0.1736,0.0458
-0.1719,0.0454
-0.1702,0.0449
-0.1685,0.0445
-0.1668,0.0440
-0.1652,0.0436
-0.1636,0.0432
-0.1620,0.0428
-0.1605,0.0423
-0.1589,0.0419
-0.1574,0.0415
-0.1559,0.0411
-0.1544,0.0407
-0.1529,0.0403
-0.1514,0.0399
-0.1499,0.0395
-0.1485,0.0391
-0.1470,0.0387
-0.1456,0.0383
-0.1442,0.0379
-0.1428,0.0376
-0.1415,0.0372
-0.1401,0.0368
-0.1387,0.0364
-0.1374,0.0361
-0.1361,0.0357
-0.1347,0.0353
-0.1334,0.0349
-0.1321,0.0345
-0.1307,0.0341
-0.1294,0.0337
-0.1281,0.0333
-0.1268,0.0329
-0.1255,0.0325
-0.1242,0.0321
-0.1229,0.0317
-0.1217,0.0313
-0.1204,0.0309
-0.1191,0.0305
-0.1178,0.0302
-0.1165,0.0298
-0.1152,0.0294
-0.1139,0.0290
-0.1127,0.0287
-0.1114,0.0283
-0.1101,0.0279
-0.1088,0.0276
-0.1076,0.0272
-0.1063,0.0269
-0.1050,0.0265
-0.1037,0.0261
-0.1024,0.0258
-0.1011,0.0254
-0.0998,0.0251
-0.0985,0.0247
-0.0972,0.0243
-0.0958,0.0239
-0.0945,0.0235
-0.0932,0.0232
-0.0918,0.0228
-0.0904,0.0224
-0.0891,0.0221
-0.0877,0.0217
-0.0864,0.0214
-0.0850,0.0210
-0.0836,0.0207
-0.0822,0.0203
-0.0808,0.0200
-0.0793,0.0196
-0.0779,0.0193
-0.0764,0.0189
-0.0750,0.0186
-0.0735,0.0182
-0.0720,0.0179
-0.0704,0.0175
-0.0689,0.0172
-0.0673,0.0169
-0.0657,0.0165
-0.0640,0.0162
-0.0623,0.0159
-0.0606,0.0156
-0.0589,0.0153
-0.0571,0.0150
-0.0553,0.0147
-0.0534,0.0144
-0.0514,0.0140
-0.0494,0.0137
-0.0472,0.0134
-0.0450,0.0130
-0.0427,0.0127
-0.0402,0.0124
-0.0376,0.0120
-0.0348,0.0116
-0.0318,0.0112
-0.0284,0.0107
0.0000,0.0000
0.0000,0.0000
0.0000,0.0000
0.0000,0.0000
0.0000,0.0000
0.0000,0.0000
0.0000,0.0000
0.0000,0.0000
0.0000,0.0000
0.0000,0.0000
0.0000,0.0000
0.0000,0.0000
0.0000,0.0000
0.0000,0.0000
0.0000,0.0000
0.0000,0.0000
0.0000,0.0000
0.0000,0.0000
0.0000,0.0000
0.0000,0.0000
0.0000,0.0000
0.0000,0.0000
0.0000,0.0000
0.0000,0.0000
0.0000,0.0000
0.0000,0.0000
0.0000,0.0000
0.0000,0.0000
0.0000,0.0000
0.0000,0.0000
0.0000,0.0000
0.0000,0.0000
0.0000,0.0000
0.0000,0.0000
0.0000,0.0000
0.0000,0.0000
0.0000,0.0000
0.0000,0.0000
0.0000,0.0000
0.0000,0.0000
0.0000,0.0000
0.0000,0.0000
0.0000,0.0000
0.0000,0.0000
0.0000,0.0000
0.0000,0.0000
0.0000,0.0000
0.0000,0.0000
0.0000,0.0000
0.0000,0.0000
0.0000,0.0000
0.0000,0.0000
0.0000,0.0000
0.0000,0.0000
0.0000,0.0000
0.0000,0.0000
0.0000,0.0000
0.0000,0.0000
0.0000,0.0000
0.0000,0.0000
0.0000,0.0000
0.0000,0.0000
0.0000,0.0000
0.0000,0.0000
0.0000,0.0000
0.0000,0.0000
0.0000,0.0000
0.0000,0.0000
0.0000,0.0000
0.0000,0.0000
0.0000,0.0000
0.0000,0.0000
0.0000,0.0000
0.0000,0.0000
0.0000,0.0000
0.0000,0.0000
0.0000,0.0000
0.0000,0.0000
0.0000,0.0000
0.0000,0.0000
0.0000,0.0000
0.0000,0.0000
0.0000,0.0000
0.0000,0.0000
0.0000,0.0000
0.0000,0.0000
0.0000,0.0000
0.0000,0.0000
0.0000,0.0000
0.0000,0.0000
0.0000,0.0000
0.0000,0.0000
0.0000,0.0000
0.0000,0.0000
0.0000,0.0000
0.0000,0.0000
0.0000,0.0000
0.0000,0.0000
0.0000,0.0000
0.0000,0.0000
0.0000,0.0000
0.0000,0.0000
0.0000,0.0000
0.0000,0.0000
0.0000,0.0000
0.0000,0.0000
0.0000,0.0000
0.0000,0.0000
0.0000,0.0000
0.0000,0.0000
0.0000,0.0000
0.0000,0.0000
0.0000,0.0000
0.0000,0.0000
0.0000,0.0000
0.0000,0.0000
0.0000,0.0000
0.0000,0.0000
0.0000,0.0000
0.0000,0.0000
0.0000,0.0000
0.0000,0.0000
0.0000,0.0000
0.0000,0.0000
0.0000,0.0000
0.0000,0.0000
0.0000,0.0000
0.0000,0.0000
0.0000,0.0000
0.0000,0.0000
0.0000,0.0000
0.0000,0.0000
0.0000,0.0000
0.0000,0.0000
0.0000,0.0000
0.0000,0.0000
0.0000,0.0000
0.0000,0.0000
0.0000,0.0000
0.0000,0.0000
0.0000,0.0000
0.0000,0.0000
0.0000,0.0000
0.0000,0.0000
0.0000,0.0000
0.0000,0.0000
0.0000,0.0000
0.0000,0.0000
0.0000,0.0000
0.0000,0.0000
0.0000,0.0000
0.0000,0.0000
0.0000,0.0000
0.0000,0.0000
0.0000,0.0000
0.0000,0.0000
0.0000,0.0000
0.0000,0.0000
0.0000,0.0000
0.0000,0.0000
0.0000,0.0000
0.0000,0.0000
0.0000,0.0000
0.0000,0.0000
0.0000,0.0000
0.0000,0.0000
0.0000,0.0000
0.0000,0.0000
0.0000,0.0000
0.0000,0.0000
0.0000,0.0000
0.0000,0.0000
0.0000,0.0000
0.0000,0.0000
0.0000,0.0000
0.0000,0.0000
0.0000,0.0000
0.0000,0.0000
0.0000,0.0000
0.0000,0.0000
0.0000,0.0000
0.0000,0.0000
0.0000,0.0000
0.0000,0.0000
0.0000,0.0000
0.0000,0.0000
0.0000,0.0000
0.0000,0.0000
0.0000,0.0000
0.0000,0.0000
0.0000,0.0000
0.0000,0.0000
0.0000,0.0000
0.0000,0.0000
0.0000,0.0000
0.0000,0.0000
0.0000,0.0000
0.0000,0.0000
0.0000,0.0000
0.0000,0.0000
0.0000,0.0000
0.0000,0.0000
0.0000,0.0000
0.0000,0.0000
0.0000,0.0000
0.0000,0.0000
0.0000,0.0000
0.0000,0.0000
0.0000,0.0000
0.0000,0.0000
0.0000,0.0000
0.0000,0.0000
0.0000,0.0000
0.0000,0.0000
0.0000,0.0000
0.0000,0.0000
0.0000,0.0000
0.0000,0.0000
0.0000,0.0000
0.0000,0.0000
0.0000,0.0000
0.0000,0.0000
0.0000,0.0000
0.0000,0.0000
0.0000,0.0000
0.0000,0.0000
0.0000,0.0000
0.0000,0.0000
0.0000,0.0000
0.0000,0.0000
0.0000,0.0000
0.0000,0.0000
0.0000,0.0000
0.0000,0.0000
0.0000,0.0000
0.0000,0.0000
0.0000,0.0000
0.0000,0.0000
0.0000,0.0000
0.0000,0.0000
0.0000,0.0000
0.0000,0.0000
0.0000,0.0000
0.0000,0.0000
0.0000,0.0000
0.0000,0.0000
0.0000,0.0000
0.0000,0.0000
0.0000,0.0000
0.0000,0.0000
0.0000,0.0000
0.0000,0.0000
0.0000,0.0000
0.0000,0.0000
0.0000,0.0000
0.0000,0.0000
0.0000,0.0000
0.0000,0.0000
0.0000,0.0000
0.0000,0.0000
0.0000,0.0000
0.0000,0.0000
0.0000,0.0000
0.0000,0.0000
0.0000,0.0000
0.0000,0.0000
0.0000,0.0000
0.0000,0.0000
0.0000,0.0000
0.0000,0.0000
0.0000,0.0000
0.0000,0.0000
0.0000,0.0000
0.0000,0.0000
0.0000,0.0000
0.0000,0.0000
0.0000,0.0000
0.0000,0.0000
0.0000,0.0000
0.0000,0.0000
0.0000,0.0000
0.0000,0.0000
0.0000,0.0000
0.0000,0.0000
0.0000,0.0000
0.0000,0.0000
0.0000,0.0000
0.0000,0.0000
0.0000,0.0000
0.0000,0.0000
0.0000,0.0000
0.0000,0.0000
0.0000,0.0000
0.0000,0.0000
0.0000,0.0000
0.0000,0.0000
0.0000,0.0000
0.0000,0.0000
0.0000,0.0000
0.0000,0.0000
0.0000,0.0000
0.0000,0.0000
0.0000,0.0000
0.0000,0.0000
0.0000,0.0000
0.0000,0.0000
0.0000,0.0000
0.0000,0.0000
0.0000,0.0000
0.0000,0.0000
0.0000,0.0000
0.0000,0.0000
0.0000,0.0000
0.0000,0.0000
0.0000,0.0000
0.0000,0.0000
0.0000,0.0000
0.0000,0.0000
0.0000,0.0000
0.0000,0.0000
0.0000,0.0000
0.0000,0.0000
0.0000,0.0000
0.0000,0.0000
0.0000,0.0000
0.0000,0.0000
0.0000,0.0000
0.0000,0.0000
0.0000,0.0000
0.0000,0.0000
0.0000,0.0000
0.0000,0.0000
0.0000,0.0000
0.0000,0.0000
0.0000,0.0000
0.0000,0.0000
0.0000,0.0000
0.0000,0.0000
0.0000,0.0000
0.0000,0.0000
0.0000,0.0000
0.0000,0.0000
0.0000,0.0000
0.0000,0.0000
0.0000,0.0000
0.0000,0.0000
0.0000,0.0000
0.0000,0.0000
0.0000,0.0000
0.0000,0.0000
0.0000,0.0000
0.0000,0.0000
0.0000,0.0000
0.0000,0.0000
0.0000,0.0000
0.0000,0.0000
0.0000,0.0000
0.0000,0.0000
0.0000,0.0000
0.0000,0.0000
0.0000,0.0000
0.0000,0.0000
0.0000,0.0000
0.0000,0.0000
0.0000,0.0000
0.0000,0.0000
0.0000,0.0000
0.0000,0.0000
0.0000,0.0000
0.0000,0.0000
0.0000,0.0000
0.0000,0.0000
0.0000,0.0000
0.0000,0.0000
0.0000,0.0000
0.0000,0.0000
0.0000,0.0000
0.0000,0.0000
0.0000,0.0000
0.0000,0.0000
0.0000,0.0000
0.0000,0.0000
0.0000,0.0000
0.0000,0.0000
0.0000,0.0000
0.0000,0.0000
0.0000,0.0000
0.0000,0.0000
0.0000,0.0000
0.0000,0.0000
0.0000,0.0000
0.0000,0.0000
0.0000,0.0000
0.0000,0.0000
0.0000,0.0000
0.0000,0.0000
0.0000,0.0000
0.0000,0.0000
0.0000,0.0000
0.0000,0.0000
0.0000,0.0000
0.0000,0.0000
0.0000,0.0000
0.0000,0.0000
0.0000,0.0000
0.0000,0.0000
0.0000,0.0000
0.0000,0.0000
0.0000,0.0000
0.0000,0.0000
0.0000,0.0000
0.0000,0.0000
0.0000,0.0000
0.0000,0.0000
0.0000,0.0000
0.0000,0.0000
0.0000,0.0000
0.0000,0.0000
0.0000,0.0000
0.0000,0.0000
0.0000,0.0000
0.0000,0.0000
0.0000,0.0000
0.0000,0.0000
0.0000,0.0000
0.0000,0.0000
0.0000,0.0000
0.0000,0.0000
0.0000,0.0000
0.0000,0.0000
0.0000,0.0000
0.0000,0.0000
0.0000,0.0000
0.0000,0.0000
0.0000,0.0000
0.0000,0.0000
0.0000,0.0000
0.0000,0.0000
0.0000,0.0000
0.0000,0.0000
0.0000,0.0000
0.0000,0.0000
0.0000,0.0000
0.0000,0.0000
0.0000,0.0000
0.0000,0.0000
0.0000,0.0000
0.0000,0.0000
0.0000,0.0000
0.0000,0.0000
0.0000,0.0000
0.0000,0.0000
0.0000,0.0000
0.0000,0.0000
0.0000,0.0000
0.0000,0.0000
0.0000,0.0000
0.0000,0.0000
0.0000,0.0000
0.0000,0.0000
0.0000,0.0000
0.0000,0.0000
0.0000,0.0000
0.0000,0.0000
0.0000,0.0000
0.0000,0.0000
0.0000,0.0000
0.0000,0.0000
0.0000,0.0000
0.0000,0.0000
0.0000,0.0000
0.0000,0.0000
0.0000,0.0000
0.0000,0.0000
0.0000,0.0000
0.0000,0.0000
0.0000,0.0000
0.0000,0.0000
0.0000,0.0000
0.0000,0.0000
0.0000,0.0000
0.0000,0.0000
0.0000,0.0000
0.0000,0.0000
0.0000,0.0000
0.0000,0.0000
0.0000,0.0000
0.0000,0.0000
0.0000,0.0000
0.0000,0.0000
0.0000,0.0000
0.0000,0.0000
0.0000,0.0000
0.0000,0.0000
0.0000,0.0000
0.0000,0.0000
0.0000,0.0000
0.0000,0.0000
0.0000,0.0000
0.0000,0.0000
0.0000,0.0000
0.0000,0.0000
0.0000,0.0000
0.0000,0.0000
0.0000,0.0000
0.0000,0.0000
0.0000,0.0000
0.0000,0.0000
0.0000,0.0000
0.0000,0.0000
0.0000,0.0000
0.0000,0.0000
0.0000,0.0000
0.0000,0.0000
0.0000,0.0000
0.0000,0.0000
0.0000,0.0000
0.0000,0.0000
0.0000,0.0000
0.0000,0.0000
0.0000,0.0000
0.0000,0.0000
0.0000,0.0000
0.0000,0.0000
0.0000,0.0000
0.0000,0.0000
0.0000,0.0000
0.0000,0.0000
0.0000,0.0000
0.0000,0.0000
0.0000,0.0000
0.0000,0.0000
0.0000,0.0000
0.0000,0.0000
0.0000,0.0000
0.0000,0.0000
0.0000,0.0000
0.0000,0.0000
0.0000,0.0000
0.0000,0.0000
0.0000,0.0000
0.0000,0.0000
0.0000,0.0000
0.0000,0.0000
0.0000,0.0000
0.0000,0.0000
0.0000,0.0000
0.0000,0.0000
0.0000,0.0000
0.0000,0.0000
0.0000,0.0000
0.0000,0.0000
0.0000,0.0000
0.0000,0.0000
0.0000,0.0000
0.0000,0.0000
0.0000,0.0000
0.0000,0.0000
0.0000,0.0000
0.0000,0.0000
0.0000,0.0000
0.0000,0.0000
0.0000,0.0000
0.0000,0.0000
0.0000,0.0000
0.0000,0.0000
0.0000,0.0000
0.0000,0.0000
0.0000,0.0000
0.0000,0.0000
0.0000,0.0000
0.0000,0.0000
0.0000,0.0000
0.0000,0.0000
0.0000,0.0000
0.0000,0.0000
0.0000,0.0000
0.0000,0.0000
0.0000,0.0000
0.0000,0.0000
0.0000,0.0000
0.0000,0.0000
0.0000,0.0000
0.0000,0.0000
0.0000,0.0000
0.0000,0.0000
0.0000,0.0000
0.0000,0.0000
0.0000,0.0000
0.0000,0.0000
0.0000,0.0000
0.0000,0.0000
0.0000,0.0000
0.0000,0.0000
0.0000,0.0000
0.0000,0.0000
0.0000,0.0000
0.0000,0.0000
0.0000,0.0000
0.0000,0.0000
0.0000,0.0000
0.0000,0.0000
0.0000,0.0000
0.0000,0.0000
0.0000,0.0000
0.0000,0.0000
0.0000,0.0000
0.0000,0.0000
0.0000,0.0000
0.0000,0.0000
0.0000,0.0000
0.0000,0.0000
0.0000,0.0000
0.0000,0.0000
0.0000,0.0000
0.0000,0.0000
0.0000,0.0000
0.0000,0.0000
0.0000,0.0000
0.0000,0.0000
0.0000,0.0000
0.0000,0.0000
0.0000,0.0000
0.0000,0.0000
0.0000,0.0000
0.0000,0.0000
0.0000,0.0000
0.0000,0.0000
0.0000,0.0000
0.0000,0.0000
0.0000,0.0000
0.0000,0.0000
0.0000,0.0000
0.0000,0.0000
0.0000,0.0000
0.0000,0.0000
0.0000,0.0000
0.0000,0.0000
0.0000,0.0000
0.0000,0.0000
0.0000,0.0000
0.0000,0.0000
0.0000,0.0000
0.0000,0.0000
0.0000,0.0000
0.0000,0.0000
0.0000,0.0000
0.0000,0.0000
0.0000,0.0000
0.0000,0.0000
0.0000,0.0000
0.0000,0.0000
0.0000,0.0000
0.0000,0.0000
0.0000,0.0000
0.0000,0.0000
0.0000,0.0000
0.0000,0.0000
0.0000,0.0000
0.0000,0.0000
0.0000,0.0000
0.0000,0.0000
0.0000,0.0000
0.0000,0.0000
0.0000,0.0000
0.0000,0.0000
0.0000,0.0000
0.0000,0.0000
0.0000,0.0000
0.0000,0.0000
0.0000,0.0000
0.0000,0.0000
0.0000,0.0000
0.0000,0.0000
0.0000,0.0000
0.0000,0.0000
0.0000,0.0000
0.0000,0.0000
0.0000,0.0000
0.0000,0.0000
0.0000,0.0000
0.0000,0.0000
0.0000,0.0000
0.0000,0.0000
0.0000,0.0000
0.0000,0.0000
0.0000,0.0000
0.0000,0.0000
0.0000,0.0000
0.0000,0.0000
0.0000,0.0000
0.0000,0.0000
0.0000,0.0000
0.0000,0.0000
0.0000,0.0000
0.0000,0.0000
0.0000,0.0000
0.0000,0.0000
0.0000,0.0000
0.0000,0.0000
0.0000,0.0000
0.0000,0.0000
0.0000,0.0000
0.0000,0.0000
0.0000,0.0000
0.0000,0.0000
0.0000,0.0000
0.0000,0.0000
0.0000,0.0000
0.0000,0.0000
0.0000,0.0000
0.0000,0.0000
0.0000,0.0000
0.0000,0.0000
0.0000,0.0000
0.0000,0.0000
0.0000,0.0000
0.0000,0.0000
0.0000,0.0000
0.0000,0.0000
0.0000,0.0000
0.0000,0.0000
0.0000,0.0000
0.0000,0.0000
0.0000,0.0000
0.0000,0.0000
0.0000,0.0000
0.0000,0.0000
0.0000,0.0000
0.0000,0.0000
0.0000,0.0000
0.0000,0.0000
0.0000,0.0000
0.0000,0.0000
0.0000,0.0000
0.0000,0.0000
0.0000,0.0000
0.0000,0.0000
0.0000,0.0000
0.0000,0.0000
0.0000,0.0000
0.0000,0.0000
0.0000,0.0000
0.0000,0.0000
0.0000,0.0000
0.0000,0.0000
0.0000,0.0000
0.0000,0.0000
0.0000,0.0000
0.0000,0.0000
0.0000,0.0000
0.0000,0.0000
0.0000,0.0000
0.0000,0.0000
0.0000,0.0000
0.0000,0.0000
0.0000,0.0000
0.0000,0.0000
0.0000,0.0000
0.0000,0.0000
0.0000,0.0000
0.0000,0.0000
0.0000,0.0000
0.0000,0.0000
0.0000,0.0000
0.0000,0.0000
0.0000,0.0000
0.0000,0.0000
0.0000,0.0000
0.0000,0.0000
0.0000,0.0000
0.0000,0.0000
0.0000,0.0000
0.0000,0.0000
0.0000,0.0000
0.0000,0.0000
0.0000,0.0000
0.0000,0.0000
0.0000,0.0000
0.0000,0.0000
0.0000,0.0000
0.0000,0.0000
0.0000,0.0000
0.0000,0.0000
0.0000,0.0000
0.0000,0.0000
0.0000,0.0000
0.0000,0.0000
0.0000,0.0000
0.0000,0.0000
0.0000,0.0000
0.0000,0.0000
0.0000,0.0000
0.0000,0.0000
0.0000,0.0000
0.0000,0.0000
0.0000,0.0000
0.0000,0.0000
0.0000,0.0000
0.0000,0.0000
0.0000,0.0000
0.0000,0.0000
0.0000,0.0000
0.0000,0.0000
0.0000,0.0000
0.0000,0.0000
0.0000,0.0000
0.0000,0.0000
0.0000,0.0000
0.0000,0.0000
0.0000,0.0000
0.0000,0.0000
0.0000,0.0000
0.0000,0.0000
0.0000,0.0000
0.0000,0.0000
0.0000,0.0000
0.0000,0.0000
0.0000,0.0000
0.0000,0.0000
0.0000,0.0000
0.0000,0.0000
0.0000,0.0000
0.0000,0.0000
0.0000,0.0000
0.0000,0.0000
0.0000,0.0000
0.0000,0.0000
0.0000,0.0000
0.0000,0.0000
0.0000,0.0000
0.0000,0.0000
0.0000,0.0000
0.0000,0.0000
0.0000,0.0000
0.0000,0.0000
0.0000,0.0000
0.0000,0.0000
0.0000,0.0000
-1.0502
-0.8577
-0.7813
-0.7143
-0.6798
-0.6623
-0.6159
-0.5754
-0.5750
-0.5497
-0.5397
-0.5266
-0.4897
-0.4699
-0.4612
-0.4562
-0.4063
-0.3613
-0.2920
-0.2874
-0.2856
-0.2808
-0.2677
-0.2670
-0.2561
-0.2556
-0.2491
-0.2357
-0.2280
-0.2037
-0.1828
-0.1810
-0.1753
-0.1740
-0.1732
-0.1701
-0.1333
-0.1251
-0.1187
-0.1118
-0.1048
-0.0973
-0.0961
-0.0942
-0.0822
-0.0764
-0.0760
-0.0523
-0.0478
-0.0455
-0.0399
-0.0265
-0.0263
-0.0259
-0.0215
-0.0173
-0.0118
-0.0065
-0.0044
0.0135
0.0215
0.0303
0.0309
0.0320
0.0350
0.0397
0.0431
0.0477
0.0497
0.0536
0.0597
0.0614
0.0647
0.0684
0.0697
0.0731
0.0750
0.0848
0.0876
0.0913
0.0972
0.0986
0.0993
0.1108
0.1112
0.1145
0.1181
0.1207
0.1292
0.1336
0.1355
0.1369
0.1441
0.1457
0.1514
0.1689
0.1703
0.1735
0.1825
0.1850
0.1939
0.1983
0.2024
0.2029
0.2033
0.2150
0.2199
0.2262
0.2276
0.2286
0.2307
0.2310
0.2337
0.2398
0.2427
0.2457
0.2518
0.2578
0.2593
0.2609
0.2666
0.2688
0.2692
0.2706
0.2710
0.2750
0.2759
0.2779
0.2781
0.2785
0.2848
0.2854
0.2916
0.2943
0.2980
0.3035
0.3093
0.3169
0.3175
0.3176
0.3193
0.3232
0.3254
0.3288
0.3355
0.3436
0.3447
0.3453
0.3474
0.3573
0.3583
0.3583
0.3633
0.3639
0.3639
0.3656
0.3688
0.3692
0.3698
0.3714
0.3717
0.3724
0.3786
0.3791
0.3882
0.4044
0.4052
0.4109
0.4160
0.4191
0.4267
0.4275
0.4360
0.4393
0.4418
0.4427
0.4457
0.4477
0.4501
0.4542
0.4548
0.4557
0.4608
0.4629
0.4659
0.4679
0.4743
0.4872
0.4889
0.4990
0.4997
0.5035
0.5048
0.5088
0.5133
0.5143
0.5175
0.5179
0.5219
0.5231
0.5234
0.5256
0.5258
0.5349
0.5378
0.5390
0.5394
0.5425
0.5441
0.5481
0.5526
0.5638
0.5667
0.5692
0.5692
0.5694
0.5695
0.5756
0.5766
0.5795
0.5932
0.6025
0.6046
0.6068
0.6076
0.6097
0.6161
0.6170
0.6181
0.6205
0.6248
0.6251
0.6253
0.6270
0.6365
0.6393
0.6416
0.6561
0.6597
0.6598
0.6606
0.6617
0.6663
0.6697
0.6788
0.6833
0.6862
0.6868
0.6878
0.6959
0.6971
0.6974
0.7038
0.7087
0.7088
0.7089
0.7118
0.7149
0.7152
0.7156
0.7235
0.7236
0.7239
0.7246
0.7247
0.7271
0.7306
0.7321
0.7379
0.7438
0.7462
0.7478
0.7483
0.7486
0.7560
0.7563
0.7565
0.7569
0.7576
0.7585
0.7601
0.7663
0.7672
0.7680
0.7700
0.7744
0.7750
0.7848
0.7864
0.7865
0.7867
0.7877
0.7932
0.7938
0.7952
0.7959
0.7976
0.7982
0.7991
0.8050
0.8127
0.8164
0.8165
0.8167
0.8169
0.8187
0.8207
0.8229
0.8244
0.8248
0.8274
0.8288
0.8314
0.8322
0.8335
0.8341
0.8371
0.8400
0.8438
0.8508
0.8564
0.8576
0.8577
0.8625
0.8668
0.8686
0.8698
0.8710
0.8725
0.8795
0.8835
0.8891
0.8937
0.9049
0.9094
0.9108
0.9137
0.9170
0.9175
0.9199
0.9231
0.9241
0.9242
0.9261
0.9284
0.9306
0.9322
0.9345
0.9485
0.9545
0.9595
0.9644
0.9661
0.9767
0.9825
0.9835
0.9855
0.9868
0.9869
0.9870
0.9873
0.9911
0.9914
0.9934
0.9998
1.0020
1.0040
1.0043
1.0071
1.0087
1.0188
1.0238
1.0297
1.0305
1.0329
1.0364
1.0414
1.0430
1.0447
1.0450
1.0451
1.0469
1.0489
1.0493
1.0496
1.0502
1.0528
1.0548
1.0565
1.0579
1.0586
1.0600
1.0730
1.0733
1.0745
1.0762
1.0813
1.0840
1.0854
1.0879
1.0989
1.1015
1.1016
1.1046
1.1050
1.1054
1.1080
1.1091
1.1092
1.1103
1.1121
1.1138
1.1148
1.1177
1.1194
1.1217
1.1221
1.1247
1.1259
1.1314
1.1345
1.1351
1.1351
1.1372
1.1418
1.1422
1.1438
1.1461
1.1469
1.1472
1.1474
1.1483
1.1484
1.1489
1.1529
1.1600
1.1604
1.1608
1.1653
1.1670
1.1683
1.1692
1.1701
1.1744
1.1746
1.1754
1.1819
1.1828
1.1834
1.1847
1.1853
1.1860
1.1877
1.1888
1.1912
1.1928
1.1950
1.1951
1.1963
1.2001
1.2001
1.2003
1.2007
1.2014
1.2015
1.2022
1.2045
1.2046
1.2101
1.2143
1.2175
1.2177
1.2237
1.2247
1.2249
1.2263
1.2289
1.2409
1.2414
1.2434
1.2469
1.2543
1.2564
1.2590
1.2604
1.2610
1.2623
1.2636
1.2639
1.2641
1.2667
1.2673
1.2756
1.2767
1.2778
1.2783
1.2810
1.2819
1.2821
1.2834
1.2837
1.2837
1.2842
1.2891
1.2903
1.3006
1.3022
1.3038
1.3040
1.3059
1.3086
1.3107
1.3145
1.3149
1.3162
1.3170
1.3199
1.3215
1.3215
1.3222
1.3224
1.3229
1.3257
1.3330
1.3450
1.3460
1.3479
1.3500
1.3523
1.3540
1.3589
1.3595
1.3643
1.3678
1.3704
1.3748
1.3758
1.3760
1.3781
1.3851
1.3873
1.3888
1.3888
1.3895
1.3907
1.3941
1.3942
1.3957
1.4050
1.4052
1.4063
1.4089
1.4130
1.4134
1.4148
1.4174
1.4189
1.4214
1.4215
1.4256
1.4282
1.4295
1.4328
1.4329
1.4391
1.4403
1.4426
1.4433
1.4478
1.4521
1.4567
1.4682
1.4707
1.4760
1.4766
1.4793
1.4813
1.4847
1.4855
1.4898
1.4951
1.4970
1.4987
1.5010
1.5014
1.5020
1.5087
1.5117
1.5172
1.5231
1.5240
1.5259
1.5265
1.5277
1.5344
1.5347
1.5376
1.5379
1.5406
1.5448
1.5453
1.5471
1.5473
1.5498
1.5554
1.5555
1.5557
1.5563
1.5581
1.5653
1.5657
1.5665
1.5672
1.5694
1.5725
1.5751
1.5758
1.5850
1.5890
1.5922
1.5941
1.5941
1.5954
1.5991
1.6017
1.6022
1.6029
1.6087
1.6119
1.6159
1.6205
1.6257
1.6257
1.6334
1.6479
1.6487
1.6503
1.6516
1.6516
1.6519
1.6532
1.6548
1.6569
1.6592
1.6648
1.6689
1.6690
1.6703
1.6766
1.6772
1.6783
1.6814
1.6826
1.6849
1.6868
1.6880
1.6922
1.6942
1.6986
1.7069
1.7103
1.7105
1.7108
1.7185
1.7218
1.7254
1.7266
1.7288
1.7312
1.7330
1.7337
1.7340
1.7367
1.7375
1.7380
1.7382
1.7383
1.7390
1.7399
1.7401
1.7414
1.7440
1.7456
1.7456
1.7472
1.7485
1.7485
1.7621
1.7629
1.7648
1.7674
1.7727
1.7771
1.7782
1.7808
1.7948
1.7963
1.8058
1.8099
1.8101
1.8133
1.8137
1.8186
1.8294
1.8309
1.8326
1.8346
1.8404
1.8466
1.8467
1.8495
1.8530
1.8597
1.8608
1.8660
1.8690
1.8691
1.8707
1.8808
1.8822
1.8829
1.8849
1.8878
1.8890
1.8899
1.8918
1.8991
1.9000
1.9007
1.9009
1.9029
1.9056
1.9093
1.9103
1.9174
1.9192
1.9194
1.9227
1.9263
1.9299
1.9303
1.9331
1.9351
1.9352
1.9371
1.9415
1.9452
1.9456
1.9468
1.9492
1.9492
1.9560
1.9572
1.9601
1.9681
1.9721
1.9807
1.9907
1.9938
1.9988
2.0017
2.0053
2.0108
2.0120
2.0140
2.0171
2.0185
2.0380
2.0393
2.0406
2.0496
2.0501
2.0520
2.0567
2.0587
2.0626
2.0639
2.0641
2.0651
2.0738
2.0754
2.0866
2.0867
2.0884
2.0903
2.0984
2.1062
2.1085
2.1163
2.1169
2.1178
2.1183
2.1198
2.1226
2.1226
2.1233
2.1242
2.1325
2.1342
2.1368
2.1436
2.1451
2.1513
2.1514
2.1515
2.1518
2.1521
2.1690
2.1722
2.1731
2.1791
2.1859
2.1883
2.1973
2.2096
2.2111
2.2223
2.2228
2.2231
2.2234
2.2351
2.2352
2.2433
2.2450
2.2472
2.2518
2.2533
2.2648
2.2673
2.2726
2.2745
2.2794
2.2836
2.2853
2.2860
2.2868
2.2916
2.2995
2.3013
2.3071
2.3185
2.3268
2.3421
2.3438
2.3610
2.3614
2.3683
2.3718
2.3719
2.3724
2.3767
2.3791
2.3887
2.3990
2.3995
2.4020
2.4023
2.4160
2.4173
2.4227
2.4362
2.4464
2.4485
2.4517
2.4517
2.4610
2.4696
2.4746
2.4753
2.4824
2.4975
2.5027
2.5079
2.5150
2.5158
2.5193
2.5230
2.5295
2.5348
2.5395
2.5406
2.5419
2.5586
2.5667
2.5775
2.5782
2.5809
2.5876
2.5879
2.5886
2.5895
2.5939
2.5966
2.5967
2.6130
2.6146
2.6218
2.6313
2.6348
2.6409
2.6467
2.6500
2.6501
2.6529
2.6538
2.6561
2.6625
2.6629
2.6640
2.6721
2.6790
2.6826
2.7189
2.7233
2.7283
2.7288
2.7396
2.7517
2.7599
2.7824
2.7878
2.7925
2.8038
2.8092
2.8252
2.8293
2.8537
2.8603
2.8690
2.8835
2.8852
2.8921
2.8931
2.8934
2.8970
2.8985
2.9204
2.9285
2.9308
2.9309
2.9333
2.9477
2.9694
2.9811
2.9929
3.0242
3.0413
3.0449
3.0494
3.0760
3.1046
3.1097
3.1115
3.1136
3.1142
3.1184
3.1320
3.1322
3.1325
3.1434
3.1567
3.1714
3.1805
3.1875
3.1967
3.1992
3.2014
3.2423
3.2833
3.2834
3.3215
3.3242
3.3519
3.3806
3.3968
3.4027
3.4105
3.4184
3.4217
3.4293
3.4359
3.5206
3.6196
3.6225
3.7142
3.7767
3.9199
3.9349
4.0002
4.0114
4.0701
4.0756
4.1823
4.2098
4.3110
4.6849
4.7049
4.7803
4.9972
6.0270
