1000
1000
-1.7631,0.2146
-1.6712,0.2148
-1.4484,0.1653
-1.2957,0.1531
-1.1843,0.1488
-1.0972,0.1447
-1.0262,0.1406
-0.9680,0.1378
-0.9189,0.1353
-0.8760,0.1326
-0.8390,0.1306
-0.8063,0.1283
-0.7773,0.1264
-0.7513,0.1246
-0.7276,0.1227
-0.7060,0.1208
-0.6861,0.1187
-0.6677,0.1167
-0.6508,0.1149
-0.6350,0.1132
-0.6203,0.1116
-0.6066,0.1101
-0.5938,0.1086
-0.5816,0.1071
-0.5702,0.1057
-0.5595,0.1044
-0.5493,0.1031
-0.5397,0.1019
-0.5306,0.1008
-0.5220,0.0997
-0.5137,0.0986
-0.5059,0.0975
-0.4984,0.0965
-0.4912,0.0954
-0.4843,0.0945
-0.4777,0.0935
-0.4714,0.0926
-0.4654,0.0918
-0.4595,0.0910
-0.4539,0.0902
-0.4485,0.0894
-0.4432,0.0886
-0.4381,0.0879
-0.4331,0.0871
-0.4283,0.0864
-0.4237,0.0857
-0.4192,0.0849
-0.4148,0.0842
-0.4105,0.0835
-0.4064,0.0827
-0.4024,0.0820
-0.3985,0.0814
-0.3947,0.0807
-0.3910,0.0801
-0.3874,0.0794
-0.3839,0.0788
-0.3805,0.0782
-0.3772,0.0775
-0.3739,0.0769
-0.3708,0.0763
-0.3677,0.0758
-0.3647,0.0752
-0.3618,0.0747
-0.3590,0.0741
-0.3562,0.0736
-0.3535,0.0731
-0.3508,0.0727
-0.3482,0.0722
-0.3457,0.0717
-0.3432,0.0712
-0.3408,0.0708
-0.3384,0.0703
-0.3360,0.0699
-0.3338,0.0695
-0.3315,0.0691
-0.3293,0.0686
-0.3272,0.0682
-0.3251,0.0678
-0.3230,0.0674
-0.3209,0.0670
-0.3189,0.0666
-0.3170,0.0662
-0.3150,0.0658
-0.3131,0.0654
-0.3113,0.0651
-0.3094,0.0647
-0.3076,0.0643
-0.3059,0.0640
-0.3041,0.0637
-0.3024,0.0633
-0.3008,0.0630
-0.2991,0.0627
-0.2975,0.0623
-0.2959,0.0620
-0.2943,0.0617
-0.2927,0.0614
-0.2912,0.0611
-0.2897,0.0608
-0.2882,0.0606
-0.2868,0.0603
-0.2853,0.0600
-0.2839,0.0597
-0.2825,0.0595
-0.2811,0.0592
-0.2798,0.0589
-0.2784,0.0587
-0.2771,0.0584
-0.2758,0.0582
-0.2745,0.0579
-0.2732,0.0577
-0.2720,0.0575
-0.2708,0.0572
-0.2695,0.0570
-0.2683,0.0568
-0.2672,0.0566
-0.2660,0.0564
-0.2648,0.0562
-0.2637,0.0560
-0.2626,0.0558
-0.2615,0.0556
-0.2604,0.0554
-0.2593,0.0552
-0.2582,0.0550
-0.2571,0.0548
-0.2561,0.0546
-0.2550,0.0544
-0.2540,0.0542
-0.2530,0.0541
-0.2520,0.0539
-0.2510,0.0537
-0.2500,0.0535
-0.2491,0.0533
-0.2481,0.0531
-0.2472,0.0529
-0.2462,0.0527
-0.2453,0.0526
-0.2444,0.0524
-0.2435,0.0522
-0.2426,0.0520
-0.2417,0.0519
-0.2408,0.0517
-0.2399,0.0515
-0.2391,0.0513
-0.2382,0.0512
-0.2374,0.0510
-0.2366,0.0509
-0.2358,0.0507
-0.2349,0.0506
-0.2341,0.0504
-0.2334,0.0503
-0.2326,0.0501
-0.2318,0.0500
-0.2310,0.0498
-0.2303,0.0497
-0.2295,0.0495
-0.2288,0.0494
-0.2280,0.0493
-0.2273,0.0491
-0.2266,0.0490
-0.2259,0.0489
-0.2251,0.0487
-0.2244,0.0486
-0.2237,0.0485
-0.2230,0.0484
-0.2224,0.0482
-0.2217,0.0481
-0.2210,0.0480
-0.2203,0.0479
-0.2197,0.0478
-0.2190,0.0476
-0.2184,0.0475
-0.2177,0.0474
-0.2171,0.0473
-0.2164,0.0472
-0.2158,0.0470
-0.2152,0.0469
-0.2146,0.0468
-0.2139,0.0467
-0.2133,0.0466
-0.2127,0.0464
-0.2121,0.0463
-0.2115,0.0462
-0.2109,0.0461
-0.2104,0.0460
-0.2098,0.0459
-0.2092,0.0458
-0.2086,0.0457
-0.2081,0.0456
-0.2075,0.0455
-0.2070,0.0454
-0.2064,0.0453
-0.2059,0.0452
-0.2053,0.0451
-0.2048,0.0450
-0.2043,0.0449
-0.2037,0.0448
-0.2032,0.0447
-0.2027,0.0446
-0.2022,0.0445
-0.2016,0.0445
-0.2011,0.0444
-0.2006,0.0443
-0.2001,0.0442
-0.1996,0.0441
-0.1991,0.0440
-0.1986,0.0439
-0.1981,0.0438
-0.1977,0.0437
-0.1972,0.0437
-0.1967,0.0436
-0.1962,0.0435
-0.1957,0.0434
-0.1953,0.0433
-0.1948,0.0432
-0.1943,0.0431
-0.1939,0.0430
-0.1934,0.0429
-0.1929,0.0429
-0.1925,0.0428
-0.1920,0.0427
-0.1916,0.0426
-0.1911,0.0425
-0.1907,0.0424
-0.1902,0.0423
-0.1898,0.0422
-0.1894,0.0422
-0.1889,0.0421
-0.1885,0.0420
-0.1881,0.0419
-0.1877,0.0418
-0.1872,0.0417
-0.1868,0.0417
-0.1864,0.0416
-0.1860,0.0415
-0.1856,0.0414
-0.1852,0.0413
-0.1848,0.0413
-0.1844,0.0412
-0.1840,0.0411
-0.1836,0.0410
-0.1832,0.0410
-0.1828,0.0409
-0.1824,0.0408
-0.1820,0.0407
-0.1816,0.0406
-0.1812,0.0406
-0.1809,0.0405
-0.1805,0.0404
-0.1801,0.0403
-0.1797,0.0403
-0.1793,0.0402
-0.1790,0.0401
-0.1786,0.0401
-0.1782,0.0400
-0.1779,0.0399
-0.1775,0.0398
-0.1772,0.0398
-0.1768,0.0397
-0.1764,0.0396
-0.1761,0.0395
-0.1757,0.0395
-0.1754,0.0394
-0.1750,0.0393
-0.1747,0.0393
-0.1743,0.0392
-0.1740,0.0391
-0.1737,0.0390
-0.1733,0.0390
-0.1730,0.0389
-0.1726,0.0388
-0.1723,0.0388
-0.1720,0.0387
-0.1716,0.0386
-0.1713,0.0386
-0.1710,0.0385
-0.1707,0.0384
-0.1703,0.0384
-0.1700,0.0383
-0.1697,0.0382
-0.1694,0.0382
-0.1691,0.0381
-0.1688,0.0381
-0.1684,0.0380
-0.1681,0.0379
-0.1678,0.0379
-0.1675,0.0378
-0.1672,0.0377
-0.1669,0.0377
-0.1666,0.0376
-0.1663,0.0376
-0.1660,0.0375
-0.1657,0.0374
-0.1654,0.0374
-0.1651,0.0373
-0.1648,0.0373
-0.1645,0.0372
-0.1642,0.0371
-0.1639,0.0371
-0.1637,0.0370
-0.1634,0.0370
-0.1631,0.0369
-0.1628,0.0369
-0.1625,0.0368
-0.1622,0.0368
-0.1620,0.0367
-0.1617,0.0366
-0.1614,0.0366
-0.1611,0.0365
-0.1609,0.0365
-0.1606,0.0364
-0.1603,0.0364
-0.1600,0.0363
-0.1598,0.0363
-0.1595,0.0362
-0.1592,0.0362
-0.1590,0.0361
-0.1587,0.0361
-0.1585,0.0360
-0.1582,0.0360
-0.1579,0.0359
-0.1577,0.0359
-0.1574,0.0358
-0.1572,0.0358
-0.1569,0.0357
-0.1567,0.0357
-0.1564,0.0356
-0.1562,0.0356
-0.1559,0.0355
-0.1557,0.0355
-0.1554,0.0355
-0.1552,0.0354
-0.1550,0.0354
-0.1547,0.0353
-0.1545,0.0353
-0.1542,0.0352
-0.1540,0.0352
-0.1538,0.0351
-0.1535,0.0351
-0.1533,0.0351
-0.1531,0.0350
-0.1528,0.0350
-0.1526,0.0349
-0.1524,0.0349
-0.1521,0.0348
-0.1519,0.0348
-0.1517,0.0347
-0.1514,0.0347
-0.1512,0.0347
-0.1510,0.0346
-0.1508,0.0346
-0.1505,0.0345
-0.1503,0.0345
-0.1501,0.0344
-0.1499,0.0344
-0.1496,0.0344
-0.1494,0.0343
-0.1492,0.0343
-0.1490,0.0342
-0.1488,0.0342
-0.1486,0.0341
-0.1483,0.0341
-0.1481,0.0341
-0.1479,0.0340
-0.1477,0.0340
-0.1475,0.0339
-0.1473,0.0339
-0.1471,0.0339
-0.1469,0.0338
-0.1466,0.0338
-0.1464,0.0337
-0.1462,0.0337
-0.1460,0.0337
-0.1458,0.0336
-0.1456,0.0336
-0.1454,0.0336
-0.1452,0.0335
-0.1450,0.0335
-0.1448,0.0334
-0.1446,0.0334
-0.1444,0.0334
-0.1442,0.0333
-0.1440,0.0333
-0.1438,0.0332
-0.1436,0.0332
-0.1434,0.0332
-0.1432,0.0331
-0.1430,0.0331
-0.1428,0.0330
-0.1426,0.0330
-0.1424,0.0330
-0.1423,0.0329
-0.1421,0.0329
-0.1419,0.0329
-0.1417,0.0328
-0.1415,0.0328
-0.1413,0.0327
-0.1411,0.0327
-0.1409,0.0327
-0.1407,0.0326
-0.1406,0.0326
-0.1404,0.0325
-0.1402,0.0325
-0.1400,0.0325
-0.1398,0.0324
-0.1396,0.0324
-0.1395,0.0324
-0.1393,0.0323
-0.1391,0.0323
-0.1389,0.0322
-0.1387,0.0322
-0.1386,0.0322
-0.1384,0.0321
-0.1382,0.0321
-0.1380,0.0321
-0.1379,0.0320
-0.1377,0.0320
-0.1375,0.0319
-0.1373,0.0319
-0.1372,0.0319
-0.1370,0.0318
-0.1368,0.0318
-0.1366,0.0318
-0.1365,0.0317
-0.1363,0.0317
-0.1361,0.0317
-0.1360,0.0316
-0.1358,0.0316
-0.1356,0.0315
-0.1355,0.0315
-0.1353,0.0315
-0.1351,0.0314
-0.1350,0.0314
-0.1348,0.0314
-0.1346,0.0313
-0.1345,0.0313
-0.1343,0.0313
-0.1341,0.0312
-0.1340,0.0312
-0.1338,0.0311
-0.1337,0.0311
-0.1335,0.0311
-0.1333,0.0310
-0.1332,0.0310
-0.1330,0.0310
-0.1328,0.0309
-0.1327,0.0309
-0.1325,0.0309
-0.1324,0.0308
-0.1322,0.0308
-0.1321,0.0308
-0.1319,0.0307
-0.1317,0.0307
-0.1316,0.0307
-0.1314,0.0306
-0.1313,0.0306
-0.1311,0.0306
-0.1310,0.0305
-0.1308,0.0305
-0.1307,0.0305
-0.1305,0.0304
-0.1304,0.0304
-0.1302,0.0304
-0.1301,0.0303
-0.1299,0.0303
-0.1298,0.0303
-0.1296,0.0302
-0.1295,0.0302
-0.1293,0.0302
-0.1292,0.0301
-0.1290,0.0301
-0.1289,0.0301
-0.1288,0.0301
-0.1286,0.0300
-0.1285,0.0300
-0.1283,0.0300
-0.1282,0.0299
-0.1280,0.0299
-0.1279,0.0299
-0.1278,0.0298
-0.1276,0.0298
-0.1275,0.0298
-0.1273,0.0298
-0.1272,0.0297
-0.1271,0.0297
-0.1269,0.0297
-0.1268,0.0296
-0.1266,0.0296
-0.1265,0.0296
-0.1264,0.0295
-0.1262,0.0295
-0.1261,0.0295
-0.1259,0.0295
-0.1258,0.0294
-0.1257,0.0294
-0.1255,0.0294
-0.1254,0.0293
-0.1253,0.0293
-0.1251,0.0293
-0.1250,0.0292
-0.1249,0.0292
-0.1247,0.0292
-0.1246,0.0292
-0.1245,0.0291
-0.1243,0.0291
-0.1242,0.0291
-0.1241,0.0290
-0.1240,0.0290
-0.1238,0.0290
-0.1237,0.0290
-0.1236,0.0289
-0.1234,0.0289
-0.1233,0.0289
-0.1232,0.0289
-0.1231,0.0288
-0.1229,0.0288
-0.1228,0.0288
-0.1227,0.0287
-0.1226,0.0287
-0.1224,0.0287
-0.1223,0.0287
-0.1222,0.0286
-0.1221,0.0286
-0.1219,0.0286
-0.1218,0.0286
-0.1217,0.0285
-0.1216,0.0285
-0.1214,0.0285
-0.1213,0.0285
-0.1212,0.0284
-0.1211,0.0284
-0.1209,0.0284
-0.1208,0.0284
-0.1207,0.0283
-0.1206,0.0283
-0.1205,0.0283
-0.1203,0.0283
-0.1202,0.0282
-0.1201,0.0282
-0.1200,0.0282
-0.1199,0.0282
-0.1198,0.0281
-0.1196,0.0281
-0.1195,0.0281
-0.1194,0.0281
-0.1193,0.0280
-0.1192,0.0280
-0.1191,0.0280
-0.1189,0.0280
-0.1188,0.0279
-0.1187,0.0279
-0.1186,0.0279
-0.1185,0.0279
-0.1184,0.0278
-0.1183,0.0278
-0.1181,0.0278
-0.1180,0.0278
-0.1179,0.0277
-0.1178,0.0277
-0.1177,0.0277
-0.1176,0.0277
-0.1175,0.0276
-0.1174,0.0276
-0.1172,0.0276
-0.1171,0.0276
-0.1170,0.0276
-0.1169,0.0275
-0.1168,0.0275
-0.1167,0.0275
-0.1166,0.0275
-0.1165,0.0274
-0.1164,0.0274
-0.1163,0.0274
-0.1162,0.0274
-0.1161,0.0274
-0.1159,0.0273
-0.1158,0.0273
-0.1157,0.0273
-0.1156,0.0273
-0.1155,0.0272
-0.1154,0.0272
-0.1153,0.0272
-0.1152,0.0272
-0.1151,0.0272
-0.1150,0.0271
-0.1149,0.0271
-0.1148,0.0271
-0.1147,0.0271
-0.1146,0.0270
-0.1145,0.0270
-0.1144,0.0270
-0.1143,0.0270
-0.1142,0.0270
-0.1141,0.0269
-0.1140,0.0269
-0.1139,0.0269
-0.1138,0.0269
-0.1137,0.0269
-0.1136,0.0268
-0.1135,0.0268
-0.1134,0.0268
-0.1133,0.0268
-0.1132,0.0268
-0.1131,0.0267
-0.1130,0.0267
-0.1129,0.0267
-0.1128,0.0267
-0.1127,0.0266
-0.1126,0.0266
-0.1125,0.0266
-0.1124,0.0266
-0.1123,0.0266
-0.1122,0.0265
-0.1121,0.0265
-0.1120,0.0265
-0.1119,0.0265
-0.1118,0.0265
-0.1117,0.0264
-0.1116,0.0264
-0.1115,0.0264
-0.1114,0.0264
-0.1113,0.0264
-0.1112,0.0264
-0.1111,0.0263
-0.1110,0.0263
-0.1109,0.0263
-0.1108,0.0263
-0.1107,0.0263
-0.1107,0.0262
-0.1106,0.0262
-0.1105,0.0262
-0.1104,0.0262
-0.1103,0.0262
-0.1102,0.0261
-0.1101,0.0261
-0.1100,0.0261
-0.1099,0.0261
-0.1098,0.0261
-0.1097,0.0260
-0.1096,0.0260
-0.1095,0.0260
-0.1095,0.0260
-0.1094,0.0260
-0.1093,0.0260
-0.1092,0.0259
-0.1091,0.0259
-0.1090,0.0259
-0.1089,0.0259
-0.1088,0.0259
-0.1087,0.0258
-0.1086,0.0258
-0.1086,0.0258
-0.1085,0.0258
-0.1084,0.0258
-0.1083,0.0257
-0.1082,0.0257
-0.1081,0.0257
-0.1080,0.0257
-0.1079,0.0257
-0.1079,0.0257
-0.1078,0.0256
-0.1077,0.0256
-0.1076,0.0256
-0.1075,0.0256
-0.1074,0.0256
-0.1073,0.0255
-0.1073,0.0255
-0.1072,0.0255
-0.1071,0.0255
-0.1070,0.0255
-0.1069,0.0255
-0.1068,0.0254
-0.1067,0.0254
-0.1067,0.0254
-0.1066,0.0254
-0.1065,0.0254
-0.1064,0.0253
-0.1063,0.0253
-0.1062,0.0253
-0.1062,0.0253
-0.1061,0.0253
-0.1060,0.0253
-0.1059,0.0252
-0.1058,0.0252
-0.1057,0.0252
-0.1057,0.0252
-0.1056,0.0252
-0.1055,0.0252
-0.1054,0.0251
-0.1053,0.0251
-0.1053,0.0251
-0.1052,0.0251
-0.1051,0.0251
-0.1050,0.0251
-0.1049,0.0250
-0.1048,0.0250
-0.1048,0.0250
-0.1047,0.0250
-0.1046,0.0250
-0.1045,0.0249
-0.1044,0.0249
-0.1044,0.0249
-0.1043,0.0249
-0.1042,0.0249
-0.1041,0.0249
-0.1041,0.0248
-0.1040,0.0248
-0.1039,0.0248
-0.1038,0.0248
-0.1037,0.0248
-0.1037,0.0248
-0.1036,0.0247
-0.1035,0.0247
-0.1034,0.0247
-0.1033,0.0247
-0.1033,0.0247
-0.1032,0.0247
-0.1031,0.0246
-0.1030,0.0246
-0.1030,0.0246
-0.1029,0.0246
-0.1028,0.0246
-0.1027,0.0246
-0.1027,0.0245
-0.1026,0.0245
-0.1025,0.0245
-0.1024,0.0245
-0.1024,0.0245
-0.1023,0.0245
-0.1022,0.0245
-0.1021,0.0244
-0.1021,0.0244
-0.1020,0.0244
-0.1019,0.0244
-0.1018,0.0244
-0.1018,0.0244
-0.1017,0.0243
-0.1016,0.0243
-0.1015,0.0243
-0.1015,0.0243
-0.1014,0.0243
-0.1013,0.0243
-0.1012,0.0242
-0.1012,0.0242
-0.1011,0.0242
-0.1010,0.0242
-0.1010,0.0242
-0.1009,0.0242
-0.1008,0.0242
-0.1007,0.0241
-0.1007,0.0241
-0.1006,0.0241
-0.1005,0.0241
-0.1005,0.0241
-0.1004,0.0241
-0.1003,0.0240
-0.1002,0.0240
-0.1002,0.0240
-0.1001,0.0240
-0.1000,0.0240
-0.1000,0.0240
-0.0999,0.0240
-0.0998,0.0239
-0.0997,0.0239
-0.0997,0.0239
-0.0996,0.0239
-0.0995,0.0239
-0.0995,0.0239
-0.0994,0.0239
-0.0993,0.0238
-0.0993,0.0238
-0.0992,0.0238
-0.0991,0.0238
-0.0991,0.0238
-0.0990,0.0238
-0.0989,0.0238
-0.0989,0.0237
-0.0988,0.0237
-0.0987,0.0237
-0.0987,0.0237
-0.0986,0.0237
-0.0985,0.0237
-0.0985,0.0237
-0.0984,0.0236
-0.0983,0.0236
-0.0983,0.0236
-0.0982,0.0236
-0.0981,0.0236
-0.0981,0.0236
-0.0980,0.0236
-0.0979,0.0236
-0.0979,0.0235
-0.0978,0.0235
-0.0977,0.0235
-0.0977,0.0235
-0.0976,0.0235
-0.0975,0.0235
-0.0975,0.0235
-0.0974,0.0234
-0.0973,0.0234
-0.0973,0.0234
-0.0972,0.0234
-0.0971,0.0234
-0.0971,0.0234
-0.0970,0.0234
-0.0969,0.0234
-0.0969,0.0233
-0.0968,0.0233
-0.0968,0.0233
-0.0967,0.0233
-0.0966,0.0233
-0.0966,0.0233
-0.0965,0.0233
-0.0964,0.0233
-0.0964,0.0232
-0.0963,0.0232
-0.0963,0.0232
-0.0962,0.0232
-0.0961,0.0232
-0.0961,0.0232
-0.0960,0.0232
-0.0959,0.0232
-0.0959,0.0231
-0.0958,0.0231
-0.0958,0.0231
-0.0957,0.0231
-0.0956,0.0231
-0.0956,0.0231
-0.0955,0.0231
-0.0954,0.0231
-0.0954,0.0230
-0.0953,0.0230
-0.0953,0.0230
-0.0952,0.0230
-0.0951,0.0230
-0.0951,0.0230
-0.0950,0.0230
-0.0950,0.0230
-0.0949,0.0229
-0.0948,0.0229
-0.0948,0.0229
-0.0947,0.0229
-0.0947,0.0229
-0.0946,0.0229
-0.0945,0.0229
-0.0945,0.0229
-0.0944,0.0228
-0.0944,0.0228
-0.0943,0.0228
-0.0942,0.0228
-0.0942,0.0228
-0.0941,0.0228
-0.0941,0.0228
-0.0940,0.0228
-0.0939,0.0227
-0.0939,0.0227
-0.0938,0.0227
-0.0938,0.0227
-0.0937,0.0227
-0.0937,0.0227
-0.0936,0.0227
-0.0935,0.0227
-0.0935,0.0226
-0.0934,0.0226
-0.0934,0.0226
-0.0933,0.0226
-0.0933,0.0226
-0.0932,0.0226
-0.0931,0.0226
-0.0931,0.0226
-0.0930,0.0225
-0.0930,0.0225
-0.0929,0.0225
-0.0929,0.0225
-0.0928,0.0225
-0.0927,0.0225
-0.0927,0.0225
-0.0926,0.0225
-0.0926,0.0224
-0.0925,0.0224
-0.0925,0.0224
-0.0924,0.0224
-0.0923,0.0224
-0.0923,0.0224
-0.0922,0.0224
-0.0922,0.0224
-0.0921,0.0224
-0.0921,0.0223
-0.0920,0.0223
-0.0919,0.0223
-0.0919,0.0223
-0.0918,0.0223
-0.0918,0.0223
-0.0917,0.0223
-0.0917,0.0223
-0.0916,0.0222
-0.0916,0.0222
-0.0915,0.0222
-0.0915,0.0222
-0.0914,0.0222
-0.0913,0.0222
-0.0913,0.0222
-0.0912,0.0222
-0.0912,0.0222
-0.0911,0.0221
-0.0911,0.0221
-0.0910,0.0221
-0.0910,0.0221
-0.0909,0.0221
-0.0909,0.0221
-0.0908,0.0221
-0.0907,0.0221
-0.0907,0.0220
-0.0906,0.0220
-0.0906,0.0220
-0.0905,0.0220
-0.0905,0.0220
-0.0904,0.0220
-0.0904,0.0220
-0.0903,0.0220
-0.0903,0.0220
-0.0902,0.0219
-0.0902,0.0219
-0.0901,0.0219
-0.0901,0.0219
-0.0900,0.0219
-0.0900,0.0219
-0.0899,0.0219
-0.0899,0.0219
-0.0898,0.0219
-0.0897,0.0218
-0.0897,0.0218
-0.0896,0.0218
-0.0896,0.0218
-0.0895,0.0218
-0.0895,0.0218
-0.0894,0.0218
-0.0894,0.0218
-0.0893,0.0218
-0.0893,0.0217
-0.0892,0.0217
-0.0892,0.0217
-0.0891,0.0217
-0.0891,0.0217
-0.0890,0.0217
-0.0890,0.0217
-0.0889,0.0217
-0.0889,0.0217
-0.0888,0.0216
-0.0888,0.0216
-0.0887,0.0216
-0.0887,0.0216
-0.0886,0.0216
-0.0886,0.0216
-0.0885,0.0216
-0.0885,0.0216
-0.0884,0.0216
-0.0884,0.0215
-0.0883,0.0215
-0.0883,0.0215
-0.0882,0.0215
-0.0882,0.0215
-0.0881,0.0215
-0.0881,0.0215
-0.0880,0.0215
-0.0880,0.0215
-0.0879,0.0214
-0.0879,0.0214
-0.0878,0.0214
-0.0878,0.0214
-0.0877,0.0214
-0.0877,0.0214
-0.0876,0.0214
-0.0876,0.0214
-0.0875,0.0214
-0.0875,0.0214
-0.0874,0.0213
-0.0874,0.0213
-0.0874,0.0213
-0.0873,0.0213
-0.0873,0.0213
-0.0872,0.0213
-0.0872,0.0213
-0.0871,0.0213
-0.0871,0.0213
-0.0870,0.0213
-0.0870,0.0212
-0.0869,0.0212
-0.0869,0.0212
-0.0868,0.0212
-0.0868,0.0212
-0.0867,0.0212
-0.0867,0.0212
-0.0866,0.0212
-0.0866,0.0212
-0.0865,0.0212
-0.0865,0.0211
-0.0865,0.0211
-0.0864,0.0211
-0.0864,0.0211
-0.0863,0.0211
0.2852
0.3552
0.3592
0.3747
0.3771
0.3799
0.3898
0.3924
0.4169
0.4356
0.4541
0.5088
0.5158
0.5240
0.5435
0.5514
0.5817
0.5899
0.6025
0.6065
0.6073
0.6163
0.6173
0.6179
0.6186
0.6193
0.6260
0.6334
0.6395
0.6396
0.6430
0.6490
0.6527
0.6574
0.6632
0.6662
0.6667
0.6724
0.6740
0.6761
0.6770
0.6831
0.6890
0.7018
0.7028
0.7106
0.7315
0.7360
0.7370
0.7461
0.7498
0.7510
0.7516
0.7538
0.7567
0.7658
0.7722
0.7786
0.7889
0.7949
0.8000
0.8020
0.8025
0.8045
0.8060
0.8100
0.8127
0.8187
0.8188
0.8213
0.8247
0.8287
0.8337
0.8376
0.8386
0.8487
0.8493
0.8497
0.8507
0.8573
0.8599
0.8671
0.8691
0.8716
0.8730
0.8751
0.8756
0.8828
0.8837
0.8847
0.8872
0.8877
0.8885
0.8890
0.8954
0.8989
0.8994
0.9004
0.9008
0.9024
0.9028
0.9060
0.9061
0.9062
0.9073
0.9101
0.9123
0.9132
0.9155
0.9178
0.9208
0.9210
0.9230
0.9235
0.9300
0.9316
0.9327
0.9342
0.9369
0.9402
0.9429
0.9434
0.9456
0.9567
0.9582
0.9588
0.9610
0.9633
0.9666
0.9675
0.9686
0.9691
0.9695
0.9710
0.9714
0.9723
0.9774
0.9775
0.9787
0.9802
0.9827
0.9924
0.9992
1.0042
1.0049
1.0052
1.0089
1.0120
1.0163
1.0193
1.0212
1.0216
1.0244
1.0280
1.0285
1.0306
1.0318
1.0340
1.0350
1.0350
1.0357
1.0360
1.0387
1.0399
1.0401
1.0412
1.0427
1.0438
1.0445
1.0472
1.0517
1.0527
1.0565
1.0602
1.0610
1.0618
1.0621
1.0643
1.0648
1.0659
1.0679
1.0685
1.0701
1.0755
1.0786
1.0792
1.0807
1.0880
1.0886
1.0914
1.0923
1.0938
1.0940
1.0954
1.0956
1.0967
1.0974
1.0991
1.1002
1.1009
1.1022
1.1094
1.1131
1.1163
1.1166
1.1179
1.1181
1.1227
1.1249
1.1253
1.1253
1.1312
1.1313
1.1314
1.1330
1.1358
1.1374
1.1383
1.1396
1.1408
1.1424
1.1434
1.1435
1.1445
1.1479
1.1482
1.1503
1.1506
1.1511
1.1524
1.1530
1.1571
1.1582
1.1625
1.1676
1.1683
1.1697
1.1707
1.1710
1.1712
1.1720
1.1755
1.1758
1.1813
1.1816
1.1844
1.1848
1.1855
1.1857
1.1885
1.1889
1.1946
1.1952
1.1961
1.1965
1.1972
1.2018
1.2026
1.2029
1.2096
1.2105
1.2116
1.2121
1.2133
1.2135
1.2160
1.2162
1.2166
1.2169
1.2179
1.2188
1.2189
1.2210
1.2245
1.2246
1.2257
1.2270
1.2285
1.2290
1.2307
1.2312
1.2321
1.2405
1.2416
1.2430
1.2433
1.2436
1.2436
1.2443
1.2488
1.2508
1.2509
1.2522
1.2545
1.2551
1.2585
1.2589
1.2629
1.2630
1.2655
1.2656
1.2664
1.2723
1.2750
1.2752
1.2758
1.2775
1.2796
1.2802
1.2809
1.2823
1.2827
1.2831
1.2845
1.2848
1.2855
1.2856
1.2857
1.2874
1.2878
1.2887
1.2888
1.2896
1.2899
1.2900
1.2903
1.2911
1.2934
1.2936
1.2975
1.2977
1.3017
1.3037
1.3047
1.3069
1.3079
1.3079
1.3089
1.3123
1.3124
1.3126
1.3135
1.3137
1.3143
1.3143
1.3155
1.3160
1.3174
1.3190
1.3197
1.3206
1.3208
1.3212
1.3220
1.3228
1.3232
1.3236
1.3264
1.3319
1.3327
1.3353
1.3392
1.3403
1.3415
1.3473
1.3508
1.3517
1.3521
1.3531
1.3539
1.3544
1.3568
1.3622
1.3649
1.3677
1.3681
1.3740
1.3743
1.3746
1.3754
1.3776
1.3780
1.3805
1.3894
1.3919
1.3928
1.3992
1.4005
1.4006
1.4018
1.4028
1.4051
1.4058
1.4058
1.4119
1.4142
1.4147
1.4248
1.4254
1.4284
1.4318
1.4332
1.4352
1.4361
1.4368
1.4371
1.4381
1.4382
1.4387
1.4390
1.4399
1.4401
1.4416
1.4433
1.4436
1.4437
1.4444
1.4457
1.4473
1.4478
1.4482
1.4522
1.4554
1.4556
1.4557
1.4583
1.4588
1.4603
1.4609
1.4621
1.4637
1.4648
1.4653
1.4658
1.4660
1.4667
1.4676
1.4684
1.4693
1.4704
1.4713
1.4751
1.4791
1.4800
1.4816
1.4818
1.4831
1.4854
1.4855
1.4869
1.4892
1.4895
1.4940
1.4944
1.4961
1.4978
1.4978
1.4987
1.4988
1.5006
1.5006
1.5011
1.5041
1.5049
1.5089
1.5090
1.5106
1.5161
1.5212
1.5235
1.5245
1.5281
1.5285
1.5337
1.5352
1.5404
1.5410
1.5423
1.5460
1.5462
1.5469
1.5483
1.5495
1.5495
1.5505
1.5507
1.5508
1.5516
1.5556
1.5560
1.5568
1.5569
1.5575
1.5578
1.5662
1.5671
1.5740
1.5749
1.5768
1.5782
1.5825
1.5875
1.5896
1.5902
1.5904
1.5915
1.5926
1.5943
1.5967
1.5985
1.6035
1.6039
1.6044
1.6047
1.6090
1.6106
1.6109
1.6126
1.6155
1.6183
1.6203
1.6214
1.6228
1.6234
1.6239
1.6255
1.6267
1.6272
1.6280
1.6284
1.6287
1.6288
1.6319
1.6320
1.6325
1.6347
1.6364
1.6380
1.6389
1.6394
1.6398
1.6411
1.6413
1.6427
1.6432
1.6436
1.6437
1.6453
1.6454
1.6464
1.6468
1.6475
1.6476
1.6530
1.6531
1.6540
1.6560
1.6567
1.6591
1.6594
1.6600
1.6604
1.6604
1.6632
1.6656
1.6659
1.6671
1.6687
1.6709
1.6729
1.6735
1.6771
1.6786
1.6802
1.6813
1.6826
1.6847
1.6852
1.6862
1.6867
1.6869
1.6877
1.6879
1.6881
1.6887
1.6897
1.6951
1.6965
1.6985
1.6998
1.7044
1.7051
1.7056
1.7079
1.7087
1.7109
1.7128
1.7148
1.7180
1.7190
1.7195
1.7197
1.7210
1.7212
1.7236
1.7244
1.7251
1.7259
1.7284
1.7288
1.7301
1.7317
1.7321
1.7327
1.7340
1.7350
1.7365
1.7378
1.7385
1.7403
1.7407
1.7440
1.7443
1.7451
1.7480
1.7486
1.7505
1.7506
1.7510
1.7511
1.7516
1.7532
1.7548
1.7565
1.7567
1.7609
1.7610
1.7639
1.7650
1.7673
1.7722
1.7724
1.7732
1.7733
1.7773
1.7785
1.7832
1.7835
1.7839
1.7856
1.7859
1.7870
1.7880
1.7887
1.7930
1.7934
1.7936
1.7954
1.7955
1.7964
1.7971
1.8000
1.8028
1.8030
1.8037
1.8038
1.8041
1.8064
1.8079
1.8090
1.8109
1.8161
1.8168
1.8193
1.8199
1.8207
1.8210
1.8251
1.8256
1.8287
1.8315
1.8325
1.8349
1.8409
1.8430
1.8464
1.8465
1.8495
1.8501
1.8525
1.8542
1.8576
1.8582
1.8591
1.8613
1.8657
1.8667
1.8707
1.8712
1.8735
1.8747
1.8748
1.8753
1.8754
1.8756
1.8777
1.8784
1.8813
1.8814
1.8814
1.8849
1.8858
1.8877
1.8886
1.8899
1.8908
1.8957
1.9016
1.9036
1.9061
1.9068
1.9068
1.9076
1.9101
1.9110
1.9139
1.9142
1.9158
1.9165
1.9184
1.9187
1.9195
1.9206
1.9220
1.9249
1.9258
1.9268
1.9276
1.9311
1.9337
1.9342
1.9364
1.9364
1.9385
1.9404
1.9425
1.9426
1.9437
1.9441
1.9442
1.9453
1.9475
1.9501
1.9572
1.9581
1.9592
1.9604
1.9606
1.9611
1.9638
1.9698
1.9706
1.9723
1.9735
1.9744
1.9749
1.9827
1.9836
1.9846
1.9850
1.9864
1.9878
1.9885
1.9896
1.9901
1.9919
1.9939
1.9950
1.9969
1.9989
2.0010
2.0052
2.0184
2.0251
2.0267
2.0307
2.0345
2.0348
2.0392
2.0419
2.0430
2.0459
2.0490
2.0505
2.0511
2.0558
2.0567
2.0608
2.0612
2.0617
2.0626
2.0659
2.0676
2.0731
2.0769
2.0833
2.0837
2.0878
2.0906
2.0930
2.0958
2.0970
2.0984
2.1037
2.1061
2.1080
2.1138
2.1158
2.1158
2.1191
2.1202
2.1229
2.1249
2.1270
2.1314
2.1323
2.1349
2.1355
2.1361
2.1373
2.1380
2.1384
2.1412
2.1429
2.1442
2.1451
2.1504
2.1566
2.1568
2.1581
2.1589
2.1592
2.1596
2.1643
2.1724
2.1729
2.1818
2.1821
2.1868
2.1903
2.1941
2.1985
2.2000
2.2032
2.2080
2.2100
2.2170
2.2214
2.2227
2.2231
2.2261
2.2272
2.2305
2.2312
2.2328
2.2331
2.2417
2.2432
2.2438
2.2447
2.2449
2.2458
2.2471
2.2515
2.2525
2.2547
2.2561
2.2671
2.2676
2.2684
2.2711
2.2714
2.2765
2.2817
2.2893
2.3115
2.3168
2.3201
2.3213
2.3278
2.3373
2.3475
2.3479
2.3530
2.3543
2.3555
2.3588
2.3596
2.3610
2.3631
2.3708
2.3732
2.3763
2.3902
2.3929
2.3951
2.3951
2.4013
2.4036
2.4141
2.4192
2.4275
2.4281
2.4317
2.4326
2.4342
2.4373
2.4428
2.4548
2.4560
2.4564
2.4642
2.4673
2.4683
2.4718
2.4728
2.4739
2.4818
2.4869
2.4958
2.4964
2.5027
2.5131
2.5132
2.5160
2.5161
2.5245
2.5285
2.5328
2.5347
2.5402
2.5770
2.5832
2.5832
2.5883
2.5930
2.5972
2.5973
2.6034
2.6134
2.6248
2.6256
2.6493
2.6600
2.6672
2.6710
2.6725
2.6726
2.6740
2.6825
2.6924
2.6925
2.6946
2.7068
2.7175
2.7180
2.7213
2.7564
2.7613
2.7626
2.7811
2.8005
2.8067
2.8135
2.8190
2.8292
2.8302
2.8331
2.8384
2.8412
2.8508
2.8553
2.8554
2.8655
2.9000
2.9268
2.9603
2.9993
3.0178
3.0180
3.0195
3.0429
3.1149
3.1239
3.1693
3.1695
3.1945
3.3402
3.3736
3.9460
