1000
1000
-1.6038,0.1991
-1.5118,0.1941
-1.2955,0.1480
-1.1474,0.1392
-1.0380,0.1347
-0.9527,0.1305
-0.8838,0.1263
-0.8273,0.1225
-0.7808,0.1199
-0.7410,0.1172
-0.7066,0.1147
-0.6763,0.1120
-0.6496,0.1096
-0.6259,0.1077
-0.6045,0.1059
-0.5851,0.1042
-0.5673,0.1025
-0.5509,0.1010
-0.5359,0.0995
-0.5220,0.0982
-0.5090,0.0968
-0.4971,0.0956
-0.4859,0.0945
-0.4753,0.0933
-0.4655,0.0922
-0.4561,0.0912
-0.4474,0.0902
-0.4390,0.0892
-0.4312,0.0883
-0.4237,0.0874
-0.4166,0.0866
-0.4097,0.0858
-0.4033,0.0851
-0.3970,0.0843
-0.3910,0.0835
-0.3853,0.0828
-0.3797,0.0820
-0.3744,0.0812
-0.3692,0.0804
-0.3643,0.0797
-0.3595,0.0790
-0.3549,0.0782
-0.3504,0.0775
-0.3461,0.0769
-0.3420,0.0762
-0.3380,0.0756
-0.3342,0.0750
-0.3304,0.0744
-0.3268,0.0738
-0.3232,0.0732
-0.3198,0.0726
-0.3165,0.0720
-0.3133,0.0715
-0.3102,0.0709
-0.3071,0.0704
-0.3042,0.0699
-0.3013,0.0694
-0.2986,0.0689
-0.2959,0.0684
-0.2932,0.0680
-0.2907,0.0675
-0.2882,0.0670
-0.2857,0.0666
-0.2833,0.0661
-0.2810,0.0657
-0.2787,0.0653
-0.2765,0.0649
-0.2743,0.0644
-0.2722,0.0640
-0.2701,0.0636
-0.2681,0.0632
-0.2661,0.0628
-0.2642,0.0624
-0.2622,0.0620
-0.2604,0.0616
-0.2585,0.0613
-0.2567,0.0609
-0.2550,0.0606
-0.2533,0.0602
-0.2516,0.0599
-0.2499,0.0595
-0.2483,0.0592
-0.2467,0.0589
-0.2451,0.0586
-0.2435,0.0583
-0.2420,0.0579
-0.2405,0.0576
-0.2390,0.0573
-0.2376,0.0570
-0.2362,0.0567
-0.2348,0.0564
-0.2334,0.0561
-0.2321,0.0558
-0.2307,0.0555
-0.2294,0.0552
-0.2281,0.0550
-0.2269,0.0547
-0.2256,0.0544
-0.2244,0.0541
-0.2232,0.0539
-0.2220,0.0536
-0.2209,0.0533
-0.2197,0.0531
-0.2186,0.0528
-0.2174,0.0526
-0.2163,0.0523
-0.2152,0.0521
-0.2142,0.0518
-0.2131,0.0516
-0.2121,0.0513
-0.2110,0.0511
-0.2100,0.0509
-0.2090,0.0507
-0.2080,0.0504
-0.2071,0.0502
-0.2061,0.0500
-0.2052,0.0498
-0.2042,0.0496
-0.2033,0.0494
-0.2024,0.0492
-0.2015,0.0490
-0.2006,0.0488
-0.1998,0.0486
-0.1989,0.0484
-0.1981,0.0483
-0.1972,0.0481
-0.1964,0.0479
-0.1955,0.0477
-0.1947,0.0475
-0.1939,0.0474
-0.1931,0.0472
-0.1923,0.0470
-0.1916,0.0469
-0.1908,0.0467
-0.1900,0.0465
-0.1893,0.0464
-0.1885,0.0462
-0.1878,0.0461
-0.1871,0.0459
-0.1863,0.0457
-0.1856,0.0456
-0.1849,0.0454
-0.1842,0.0453
-0.1835,0.0452
-0.1829,0.0450
-0.1822,0.0449
-0.1815,0.0447
-0.1809,0.0446
-0.1802,0.0444
-0.1796,0.0443
-0.1789,0.0441
-0.1783,0.0440
-0.1776,0.0439
-0.1770,0.0437
-0.1764,0.0436
-0.1758,0.0435
-0.1752,0.0433
-0.1746,0.0432
-0.1740,0.0431
-0.1734,0.0429
-0.1728,0.0428
-0.1722,0.0427
-0.1717,0.0426
-0.1711,0.0424
-0.1705,0.0423
-0.1700,0.0422
-0.1694,0.0420
-0.1689,0.0419
-0.1683,0.0418
-0.1678,0.0417
-0.1673,0.0416
-0.1667,0.0414
-0.1662,0.0413
-0.1657,0.0412
-0.1652,0.0411
-0.1647,0.0410
-0.1642,0.0408
-0.1637,0.0407
-0.1632,0.0406
-0.1627,0.0405
-0.1622,0.0404
-0.1617,0.0403
-0.1612,0.0401
-0.1607,0.0400
-0.1603,0.0399
-0.1598,0.0398
-0.1593,0.0397
-0.1589,0.0396
-0.1584,0.0395
-0.1580,0.0394
-0.1575,0.0393
-0.1571,0.0392
-0.1566,0.0391
-0.1562,0.0390
-0.1558,0.0389
-0.1553,0.0388
-0.1549,0.0387
-0.1545,0.0386
-0.1541,0.0385
-0.1537,0.0384
-0.1532,0.0383
-0.1528,0.0382
-0.1524,0.0381
-0.1520,0.0380
-0.1516,0.0379
-0.1512,0.0378
-0.1508,0.0377
-0.1504,0.0376
-0.1500,0.0375
-0.1497,0.0375
-0.1493,0.0374
-0.1489,0.0373
-0.1485,0.0372
-0.1481,0.0371
-0.1478,0.0370
-0.1474,0.0370
-0.1470,0.0369
-0.1467,0.0368
-0.1463,0.0367
-0.1460,0.0366
-0.1456,0.0366
-0.1453,0.0365
-0.1449,0.0364
-0.1446,0.0363
-0.1442,0.0362
-0.1439,0.0361
-0.1435,0.0361
-0.1432,0.0360
-0.1428,0.0359
-0.1425,0.0358
-0.1422,0.0358
-0.1418,0.0357
-0.1415,0.0356
-0.1412,0.0355
-0.1409,0.0355
-0.1405,0.0354
-0.1402,0.0353
-0.1399,0.0352
-0.1396,0.0352
-0.1393,0.0351
-0.1390,0.0350
-0.1386,0.0349
-0.1383,0.0349
-0.1380,0.0348
-0.1377,0.0347
-0.1374,0.0346
-0.1371,0.0346
-0.1368,0.0345
-0.1365,0.0344
-0.1362,0.0344
-0.1359,0.0343
-0.1356,0.0342
-0.1353,0.0342
-0.1350,0.0341
-0.1348,0.0340
-0.1345,0.0340
-0.1342,0.0339
-0.1339,0.0338
-0.1336,0.0338
-0.1333,0.0337
-0.1331,0.0336
-0.1328,0.0336
-0.1325,0.0335
-0.1322,0.0334
-0.1320,0.0334
-0.1317,0.0333
-0.1314,0.0332
-0.1312,0.0332
-0.1309,0.0331
-0.1306,0.0331
-0.1304,0.0330
-0.1301,0.0329
-0.1298,0.0329
-0.1296,0.0328
-0.1293,0.0327
-0.1291,0.0327
-0.1288,0.0326
-0.1286,0.0326
-0.1283,0.0325
-0.1281,0.0324
-0.1278,0.0324
-0.1276,0.0323
-0.1273,0.0323
-0.1271,0.0322
-0.1268,0.0322
-0.1266,0.0321
-0.1263,0.0320
-0.1261,0.0320
-0.1259,0.0319
-0.1256,0.0319
-0.1254,0.0318
-0.1252,0.0318
-0.1249,0.0317
-0.1247,0.0317
-0.1245,0.0316
-0.1242,0.0316
-0.1240,0.0315
-0.1238,0.0314
-0.1236,0.0314
-0.1233,0.0313
-0.1231,0.0313
-0.1229,0.0312
-0.1227,0.0312
-0.1225,0.0311
-0.1222,0.0311
-0.1220,0.0310
-0.1218,0.0310
-0.1216,0.0309
-0.1214,0.0309
-0.1212,0.0308
-0.1210,0.0308
-0.1207,0.0308
-0.1205,0.0307
-0.1203,0.0307
-0.1201,0.0306
-0.1199,0.0306
-0.1197,0.0305
-0.1195,0.0305
-0.1193,0.0304
-0.1191,0.0304
-0.1189,0.0303
-0.1187,0.0303
-0.1185,0.0302
-0.1183,0.0302
-0.1181,0.0302
-0.1179,0.0301
-0.1177,0.0301
-0.1175,0.0300
-0.1173,0.0300
-0.1171,0.0299
-0.1169,0.0299
-0.1167,0.0298
-0.1166,0.0298
-0.1164,0.0298
-0.1162,0.0297
-0.1160,0.0297
-0.1158,0.0296
-0.1156,0.0296
-0.1154,0.0295
-0.1152,0.0295
-0.1151,0.0294
-0.1149,0.0294
-0.1147,0.0294
-0.1145,0.0293
-0.1143,0.0293
-0.1141,0.0292
-0.1140,0.0292
-0.1138,0.0291
-0.1136,0.0291
-0.1134,0.0291
-0.1133,0.0290
-0.1131,0.0290
-0.1129,0.0289
-0.1127,0.0289
-0.1126,0.0288
-0.1124,0.0288
-0.1122,0.0288
-0.1120,0.0287
-0.1119,0.0287
-0.1117,0.0286
-0.1115,0.0286
-0.1113,0.0285
-0.1112,0.0285
-0.1110,0.0285
-0.1108,0.0284
-0.1107,0.0284
-0.1105,0.0283
-0.1103,0.0283
-0.1102,0.0282
-0.1100,0.0282
-0.1098,0.0282
-0.1097,0.0281
-0.1095,0.0281
-0.1094,0.0280
-0.1092,0.0280
-0.1090,0.0280
-0.1089,0.0279
-0.1087,0.0279
-0.1086,0.0278
-0.1084,0.0278
-0.1082,0.0278
-0.1081,0.0277
-0.1079,0.0277
-0.1078,0.0276
-0.1076,0.0276
-0.1075,0.0276
-0.1073,0.0275
-0.1072,0.0275
-0.1070,0.0274
-0.1069,0.0274
-0.1067,0.0274
-0.1066,0.0273
-0.1064,0.0273
-0.1063,0.0273
-0.1061,0.0272
-0.1060,0.0272
-0.1058,0.0271
-0.1057,0.0271
-0.1055,0.0271
-0.1054,0.0270
-0.1052,0.0270
-0.1051,0.0270
-0.1050,0.0269
-0.1048,0.0269
-0.1047,0.0269
-0.1045,0.0268
-0.1044,0.0268
-0.1042,0.0267
-0.1041,0.0267
-0.1040,0.0267
-0.1038,0.0266
-0.1037,0.0266
-0.1036,0.0266
-0.1034,0.0265
-0.1033,0.0265
-0.1031,0.0265
-0.1030,0.0264
-0.1029,0.0264
-0.1027,0.0264
-0.1026,0.0263
-0.1025,0.0263
-0.1023,0.0263
-0.1022,0.0262
-0.1021,0.0262
-0.1019,0.0262
-0.1018,0.0261
-0.1017,0.0261
-0.1015,0.0261
-0.1014,0.0260
-0.1013,0.0260
-0.1011,0.0260
-0.1010,0.0259
-0.1009,0.0259
-0.1008,0.0259
-0.1006,0.0258
-0.1005,0.0258
-0.1004,0.0258
-0.1002,0.0257
-0.1001,0.0257
-0.1000,0.0257
-0.0999,0.0256
-0.0997,0.0256
-0.0996,0.0256
-0.0995,0.0255
-0.0994,0.0255
-0.0992,0.0255
-0.0991,0.0254
-0.0990,0.0254
-0.0989,0.0254
-0.0987,0.0253
-0.0986,0.0253
-0.0985,0.0253
-0.0984,0.0253
-0.0983,0.0252
-0.0981,0.0252
-0.0980,0.0252
-0.0979,0.0251
-0.0978,0.0251
-0.0977,0.0251
-0.0976,0.0250
-0.0974,0.0250
-0.0973,0.0250
-0.0972,0.0250
-0.0971,0.0249
-0.0970,0.0249
-0.0969,0.0249
-0.0967,0.0248
-0.0966,0.0248
-0.0965,0.0248
-0.0964,0.0247
-0.0963,0.0247
-0.0962,0.0247
-0.0961,0.0247
-0.0960,0.0246
-0.0958,0.0246
-0.0957,0.0246
-0.0956,0.0245
-0.0955,0.0245
-0.0954,0.0245
-0.0953,0.0245
-0.0952,0.0244
-0.0951,0.0244
-0.0950,0.0244
-0.0948,0.0243
-0.0947,0.0243
-0.0946,0.0243
-0.0945,0.0243
-0.0944,0.0242
-0.0943,0.0242
-0.0942,0.0242
-0.0941,0.0242
-0.0940,0.0241
-0.0939,0.0241
-0.0938,0.0241
-0.0937,0.0240
-0.0936,0.0240
-0.0935,0.0240
-0.0934,0.0240
-0.0932,0.0239
-0.0931,0.0239
-0.0930,0.0239
-0.0929,0.0239
-0.0928,0.0238
-0.0927,0.0238
-0.0926,0.0238
-0.0925,0.0238
-0.0924,0.0237
-0.0923,0.0237
-0.0922,0.0237
-0.0921,0.0237
-0.0920,0.0236
-0.0919,0.0236
-0.0918,0.0236
-0.0917,0.0236
-0.0916,0.0235
-0.0915,0.0235
-0.0914,0.0235
-0.0913,0.0235
-0.0912,0.0234
-0.0911,0.0234
-0.0910,0.0234
-0.0909,0.0234
-0.0908,0.0233
-0.0907,0.0233
-0.0907,0.0233
-0.0906,0.0233
-0.0905,0.0232
-0.0904,0.0232
-0.0903,0.0232
-0.0902,0.0232
-0.0901,0.0232
-0.0900,0.0231
-0.0899,0.0231
-0.0898,0.0231
-0.0897,0.0231
-0.0896,0.0230
-0.0895,0.0230
-0.0894,0.0230
-0.0893,0.0230
-0.0892,0.0229
-0.0892,0.0229
-0.0891,0.0229
-0.0890,0.0229
-0.0889,0.0229
-0.0888,0.0228
-0.0887,0.0228
-0.0886,0.0228
-0.0885,0.0228
-0.0884,0.0227
-0.0883,0.0227
-0.0882,0.0227
-0.0882,0.0227
-0.0881,0.0226
-0.0880,0.0226
-0.0879,0.0226
-0.0878,0.0226
-0.0877,0.0226
-0.0876,0.0225
-0.0875,0.0225
-0.0874,0.0225
-0.0874,0.0225
-0.0873,0.0224
-0.0872,0.0224
-0.0871,0.0224
-0.0870,0.0224
-0.0869,0.0224
-0.0868,0.0223
-0.0868,0.0223
-0.0867,0.0223
-0.0866,0.0223
-0.0865,0.0223
-0.0864,0.0222
-0.0863,0.0222
-0.0862,0.0222
-0.0862,0.0222
-0.0861,0.0222
-0.0860,0.0221
-0.0859,0.0221
-0.0858,0.0221
-0.0857,0.0221
-0.0857,0.0220
-0.0856,0.0220
-0.0855,0.0220
-0.0854,0.0220
-0.0853,0.0220
-0.0852,0.0219
-0.0852,0.0219
-0.0851,0.0219
-0.0850,0.0219
-0.0849,0.0219
-0.0848,0.0218
-0.0848,0.0218
-0.0847,0.0218
-0.0846,0.0218
-0.0845,0.0218
-0.0844,0.0217
-0.0844,0.0217
-0.0843,0.0217
-0.0842,0.0217
-0.0841,0.0217
-0.0840,0.0216
-0.0840,0.0216
-0.0839,0.0216
-0.0838,0.0216
-0.0837,0.0216
-0.0836,0.0215
-0.0836,0.0215
-0.0835,0.0215
-0.0834,0.0215
-0.0833,0.0215
-0.0833,0.0214
-0.0832,0.0214
-0.0831,0.0214
-0.0830,0.0214
-0.0830,0.0214
-0.0829,0.0214
-0.0828,0.0213
-0.0827,0.0213
-0.0827,0.0213
-0.0826,0.0213
-0.0825,0.0213
-0.0824,0.0212
-0.0824,0.0212
-0.0823,0.0212
-0.0822,0.0212
-0.0821,0.0212
-0.0821,0.0212
-0.0820,0.0211
-0.0819,0.0211
-0.0818,0.0211
-0.0818,0.0211
-0.0817,0.0211
-0.0816,0.0210
-0.0815,0.0210
-0.0815,0.0210
-0.0814,0.0210
-0.0813,0.0210
-0.0813,0.0210
-0.0812,0.0209
-0.0811,0.0209
-0.0810,0.0209
-0.0810,0.0209
-0.0809,0.0209
-0.0808,0.0208
-0.0808,0.0208
-0.0807,0.0208
-0.0806,0.0208
-0.0805,0.0208
-0.0805,0.0208
-0.0804,0.0207
-0.0803,0.0207
-0.0803,0.0207
-0.0802,0.0207
-0.0801,0.0207
-0.0801,0.0207
-0.0800,0.0206
-0.0799,0.0206
-0.0799,0.0206
-0.0798,0.0206
-0.0797,0.0206
-0.0796,0.0205
-0.0796,0.0205
-0.0795,0.0205
-0.0794,0.0205
-0.0794,0.0205
-0.0793,0.0205
-0.0792,0.0204
-0.0792,0.0204
-0.0791,0.0204
-0.0790,0.0204
-0.0790,0.0204
-0.0789,0.0204
-0.0788,0.0203
-0.0788,0.0203
-0.0787,0.0203
-0.0786,0.0203
-0.0786,0.0203
-0.0785,0.0203
-0.0784,0.0202
-0.0784,0.0202
-0.0783,0.0202
-0.0783,0.0202
-0.0782,0.0202
-0.0781,0.0202
-0.0781,0.0201
-0.0780,0.0201
-0.0779,0.0201
-0.0779,0.0201
-0.0778,0.0201
-0.0777,0.0201
-0.0777,0.0200
-0.0776,0.0200
-0.0775,0.0200
-0.0775,0.0200
-0.0774,0.0200
-0.0774,0.0200
-0.0773,0.0199
-0.0772,0.0199
-0.0772,0.0199
-0.0771,0.0199
-0.0770,0.0199
-0.0770,0.0199
-0.0769,0.0199
-0.0769,0.0198
-0.0768,0.0198
-0.0767,0.0198
-0.0767,0.0198
-0.0766,0.0198
-0.0765,0.0198
-0.0765,0.0197
-0.0764,0.0197
-0.0764,0.0197
-0.0763,0.0197
-0.0762,0.0197
-0.0762,0.0197
-0.0761,0.0196
-0.0761,0.0196
-0.0760,0.0196
-0.0759,0.0196
-0.0759,0.0196
-0.0758,0.0196
-0.0758,0.0196
-0.0757,0.0195
-0.0756,0.0195
-0.0756,0.0195
-0.0755,0.0195
-0.0755,0.0195
-0.0754,0.0195
-0.0754,0.0195
-0.0753,0.0194
-0.0752,0.0194
-0.0752,0.0194
-0.0751,0.0194
-0.0751,0.0194
-0.0750,0.0194
-0.0749,0.0193
-0.0749,0.0193
-0.0748,0.0193
-0.0748,0.0193
-0.0747,0.0193
-0.0747,0.0193
-0.0746,0.0193
-0.0745,0.0192
-0.0745,0.0192
-0.0744,0.0192
-0.0744,0.0192
-0.0743,0.0192
-0.0743,0.0192
-0.0742,0.0192
-0.0742,0.0191
-0.0741,0.0191
-0.0740,0.0191
-0.0740,0.0191
-0.0739,0.0191
-0.0739,0.0191
-0.0738,0.0191
-0.0738,0.0190
-0.0737,0.0190
-0.0737,0.0190
-0.0736,0.0190
-0.0735,0.0190
-0.0735,0.0190
-0.0734,0.0190
-0.0734,0.0189
-0.0733,0.0189
-0.0733,0.0189
-0.0732,0.0189
-0.0732,0.0189
-0.0731,0.0189
-0.0731,0.0189
-0.0730,0.0188
-0.0729,0.0188
-0.0729,0.0188
-0.0728,0.0188
-0.0728,0.0188
-0.0727,0.0188
-0.0727,0.0188
-0.0726,0.0188
-0.0726,0.0187
-0.0725,0.0187
-0.0725,0.0187
-0.0724,0.0187
-0.0724,0.0187
-0.0723,0.0187
-0.0723,0.0187
-0.0722,0.0187
-0.0722,0.0186
-0.0721,0.0186
-0.0721,0.0186
-0.0720,0.0186
-0.0719,0.0186
-0.0719,0.0186
-0.0718,0.0186
-0.0718,0.0185
-0.0717,0.0185
-0.0717,0.0185
-0.0716,0.0185
-0.0716,0.0185
-0.0715,0.0185
-0.0715,0.0185
-0.0714,0.0185
-0.0714,0.0184
-0.0713,0.0184
-0.0713,0.0184
-0.0712,0.0184
-0.0712,0.0184
-0.0711,0.0184
-0.0711,0.0184
-0.0710,0.0184
-0.0710,0.0183
-0.0709,0.0183
-0.0709,0.0183
-0.0708,0.0183
-0.0708,0.0183
-0.0707,0.0183
-0.0707,0.0183
-0.0706,0.0183
-0.0706,0.0182
-0.0705,0.0182
-0.0705,0.0182
-0.0704,0.0182
-0.0704,0.0182
-0.0703,0.0182
-0.0703,0.0182
-0.0702,0.0182
-0.0702,0.0181
-0.0701,0.0181
-0.0701,0.0181
-0.0701,0.0181
-0.0700,0.0181
-0.0700,0.0181
-0.0699,0.0181
-0.0699,0.0181
-0.0698,0.0180
-0.0698,0.0180
-0.0697,0.0180
-0.0697,0.0180
-0.0696,0.0180
-0.0696,0.0180
-0.0695,0.0180
-0.0695,0.0180
-0.0694,0.0180
-0.0694,0.0179
-0.0693,0.0179
-0.0693,0.0179
-0.0692,0.0179
-0.0692,0.0179
-0.0692,0.0179
-0.0691,0.0179
-0.0691,0.0179
-0.0690,0.0178
-0.0690,0.0178
-0.0689,0.0178
-0.0689,0.0178
-0.0688,0.0178
-0.0688,0.0178
-0.0687,0.0178
-0.0687,0.0178
-0.0686,0.0177
-0.0686,0.0177
-0.0686,0.0177
-0.0685,0.0177
-0.0685,0.0177
-0.0684,0.0177
-0.0684,0.0177
-0.0683,0.0177
-0.0683,0.0177
-0.0682,0.0176
-0.0682,0.0176
-0.0681,0.0176
-0.0681,0.0176
-0.0681,0.0176
-0.0680,0.0176
-0.0680,0.0176
-0.0679,0.0176
-0.0679,0.0176
-0.0678,0.0175
-0.0678,0.0175
-0.0677,0.0175
-0.0677,0.0175
-0.0677,0.0175
-0.0676,0.0175
-0.0676,0.0175
-0.0675,0.0175
-0.0675,0.0175
-0.0674,0.0174
-0.0674,0.0174
-0.0673,0.0174
-0.0673,0.0174
-0.0673,0.0174
-0.0672,0.0174
-0.0672,0.0174
-0.0671,0.0174
-0.0671,0.0174
-0.0670,0.0173
-0.0670,0.0173
-0.0670,0.0173
-0.0669,0.0173
-0.0669,0.0173
-0.0668,0.0173
-0.0668,0.0173
-0.0667,0.0173
-0.0667,0.0173
-0.0667,0.0173
-0.0666,0.0172
-0.0666,0.0172
-0.0665,0.0172
-0.0665,0.0172
-0.0665,0.0172
-0.0664,0.0172
-0.0664,0.0172
-0.0663,0.0172
-0.0663,0.0172
-0.0662,0.0172
-0.0662,0.0171
-0.0662,0.0171
-0.0661,0.0171
-0.0661,0.0171
-0.0660,0.0171
-0.0660,0.0171
-0.0660,0.0171
-0.0659,0.0171
-0.0659,0.0171
-0.0658,0.0171
-0.0658,0.0170
-0.0658,0.0170
-0.0657,0.0170
-0.0657,0.0170
-0.0656,0.0170
-0.0656,0.0170
-0.0655,0.0170
-0.0655,0.0170
-0.0655,0.0170
-0.0654,0.0170
-0.0654,0.0169
-0.0653,0.0169
-0.0653,0.0169
-0.0653,0.0169
-0.0652,0.0169
-0.0652,0.0169
-0.0651,0.0169
-0.0651,0.0169
-0.0651,0.0169
-0.0650,0.0169
-0.0650,0.0168
-0.0650,0.0168
-0.0649,0.0168
-0.0649,0.0168
-0.0648,0.0168
-0.0648,0.0168
-0.0648,0.0168
-0.0647,0.0168
-0.0647,0.0168
-0.0646,0.0168
-0.0646,0.0167
-0.0646,0.0167
-0.0645,0.0167
-0.0645,0.0167
-0.0644,0.0167
-0.0644,0.0167
-0.0644,0.0167
-0.0643,0.0167
-0.0643,0.0167
-0.0642,0.0167
-0.0642,0.0166
-0.0642,0.0166
-0.0641,0.0166
-0.0641,0.0166
-0.0641,0.0166
-0.0640,0.0166
-0.0640,0.0166
-0.0639,0.0166
-0.0639,0.0166
-0.0639,0.0166
-0.0638,0.0165
-0.0638,0.0165
-0.0637,0.0165
-0.0637,0.0165
-0.0637,0.0165
-0.0636,0.0165
-0.0636,0.0165
-0.0636,0.0165
-0.0635,0.0165
-0.0635,0.0165
-0.0634,0.0164
-0.0634,0.0164
-0.0634,0.0164
-0.0633,0.0164
-0.0633,0.0164
-0.0633,0.0164
-0.0632,0.0164
-0.0632,0.0164
-0.0631,0.0164
-0.0631,0.0164
-0.0631,0.0163
-0.0630,0.0163
-0.0630,0.0163
-0.0630,0.0163
-0.0629,0.0163
-0.0629,0.0163
-0.1908
-0.0935
-0.0401
-0.0166
-0.0006
0.0341
0.0674
0.1075
0.1156
0.1207
0.1363
0.1597
0.1654
0.1678
0.1780
0.1933
0.2154
0.2516
0.2527
0.3034
0.3312
0.3396
0.3444
0.3445
0.3565
0.3659
0.3684
0.3710
0.3711
0.3879
0.3885
0.3948
0.4035
0.4093
0.4181
0.4270
0.4279
0.4335
0.4428
0.4481
0.4559
0.4570
0.4679
0.4689
0.4745
0.4770
0.4789
0.4820
0.4943
0.5042
0.5072
0.5089
0.5110
0.5125
0.5132
0.5238
0.5284
0.5338
0.5461
0.5515
0.5521
0.5682
0.5697
0.5867
0.6018
0.6035
0.6113
0.6132
0.6197
0.6207
0.6228
0.6255
0.6320
0.6327
0.6366
0.6385
0.6414
0.6477
0.6507
0.6518
0.6536
0.6579
0.6586
0.6664
0.6690
0.6702
0.6722
0.6738
0.6741
0.6743
0.6783
0.6801
0.6801
0.6801
0.6848
0.6859
0.6906
0.6923
0.6982
0.6997
0.7014
0.7016
0.7043
0.7072
0.7082
0.7086
0.7106
0.7151
0.7170
0.7178
0.7225
0.7240
0.7241
0.7246
0.7263
0.7268
0.7269
0.7273
0.7296
0.7398
0.7425
0.7472
0.7491
0.7495
0.7527
0.7542
0.7566
0.7582
0.7594
0.7656
0.7659
0.7671
0.7672
0.7681
0.7727
0.7756
0.7764
0.7776
0.7786
0.7829
0.7832
0.7843
0.7856
0.7885
0.7888
0.7895
0.7930
0.7965
0.8014
0.8047
0.8052
0.8075
0.8093
0.8106
0.8138
0.8151
0.8204
0.8209
0.8214
0.8286
0.8316
0.8319
0.8426
0.8434
0.8447
0.8469
0.8470
0.8497
0.8506
0.8507
0.8507
0.8520
0.8524
0.8559
0.8577
0.8589
0.8599
0.8645
0.8649
0.8654
0.8655
0.8664
0.8694
0.8719
0.8737
0.8744
0.8805
0.8806
0.8816
0.8827
0.8879
0.8913
0.8973
0.9024
0.9044
0.9045
0.9056
0.9066
0.9074
0.9079
0.9103
0.9109
0.9124
0.9127
0.9137
0.9164
0.9165
0.9207
0.9211
0.9289
0.9299
0.9370
0.9370
0.9370
0.9376
0.9409
0.9424
0.9441
0.9481
0.9518
0.9588
0.9609
0.9636
0.9637
0.9639
0.9639
0.9643
0.9668
0.9668
0.9690
0.9704
0.9756
0.9766
0.9772
0.9776
0.9792
0.9795
0.9796
0.9798
0.9832
0.9848
0.9864
0.9867
0.9904
0.9911
0.9932
0.9988
1.0003
1.0027
1.0053
1.0071
1.0082
1.0083
1.0084
1.0088
1.0138
1.0162
1.0167
1.0179
1.0200
1.0214
1.0221
1.0247
1.0263
1.0338
1.0394
1.0489
1.0492
1.0492
1.0528
1.0552
1.0608
1.0614
1.0623
1.0629
1.0630
1.0661
1.0701
1.0723
1.0724
1.0730
1.0801
1.0810
1.0813
1.0814
1.0821
1.0907
1.0926
1.0928
1.1007
1.1008
1.1012
1.1015
1.1016
1.1089
1.1165
1.1166
1.1166
1.1188
1.1210
1.1230
1.1292
1.1310
1.1348
1.1348
1.1348
1.1351
1.1351
1.1365
1.1367
1.1380
1.1395
1.1399
1.1402
1.1454
1.1477
1.1520
1.1575
1.1590
1.1611
1.1626
1.1685
1.1694
1.1695
1.1736
1.1743
1.1746
1.1789
1.1823
1.1834
1.1841
1.1858
1.1881
1.1907
1.1935
1.1950
1.1951
1.1969
1.1971
1.1981
1.1991
1.1996
1.2003
1.2004
1.2030
1.2047
1.2059
1.2068
1.2077
1.2083
1.2084
1.2087
1.2091
1.2121
1.2134
1.2157
1.2168
1.2169
1.2173
1.2191
1.2196
1.2216
1.2219
1.2232
1.2233
1.2238
1.2247
1.2267
1.2270
1.2291
1.2347
1.2362
1.2375
1.2390
1.2409
1.2410
1.2414
1.2415
1.2420
1.2425
1.2459
1.2468
1.2480
1.2486
1.2527
1.2529
1.2542
1.2576
1.2605
1.2617
1.2630
1.2648
1.2681
1.2691
1.2701
1.2713
1.2719
1.2723
1.2723
1.2731
1.2732
1.2803
1.2829
1.2833
1.2861
1.2863
1.2866
1.2890
1.2900
1.2901
1.2908
1.2923
1.2930
1.2940
1.2944
1.2962
1.2986
1.2998
1.3015
1.3035
1.3050
1.3057
1.3061
1.3104
1.3109
1.3154
1.3185
1.3193
1.3199
1.3238
1.3250
1.3264
1.3273
1.3299
1.3304
1.3305
1.3314
1.3328
1.3358
1.3401
1.3404
1.3413
1.3426
1.3430
1.3444
1.3472
1.3508
1.3512
1.3535
1.3562
1.3565
1.3574
1.3583
1.3604
1.3606
1.3636
1.3637
1.3644
1.3656
1.3668
1.3683
1.3696
1.3775
1.3791
1.3801
1.3817
1.3846
1.3862
1.3882
1.3883
1.3983
1.3983
1.3997
1.4018
1.4070
1.4074
1.4098
1.4107
1.4118
1.4145
1.4149
1.4155
1.4156
1.4170
1.4176
1.4177
1.4200
1.4211
1.4247
1.4259
1.4264
1.4275
1.4296
1.4330
1.4343
1.4351
1.4371
1.4390
1.4393
1.4398
1.4406
1.4424
1.4433
1.4446
1.4451
1.4517
1.4539
1.4547
1.4569
1.4572
1.4581
1.4588
1.4630
1.4673
1.4683
1.4697
1.4699
1.4738
1.4750
1.4760
1.4768
1.4775
1.4785
1.4821
1.4830
1.4830
1.4837
1.4839
1.4840
1.4844
1.4845
1.4853
1.4877
1.4902
1.4909
1.4930
1.4935
1.4948
1.4993
1.5013
1.5056
1.5058
1.5063
1.5075
1.5098
1.5100
1.5115
1.5124
1.5127
1.5128
1.5129
1.5206
1.5222
1.5235
1.5247
1.5261
1.5268
1.5291
1.5297
1.5313
1.5314
1.5348
1.5356
1.5361
1.5378
1.5398
1.5409
1.5422
1.5423
1.5427
1.5435
1.5504
1.5529
1.5566
1.5570
1.5586
1.5595
1.5600
1.5625
1.5693
1.5700
1.5732
1.5747
1.5775
1.5808
1.5811
1.5826
1.5830
1.5850
1.5888
1.5912
1.5918
1.5926
1.5926
1.5929
1.5948
1.5969
1.5982
1.6008
1.6018
1.6066
1.6072
1.6094
1.6111
1.6121
1.6153
1.6173
1.6175
1.6187
1.6201
1.6240
1.6261
1.6338
1.6340
1.6366
1.6378
1.6380
1.6446
1.6448
1.6470
1.6478
1.6524
1.6532
1.6558
1.6558
1.6559
1.6652
1.6666
1.6698
1.6708
1.6733
1.6747
1.6798
1.6829
1.6833
1.6906
1.6909
1.6972
1.6978
1.6979
1.6987
1.7001
1.7033
1.7039
1.7050
1.7054
1.7064
1.7066
1.7080
1.7086
1.7105
1.7119
1.7133
1.7146
1.7187
1.7190
1.7191
1.7203
1.7221
1.7223
1.7260
1.7265
1.7266
1.7283
1.7284
1.7290
1.7294
1.7302
1.7310
1.7332
1.7365
1.7395
1.7453
1.7466
1.7481
1.7495
1.7507
1.7533
1.7547
1.7576
1.7627
1.7651
1.7694
1.7717
1.7731
1.7775
1.7778
1.7785
1.7801
1.7852
1.7973
1.7988
1.8067
1.8073
1.8080
1.8098
1.8099
1.8163
1.8168
1.8192
1.8201
1.8217
1.8239
1.8247
1.8265
1.8285
1.8288
1.8303
1.8304
1.8305
1.8318
1.8359
1.8360
1.8378
1.8386
1.8395
1.8447
1.8470
1.8551
1.8562
1.8587
1.8602
1.8659
1.8662
1.8716
1.8742
1.8751
1.8768
1.8802
1.8815
1.8837
1.8941
1.8955
1.8971
1.8990
1.8995
1.9006
1.9019
1.9060
1.9086
1.9101
1.9128
1.9163
1.9228
1.9233
1.9249
1.9268
1.9285
1.9293
1.9322
1.9329
1.9333
1.9349
1.9377
1.9386
1.9409
1.9435
1.9517
1.9529
1.9539
1.9559
1.9582
1.9589
1.9629
1.9651
1.9699
1.9756
1.9768
1.9770
1.9781
1.9792
1.9798
1.9850
1.9863
1.9878
1.9902
1.9981
2.0022
2.0092
2.0096
2.0123
2.0171
2.0179
2.0180
2.0193
2.0194
2.0196
2.0198
2.0222
2.0258
2.0265
2.0285
2.0339
2.0363
2.0424
2.0428
2.0441
2.0491
2.0527
2.0537
2.0558
2.0578
2.0638
2.0683
2.0748
2.0771
2.0776
2.0781
2.0813
2.0865
2.0881
2.0924
2.0985
2.1007
2.1022
2.1030
2.1047
2.1050
2.1065
2.1080
2.1094
2.1119
2.1139
2.1226
2.1235
2.1262
2.1264
2.1345
2.1346
2.1470
2.1481
2.1522
2.1527
2.1558
2.1564
2.1604
2.1623
2.1640
2.1735
2.1746
2.1811
2.1824
2.1858
2.1861
2.1924
2.1962
2.1968
2.1990
2.2024
2.2042
2.2161
2.2258
2.2266
2.2286
2.2315
2.2340
2.2397
2.2408
2.2423
2.2447
2.2452
2.2478
2.2508
2.2512
2.2543
2.2603
2.2644
2.2689
2.2714
2.2762
2.2791
2.2831
2.2837
2.2845
2.2925
2.3067
2.3091
2.3100
2.3166
2.3235
2.3243
2.3282
2.3337
2.3388
2.3455
2.3470
2.3492
2.3505
2.3507
2.3666
2.3668
2.3715
2.3746
2.3786
2.3798
2.3859
2.3881
2.3958
2.3969
2.3993
2.4011
2.4129
2.4158
2.4193
2.4233
2.4335
2.4456
2.4457
2.4471
2.4504
2.4536
2.4579
2.4950
2.4973
2.4997
2.5006
2.5137
2.5286
2.5314
2.5493
2.5549
2.5587
2.5685
2.5783
2.5816
2.5865
2.5870
2.6021
2.6071
2.6086
2.6147
2.6332
2.6335
2.6398
2.6531
2.6644
2.6769
2.6817
2.6834
2.6871
2.6910
2.6952
2.7176
2.7313
2.7326
2.7429
2.7450
2.7463
2.7604
2.7743
2.7817
2.7840
2.7929
2.7957
2.8342
2.8463
2.8483
2.8500
2.8523
2.8646
2.8715
2.8720
2.8753
2.8779
2.9046
2.9077
2.9125
2.9279
2.9296
2.9714
2.9769
3.0317
3.0497
3.0559
3.0677
3.0687
3.0787
3.0805
3.1140
3.1421
3.1744
3.1808
3.1886
3.2035
3.2352
3.2849
3.2954
3.3138
3.3289
3.3395
3.3484
3.3566
3.3831
3.4063
3.4226
3.4552
3.4595
3.5335
3.6201
4.0035
