1000
1000
-1.7876,0.2221
-1.6994,0.2194
-1.4716,0.1655
-1.3169,0.1562
-1.2011,0.1529
-1.1097,0.1493
-1.0365,0.1452
-0.9762,0.1412
-0.9253,0.1371
-0.8817,0.1331
-0.8438,0.1302
-0.8110,0.1281
-0.7817,0.1261
-0.7554,0.1241
-0.7316,0.1221
-0.7100,0.1203
-0.6903,0.1186
-0.6721,0.1169
-0.6554,0.1154
-0.6399,0.1139
-0.6253,0.1124
-0.6118,0.1109
-0.5990,0.1093
-0.5871,0.1079
-0.5759,0.1065
-0.5653,0.1052
-0.5553,0.1040
-0.5458,0.1028
-0.5368,0.1016
-0.5282,0.1006
-0.5200,0.0996
-0.5121,0.0986
-0.5046,0.0977
-0.4974,0.0967
-0.4904,0.0958
-0.4838,0.0950
-0.4774,0.0942
-0.4713,0.0934
-0.4653,0.0925
-0.4596,0.0917
-0.4541,0.0908
-0.4488,0.0900
-0.4436,0.0892
-0.4386,0.0884
-0.4338,0.0876
-0.4291,0.0869
-0.4246,0.0862
-0.4202,0.0855
-0.4159,0.0848
-0.4118,0.0842
-0.4078,0.0836
-0.4039,0.0830
-0.4002,0.0824
-0.3965,0.0818
-0.3929,0.0813
-0.3895,0.0808
-0.3861,0.0803
-0.3828,0.0798
-0.3796,0.0793
-0.3765,0.0789
-0.3734,0.0784
-0.3704,0.0779
-0.3675,0.0775
-0.3647,0.0770
-0.3619,0.0766
-0.3592,0.0762
-0.3565,0.0757
-0.3539,0.0753
-0.3514,0.0749
-0.3489,0.0745
-0.3464,0.0741
-0.3440,0.0737
-0.3417,0.0733
-0.3394,0.0729
-0.3371,0.0725
-0.3349,0.0721
-0.3327,0.0718
-0.3306,0.0714
-0.3285,0.0711
-0.3265,0.0707
-0.3245,0.0704
-0.3225,0.0700
-0.3205,0.0697
-0.3186,0.0693
-0.3167,0.0690
-0.3149,0.0686
-0.3131,0.0683
-0.3113,0.0680
-0.3096,0.0676
-0.3078,0.0673
-0.3061,0.0670
-0.3045,0.0667
-0.3028,0.0664
-0.3012,0.0661
-0.2997,0.0658
-0.2981,0.0655
-0.2966,0.0652
-0.2950,0.0649
-0.2936,0.0646
-0.2921,0.0643
-0.2907,0.0641
-0.2892,0.0638
-0.2878,0.0635
-0.2865,0.0633
-0.2851,0.0630
-0.2838,0.0628
-0.2824,0.0625
-0.2811,0.0623
-0.2799,0.0621
-0.2786,0.0618
-0.2773,0.0616
-0.2761,0.0614
-0.2749,0.0611
-0.2737,0.0609
-0.2725,0.0607
-0.2713,0.0604
-0.2702,0.0602
-0.2690,0.0600
-0.2679,0.0598
-0.2668,0.0596
-0.2656,0.0594
-0.2646,0.0592
-0.2635,0.0589
-0.2624,0.0587
-0.2613,0.0585
-0.2603,0.0583
-0.2593,0.0582
-0.2583,0.0580
-0.2572,0.0578
-0.2562,0.0576
-0.2553,0.0574
-0.2543,0.0572
-0.2533,0.0570
-0.2524,0.0568
-0.2514,0.0566
-0.2505,0.0564
-0.2495,0.0562
-0.2486,0.0560
-0.2477,0.0559
-0.2468,0.0557
-0.2459,0.0555
-0.2451,0.0553
-0.2442,0.0551
-0.2433,0.0550
-0.2425,0.0548
-0.2416,0.0546
-0.2408,0.0544
-0.2400,0.0543
-0.2391,0.0541
-0.2383,0.0539
-0.2375,0.0538
-0.2367,0.0536
-0.2359,0.0535
-0.2352,0.0533
-0.2344,0.0531
-0.2336,0.0530
-0.2329,0.0528
-0.2321,0.0527
-0.2314,0.0525
-0.2307,0.0524
-0.2300,0.0522
-0.2292,0.0521
-0.2285,0.0519
-0.2278,0.0518
-0.2271,0.0517
-0.2264,0.0515
-0.2257,0.0514
-0.2251,0.0512
-0.2244,0.0511
-0.2237,0.0509
-0.2230,0.0508
-0.2224,0.0507
-0.2217,0.0505
-0.2211,0.0504
-0.2204,0.0503
-0.2198,0.0501
-0.2192,0.0500
-0.2185,0.0498
-0.2179,0.0497
-0.2173,0.0496
-0.2167,0.0494
-0.2161,0.0493
-0.2155,0.0492
-0.2149,0.0490
-0.2143,0.0489
-0.2137,0.0488
-0.2131,0.0487
-0.2126,0.0485
-0.2120,0.0484
-0.2114,0.0483
-0.2109,0.0482
-0.2103,0.0481
-0.2098,0.0479
-0.2092,0.0478
-0.2087,0.0477
-0.2081,0.0476
-0.2076,0.0475
-0.2070,0.0474
-0.2065,0.0472
-0.2060,0.0471
-0.2055,0.0470
-0.2050,0.0469
-0.2044,0.0468
-0.2039,0.0467
-0.2034,0.0466
-0.2029,0.0465
-0.2024,0.0464
-0.2019,0.0463
-0.2015,0.0462
-0.2010,0.0461
-0.2005,0.0460
-0.2000,0.0459
-0.1995,0.0458
-0.1991,0.0457
-0.1986,0.0456
-0.1981,0.0455
-0.1977,0.0454
-0.1972,0.0453
-0.1967,0.0452
-0.1963,0.0451
-0.1958,0.0450
-0.1954,0.0449
-0.1950,0.0448
-0.1945,0.0447
-0.1941,0.0446
-0.1936,0.0445
-0.1932,0.0444
-0.1928,0.0443
-0.1923,0.0442
-0.1919,0.0441
-0.1915,0.0441
-0.1911,0.0440
-0.1907,0.0439
-0.1902,0.0438
-0.1898,0.0437
-0.1894,0.0436
-0.1890,0.0435
-0.1886,0.0434
-0.1882,0.0433
-0.1878,0.0432
-0.1874,0.0432
-0.1870,0.0431
-0.1866,0.0430
-0.1862,0.0429
-0.1858,0.0428
-0.1854,0.0427
-0.1850,0.0426
-0.1847,0.0425
-0.1843,0.0425
-0.1839,0.0424
-0.1835,0.0423
-0.1832,0.0422
-0.1828,0.0421
-0.1824,0.0420
-0.1820,0.0420
-0.1817,0.0419
-0.1813,0.0418
-0.1810,0.0417
-0.1806,0.0416
-0.1802,0.0416
-0.1799,0.0415
-0.1795,0.0414
-0.1792,0.0413
-0.1788,0.0413
-0.1785,0.0412
-0.1781,0.0411
-0.1778,0.0410
-0.1775,0.0410
-0.1771,0.0409
-0.1768,0.0408
-0.1765,0.0407
-0.1761,0.0407
-0.1758,0.0406
-0.1755,0.0405
-0.1751,0.0404
-0.1748,0.0404
-0.1745,0.0403
-0.1741,0.0402
-0.1738,0.0401
-0.1735,0.0401
-0.1732,0.0400
-0.1729,0.0399
-0.1726,0.0399
-0.1722,0.0398
-0.1719,0.0397
-0.1716,0.0397
-0.1713,0.0396
-0.1710,0.0395
-0.1707,0.0395
-0.1704,0.0394
-0.1701,0.0393
-0.1698,0.0393
-0.1695,0.0392
-0.1692,0.0391
-0.1689,0.0391
-0.1686,0.0390
-0.1683,0.0389
-0.1680,0.0389
-0.1677,0.0388
-0.1674,0.0387
-0.1672,0.0387
-0.1669,0.0386
-0.1666,0.0385
-0.1663,0.0385
-0.1660,0.0384
-0.1657,0.0384
-0.1655,0.0383
-0.1652,0.0382
-0.1649,0.0382
-0.1646,0.0381
-0.1644,0.0381
-0.1641,0.0380
-0.1638,0.0379
-0.1635,0.0379
-0.1633,0.0378
-0.1630,0.0378
-0.1627,0.0377
-0.1625,0.0377
-0.1622,0.0376
-0.1620,0.0375
-0.1617,0.0375
-0.1614,0.0374
-0.1612,0.0374
-0.1609,0.0373
-0.1607,0.0373
-0.1604,0.0372
-0.1602,0.0372
-0.1599,0.0371
-0.1597,0.0371
-0.1594,0.0370
-0.1592,0.0369
-0.1589,0.0369
-0.1587,0.0368
-0.1584,0.0368
-0.1582,0.0367
-0.1579,0.0367
-0.1577,0.0366
-0.1575,0.0366
-0.1572,0.0365
-0.1570,0.0365
-0.1568,0.0364
-0.1565,0.0364
-0.1563,0.0363
-0.1560,0.0363
-0.1558,0.0362
-0.1556,0.0362
-0.1553,0.0361
-0.1551,0.0361
-0.1549,0.0360
-0.1547,0.0360
-0.1544,0.0359
-0.1542,0.0359
-0.1540,0.0358
-0.1538,0.0358
-0.1535,0.0357
-0.1533,0.0357
-0.1531,0.0356
-0.1529,0.0356
-0.1526,0.0355
-0.1524,0.0355
-0.1522,0.0354
-0.1520,0.0354
-0.1518,0.0353
-0.1516,0.0353
-0.1513,0.0352
-0.1511,0.0352
-0.1509,0.0351
-0.1507,0.0351
-0.1505,0.0351
-0.1503,0.0350
-0.1501,0.0350
-0.1499,0.0349
-0.1497,0.0349
-0.1494,0.0348
-0.1492,0.0348
-0.1490,0.0347
-0.1488,0.0347
-0.1486,0.0346
-0.1484,0.0346
-0.1482,0.0346
-0.1480,0.0345
-0.1478,0.0345
-0.1476,0.0344
-0.1474,0.0344
-0.1472,0.0343
-0.1470,0.0343
-0.1468,0.0342
-0.1466,0.0342
-0.1464,0.0342
-0.1462,0.0341
-0.1460,0.0341
-0.1459,0.0340
-0.1457,0.0340
-0.1455,0.0340
-0.1453,0.0339
-0.1451,0.0339
-0.1449,0.0338
-0.1447,0.0338
-0.1445,0.0337
-0.1443,0.0337
-0.1441,0.0337
-0.1440,0.0336
-0.1438,0.0336
-0.1436,0.0335
-0.1434,0.0335
-0.1432,0.0335
-0.1430,0.0334
-0.1429,0.0334
-0.1427,0.0333
-0.1425,0.0333
-0.1423,0.0333
-0.1421,0.0332
-0.1420,0.0332
-0.1418,0.0331
-0.1416,0.0331
-0.1414,0.0331
-0.1412,0.0330
-0.1411,0.0330
-0.1409,0.0330
-0.1407,0.0329
-0.1405,0.0329
-0.1404,0.0328
-0.1402,0.0328
-0.1400,0.0328
-0.1399,0.0327
-0.1397,0.0327
-0.1395,0.0327
-0.1393,0.0326
-0.1392,0.0326
-0.1390,0.0326
-0.1388,0.0325
-0.1387,0.0325
-0.1385,0.0325
-0.1383,0.0324
-0.1382,0.0324
-0.1380,0.0323
-0.1378,0.0323
-0.1377,0.0323
-0.1375,0.0322
-0.1374,0.0322
-0.1372,0.0322
-0.1370,0.0321
-0.1369,0.0321
-0.1367,0.0321
-0.1365,0.0320
-0.1364,0.0320
-0.1362,0.0320
-0.1361,0.0319
-0.1359,0.0319
-0.1357,0.0319
-0.1356,0.0318
-0.1354,0.0318
-0.1353,0.0318
-0.1351,0.0317
-0.1350,0.0317
-0.1348,0.0317
-0.1347,0.0316
-0.1345,0.0316
-0.1343,0.0316
-0.1342,0.0315
-0.1340,0.0315
-0.1339,0.0315
-0.1337,0.0314
-0.1336,0.0314
-0.1334,0.0314
-0.1333,0.0313
-0.1331,0.0313
-0.1330,0.0313
-0.1328,0.0312
-0.1327,0.0312
-0.1325,0.0312
-0.1324,0.0311
-0.1323,0.0311
-0.1321,0.0311
-0.1320,0.0311
-0.1318,0.0310
-0.1317,0.0310
-0.1315,0.0310
-0.1314,0.0309
-0.1312,0.0309
-0.1311,0.0309
-0.1310,0.0308
-0.1308,0.0308
-0.1307,0.0308
-0.1305,0.0308
-0.1304,0.0307
-0.1303,0.0307
-0.1301,0.0307
-0.1300,0.0306
-0.1298,0.0306
-0.1297,0.0306
-0.1296,0.0306
-0.1294,0.0305
-0.1293,0.0305
-0.1292,0.0305
-0.1290,0.0305
-0.1289,0.0304
-0.1288,0.0304
-0.1286,0.0304
-0.1285,0.0303
-0.1284,0.0303
-0.1282,0.0303
-0.1281,0.0303
-0.1280,0.0302
-0.1278,0.0302
-0.1277,0.0302
-0.1276,0.0302
-0.1274,0.0301
-0.1273,0.0301
-0.1272,0.0301
-0.1271,0.0300
-0.1269,0.0300
-0.1268,0.0300
-0.1267,0.0300
-0.1265,0.0299
-0.1264,0.0299
-0.1263,0.0299
-0.1262,0.0299
-0.1260,0.0298
-0.1259,0.0298
-0.1258,0.0298
-0.1257,0.0298
-0.1255,0.0297
-0.1254,0.0297
-0.1253,0.0297
-0.1252,0.0297
-0.1250,0.0296
-0.1249,0.0296
-0.1248,0.0296
-0.1247,0.0296
-0.1245,0.0295
-0.1244,0.0295
-0.1243,0.0295
-0.1242,0.0295
-0.1241,0.0294
-0.1239,0.0294
-0.1238,0.0294
-0.1237,0.0294
-0.1236,0.0293
-0.1235,0.0293
-0.1233,0.0293
-0.1232,0.0293
-0.1231,0.0292
-0.1230,0.0292
-0.1229,0.0292
-0.1227,0.0292
-0.1226,0.0291
-0.1225,0.0291
-0.1224,0.0291
-0.1223,0.0291
-0.1222,0.0290
-0.1221,0.0290
-0.1219,0.0290
-0.1218,0.0290
-0.1217,0.0290
-0.1216,0.0289
-0.1215,0.0289
-0.1214,0.0289
-0.1213,0.0289
-0.1211,0.0288
-0.1210,0.0288
-0.1209,0.0288
-0.1208,0.0288
-0.1207,0.0288
-0.1206,0.0287
-0.1205,0.0287
-0.1204,0.0287
-0.1203,0.0287
-0.1201,0.0286
-0.1200,0.0286
-0.1199,0.0286
-0.1198,0.0286
-0.1197,0.0286
-0.1196,0.0285
-0.1195,0.0285
-0.1194,0.0285
-0.1193,0.0285
-0.1192,0.0284
-0.1191,0.0284
-0.1190,0.0284
-0.1188,0.0284
-0.1187,0.0284
-0.1186,0.0283
-0.1185,0.0283
-0.1184,0.0283
-0.1183,0.0283
-0.1182,0.0283
-0.1181,0.0282
-0.1180,0.0282
-0.1179,0.0282
-0.1178,0.0282
-0.1177,0.0282
-0.1176,0.0281
-0.1175,0.0281
-0.1174,0.0281
-0.1173,0.0281
-0.1172,0.0280
-0.1171,0.0280
-0.1170,0.0280
-0.1169,0.0280
-0.1168,0.0280
-0.1167,0.0279
-0.1166,0.0279
-0.1165,0.0279
-0.1164,0.0279
-0.1163,0.0279
-0.1162,0.0278
-0.1161,0.0278
-0.1160,0.0278
-0.1159,0.0278
-0.1158,0.0278
-0.1157,0.0277
-0.1156,0.0277
-0.1155,0.0277
-0.1154,0.0277
-0.1153,0.0277
-0.1152,0.0276
-0.1151,0.0276
-0.1150,0.0276
-0.1149,0.0276
-0.1148,0.0276
-0.1147,0.0275
-0.1146,0.0275
-0.1145,0.0275
-0.1144,0.0275
-0.1143,0.0275
-0.1142,0.0275
-0.1141,0.0274
-0.1140,0.0274
-0.1139,0.0274
-0.1138,0.0274
-0.1137,0.0274
-0.1137,0.0273
-0.1136,0.0273
-0.1135,0.0273
-0.1134,0.0273
-0.1133,0.0273
-0.1132,0.0272
-0.1131,0.0272
-0.1130,0.0272
-0.1129,0.0272
-0.1128,0.0272
-0.1127,0.0272
-0.1126,0.0271
-0.1125,0.0271
-0.1125,0.0271
-0.1124,0.0271
-0.1123,0.0271
-0.1122,0.0270
-0.1121,0.0270
-0.1120,0.0270
-0.1119,0.0270
-0.1118,0.0270
-0.1117,0.0269
-0.1116,0.0269
-0.1116,0.0269
-0.1115,0.0269
-0.1114,0.0269
-0.1113,0.0269
-0.1112,0.0268
-0.1111,0.0268
-0.1110,0.0268
-0.1109,0.0268
-0.1108,0.0268
-0.1108,0.0267
-0.1107,0.0267
-0.1106,0.0267
-0.1105,0.0267
-0.1104,0.0267
-0.1103,0.0267
-0.1102,0.0266
-0.1102,0.0266
-0.1101,0.0266
-0.1100,0.0266
-0.1099,0.0266
-0.1098,0.0265
-0.1097,0.0265
-0.1096,0.0265
-0.1096,0.0265
-0.1095,0.0265
-0.1094,0.0265
-0.1093,0.0264
-0.1092,0.0264
-0.1091,0.0264
-0.1090,0.0264
-0.1090,0.0264
-0.1089,0.0263
-0.1088,0.0263
-0.1087,0.0263
-0.1086,0.0263
-0.1085,0.0263
-0.1085,0.0263
-0.1084,0.0262
-0.1083,0.0262
-0.1082,0.0262
-0.1081,0.0262
-0.1081,0.0262
-0.1080,0.0261
-0.1079,0.0261
-0.1078,0.0261
-0.1077,0.0261
-0.1076,0.0261
-0.1076,0.0261
-0.1075,0.0260
-0.1074,0.0260
-0.1073,0.0260
-0.1072,0.0260
-0.1072,0.0260
-0.1071,0.0260
-0.1070,0.0259
-0.1069,0.0259
-0.1068,0.0259
-0.1068,0.0259
-0.1067,0.0259
-0.1066,0.0259
-0.1065,0.0258
-0.1065,0.0258
-0.1064,0.0258
-0.1063,0.0258
-0.1062,0.0258
-0.1061,0.0258
-0.1061,0.0257
-0.1060,0.0257
-0.1059,0.0257
-0.1058,0.0257
-0.1058,0.0257
-0.1057,0.0257
-0.1056,0.0256
-0.1055,0.0256
-0.1055,0.0256
-0.1054,0.0256
-0.1053,0.0256
-0.1052,0.0256
-0.1052,0.0255
-0.1051,0.0255
-0.1050,0.0255
-0.1049,0.0255
-0.1049,0.0255
-0.1048,0.0255
-0.1047,0.0255
-0.1046,0.0254
-0.1046,0.0254
-0.1045,0.0254
-0.1044,0.0254
-0.1043,0.0254
-0.1043,0.0254
-0.1042,0.0253
-0.1041,0.0253
-0.1040,0.0253
-0.1040,0.0253
-0.1039,0.0253
-0.1038,0.0253
-0.1038,0.0253
-0.1037,0.0252
-0.1036,0.0252
-0.1035,0.0252
-0.1035,0.0252
-0.1034,0.0252
-0.1033,0.0252
-0.1033,0.0251
-0.1032,0.0251
-0.1031,0.0251
-0.1030,0.0251
-0.1030,0.0251
-0.1029,0.0251
-0.1028,0.0251
-0.1028,0.0250
-0.1027,0.0250
-0.1026,0.0250
-0.1026,0.0250
-0.1025,0.0250
-0.1024,0.0250
-0.1023,0.0250
-0.1023,0.0249
-0.1022,0.0249
-0.1021,0.0249
-0.1021,0.0249
-0.1020,0.0249
-0.1019,0.0249
-0.1019,0.0249
-0.1018,0.0248
-0.1017,0.0248
-0.1017,0.0248
-0.1016,0.0248
-0.1015,0.0248
-0.1015,0.0248
-0.1014,0.0248
-0.1013,0.0247
-0.1013,0.0247
-0.1012,0.0247
-0.1011,0.0247
-0.1011,0.0247
-0.1010,0.0247
-0.1009,0.0247
-0.1009,0.0246
-0.1008,0.0246
-0.1007,0.0246
-0.1007,0.0246
-0.1006,0.0246
-0.1005,0.0246
-0.1005,0.0246
-0.1004,0.0245
-0.1003,0.0245
-0.1003,0.0245
-0.1002,0.0245
-0.1001,0.0245
-0.1001,0.0245
-0.1000,0.0245
-0.0999,0.0244
-0.0999,0.0244
-0.0998,0.0244
-0.0997,0.0244
-0.0997,0.0244
-0.0996,0.0244
-0.0996,0.0244
-0.0995,0.0243
-0.0994,0.0243
-0.0994,0.0243
-0.0993,0.0243
-0.0992,0.0243
-0.0992,0.0243
-0.0991,0.0243
-0.0990,0.0242
-0.0990,0.0242
-0.0989,0.0242
-0.0989,0.0242
-0.0988,0.0242
-0.0987,0.0242
-0.0987,0.0242
-0.0986,0.0242
-0.0985,0.0241
-0.0985,0.0241
-0.0984,0.0241
-0.0984,0.0241
-0.0983,0.0241
-0.0982,0.0241
-0.0982,0.0241
-0.0981,0.0241
-0.0981,0.0240
-0.0980,0.0240
-0.0979,0.0240
-0.0979,0.0240
-0.0978,0.0240
-0.0978,0.0240
-0.0977,0.0240
-0.0976,0.0239
-0.0976,0.0239
-0.0975,0.0239
-0.0975,0.0239
-0.0974,0.0239
-0.0973,0.0239
-0.0973,0.0239
-0.0972,0.0239
-0.0972,0.0238
-0.0971,0.0238
-0.0970,0.0238
-0.0970,0.0238
-0.0969,0.0238
-0.0969,0.0238
-0.0968,0.0238
-0.0967,0.0238
-0.0967,0.0237
-0.0966,0.0237
-0.0966,0.0237
-0.0965,0.0237
-0.0965,0.0237
-0.0964,0.0237
-0.0963,0.0237
-0.0963,0.0237
-0.0962,0.0236
-0.0962,0.0236
-0.0961,0.0236
-0.0961,0.0236
-0.0960,0.0236
-0.0959,0.0236
-0.0959,0.0236
-0.0958,0.0236
-0.0958,0.0235
-0.0957,0.0235
-0.0957,0.0235
-0.0956,0.0235
-0.0955,0.0235
-0.0955,0.0235
-0.0954,0.0235
-0.0954,0.0235
-0.0953,0.0234
-0.0953,0.0234
-0.0952,0.0234
-0.0952,0.0234
-0.0951,0.0234
-0.0950,0.0234
-0.0950,0.0234
-0.0949,0.0234
-0.0949,0.0233
-0.0948,0.0233
-0.0948,0.0233
-0.0947,0.0233
-0.0947,0.0233
-0.0946,0.0233
-0.0945,0.0233
-0.0945,0.0233
-0.0944,0.0232
-0.0944,0.0232
-0.0943,0.0232
-0.0943,0.0232
-0.0942,0.0232
-0.0942,0.0232
-0.0941,0.0232
-0.0941,0.0232
-0.0940,0.0231
-0.0939,0.0231
-0.0939,0.0231
-0.0938,0.0231
-0.0938,0.0231
-0.0937,0.0231
-0.0937,0.0231
-0.0936,0.0231
-0.0936,0.0230
-0.0935,0.0230
-0.0935,0.0230
-0.0934,0.0230
-0.0934,0.0230
-0.0933,0.0230
-0.0933,0.0230
-0.0932,0.0230
-0.0932,0.0230
-0.0931,0.0229
-0.0930,0.0229
-0.0930,0.0229
-0.0929,0.0229
-0.0929,0.0229
-0.0928,0.0229
-0.0928,0.0229
-0.0927,0.0229
-0.0927,0.0228
-0.0926,0.0228
-0.0926,0.0228
-0.0925,0.0228
-0.0925,0.0228
-0.0924,0.0228
-0.0924,0.0228
-0.0923,0.0228
-0.0923,0.0228
-0.0922,0.0227
-0.0922,0.0227
-0.0921,0.0227
-0.0921,0.0227
-0.0920,0.0227
-0.0920,0.0227
-0.0919,0.0227
-0.0919,0.0227
-0.0918,0.0226
-0.0918,0.0226
-0.0917,0.0226
-0.0917,0.0226
-0.0916,0.0226
-0.0915,0.0226
-0.0915,0.0226
-0.0914,0.0226
-0.0914,0.0226
-0.0913,0.0225
-0.0913,0.0225
-0.0912,0.0225
-0.0912,0.0225
-0.0911,0.0225
-0.0911,0.0225
-0.0910,0.0225
-0.0910,0.0225
-0.0909,0.0224
-0.0909,0.0224
-0.0909,0.0224
-0.0908,0.0224
-0.0908,0.0224
-0.0907,0.0224
-0.0907,0.0224
-0.0906,0.0224
-0.0906,0.0224
-0.0905,0.0223
-0.0905,0.0223
-0.0904,0.0223
-0.0904,0.0223
-0.0903,0.0223
-0.0903,0.0223
-0.0902,0.0223
-0.0902,0.0223
-0.0901,0.0223
-0.0901,0.0222
-0.0900,0.0222
-0.0900,0.0222
-0.0899,0.0222
-0.0899,0.0222
-0.0898,0.0222
-0.0898,0.0222
-0.0897,0.0222
-0.0897,0.0222
-0.0896,0.0222
-0.0896,0.0221
-0.0895,0.0221
-0.0895,0.0221
-0.0895,0.0221
0.1771
0.2978
0.3216
0.3567
0.3907
0.3934
0.3972
0.4034
0.4340
0.4360
0.4363
0.4364
0.4366
0.4428
0.4508
0.4588
0.4794
0.4819
0.4872
0.4943
0.5054
0.5103
0.5120
0.5403
0.5484
0.5555
0.5673
0.5690
0.5789
0.5878
0.6041
0.6063
0.6146
0.6163
0.6235
0.6275
0.6331
0.6451
0.6470
0.6477
0.6506
0.6520
0.6521
0.6525
0.6594
0.6612
0.6665
0.6682
0.6720
0.6904
0.7017
0.7048
0.7083
0.7094
0.7100
0.7133
0.7169
0.7182
0.7224
0.7268
0.7307
0.7370
0.7379
0.7385
0.7429
0.7433
0.7440
0.7444
0.7516
0.7521
0.7599
0.7642
0.7660
0.7671
0.7739
0.7749
0.7767
0.7827
0.7912
0.7957
0.7979
0.8020
0.8038
0.8093
0.8098
0.8109
0.8199
0.8231
0.8338
0.8344
0.8346
0.8394
0.8414
0.8421
0.8544
0.8563
0.8575
0.8589
0.8690
0.8715
0.8737
0.8783
0.8785
0.8835
0.8866
0.8874
0.8888
0.8898
0.8902
0.8917
0.8925
0.8959
0.8963
0.8997
0.9005
0.9031
0.9052
0.9059
0.9086
0.9091
0.9134
0.9186
0.9218
0.9223
0.9235
0.9244
0.9266
0.9311
0.9328
0.9345
0.9364
0.9364
0.9380
0.9389
0.9405
0.9412
0.9440
0.9445
0.9505
0.9535
0.9541
0.9551
0.9562
0.9578
0.9583
0.9620
0.9630
0.9640
0.9646
0.9650
0.9652
0.9654
0.9708
0.9724
0.9734
0.9734
0.9784
0.9831
0.9901
0.9905
0.9911
0.9944
0.9948
0.9952
0.9965
0.9990
1.0078
1.0084
1.0087
1.0134
1.0152
1.0178
1.0193
1.0228
1.0231
1.0247
1.0337
1.0339
1.0345
1.0357
1.0364
1.0374
1.0376
1.0377
1.0413
1.0432
1.0437
1.0454
1.0461
1.0475
1.0506
1.0525
1.0561
1.0573
1.0597
1.0598
1.0601
1.0630
1.0633
1.0650
1.0668
1.0691
1.0705
1.0713
1.0729
1.0741
1.0761
1.0775
1.0800
1.0800
1.0809
1.0824
1.0857
1.0868
1.0881
1.0917
1.0918
1.0952
1.0990
1.1008
1.1012
1.1048
1.1062
1.1065
1.1069
1.1097
1.1099
1.1162
1.1178
1.1181
1.1187
1.1209
1.1214
1.1230
1.1290
1.1292
1.1296
1.1319
1.1327
1.1346
1.1359
1.1375
1.1415
1.1449
1.1450
1.1468
1.1471
1.1512
1.1517
1.1525
1.1526
1.1535
1.1552
1.1567
1.1584
1.1587
1.1594
1.1596
1.1656
1.1659
1.1661
1.1713
1.1785
1.1795
1.1798
1.1803
1.1808
1.1854
1.1881
1.1882
1.1893
1.1901
1.1902
1.1914
1.1915
1.1998
1.1999
1.2000
1.2048
1.2111
1.2114
1.2138
1.2146
1.2176
1.2176
1.2182
1.2184
1.2218
1.2231
1.2285
1.2296
1.2319
1.2350
1.2356
1.2371
1.2375
1.2375
1.2397
1.2403
1.2424
1.2455
1.2468
1.2484
1.2507
1.2511
1.2514
1.2533
1.2543
1.2549
1.2591
1.2613
1.2616
1.2628
1.2633
1.2642
1.2663
1.2685
1.2702
1.2703
1.2712
1.2718
1.2726
1.2733
1.2741
1.2742
1.2751
1.2770
1.2774
1.2786
1.2793
1.2827
1.2837
1.2849
1.2862
1.2893
1.2905
1.3006
1.3008
1.3120
1.3125
1.3125
1.3129
1.3131
1.3136
1.3140
1.3144
1.3156
1.3169
1.3182
1.3186
1.3202
1.3205
1.3228
1.3243
1.3254
1.3257
1.3259
1.3268
1.3272
1.3274
1.3281
1.3286
1.3330
1.3338
1.3341
1.3347
1.3394
1.3411
1.3413
1.3417
1.3425
1.3453
1.3466
1.3470
1.3474
1.3488
1.3493
1.3500
1.3551
1.3579
1.3588
1.3592
1.3612
1.3632
1.3634
1.3658
1.3664
1.3685
1.3702
1.3714
1.3759
1.3778
1.3783
1.3807
1.3808
1.3843
1.3843
1.3845
1.3856
1.3858
1.3874
1.3877
1.3907
1.3914
1.3965
1.3971
1.4003
1.4021
1.4035
1.4050
1.4052
1.4061
1.4064
1.4068
1.4073
1.4088
1.4132
1.4135
1.4146
1.4153
1.4167
1.4176
1.4182
1.4200
1.4215
1.4216
1.4229
1.4247
1.4253
1.4284
1.4299
1.4303
1.4304
1.4339
1.4358
1.4404
1.4434
1.4434
1.4436
1.4448
1.4456
1.4457
1.4491
1.4526
1.4530
1.4530
1.4539
1.4569
1.4583
1.4583
1.4606
1.4647
1.4648
1.4655
1.4668
1.4670
1.4672
1.4712
1.4734
1.4760
1.4768
1.4776
1.4803
1.4812
1.4853
1.4869
1.4874
1.4880
1.4900
1.4901
1.4906
1.4918
1.4934
1.4935
1.4940
1.4950
1.4957
1.4960
1.4971
1.4983
1.5003
1.5057
1.5061
1.5063
1.5068
1.5072
1.5079
1.5088
1.5122
1.5123
1.5130
1.5137
1.5139
1.5150
1.5152
1.5162
1.5163
1.5164
1.5170
1.5190
1.5202
1.5208
1.5216
1.5216
1.5226
1.5237
1.5242
1.5242
1.5313
1.5331
1.5333
1.5348
1.5379
1.5384
1.5392
1.5396
1.5397
1.5445
1.5476
1.5488
1.5495
1.5523
1.5569
1.5589
1.5599
1.5605
1.5645
1.5658
1.5667
1.5715
1.5743
1.5786
1.5797
1.5818
1.5827
1.5842
1.5860
1.5883
1.5888
1.5901
1.5927
1.5939
1.5971
1.5975
1.5986
1.5994
1.6004
1.6023
1.6071
1.6097
1.6110
1.6133
1.6134
1.6141
1.6209
1.6213
1.6219
1.6231
1.6236
1.6241
1.6266
1.6268
1.6284
1.6315
1.6337
1.6353
1.6360
1.6379
1.6401
1.6412
1.6423
1.6444
1.6451
1.6455
1.6490
1.6536
1.6569
1.6614
1.6632
1.6638
1.6643
1.6676
1.6707
1.6721
1.6739
1.6746
1.6768
1.6778
1.6781
1.6804
1.6806
1.6857
1.6862
1.6863
1.6864
1.6916
1.6933
1.6947
1.6956
1.6957
1.6964
1.6978
1.7009
1.7016
1.7025
1.7032
1.7070
1.7115
1.7133
1.7152
1.7157
1.7192
1.7212
1.7234
1.7243
1.7325
1.7327
1.7328
1.7338
1.7339
1.7345
1.7361
1.7381
1.7395
1.7401
1.7409
1.7424
1.7442
1.7450
1.7475
1.7489
1.7523
1.7535
1.7544
1.7563
1.7565
1.7588
1.7590
1.7619
1.7677
1.7685
1.7686
1.7697
1.7704
1.7728
1.7731
1.7750
1.7751
1.7754
1.7765
1.7777
1.7802
1.7828
1.7837
1.7903
1.7932
1.7954
1.7969
1.7986
1.7988
1.7997
1.8050
1.8083
1.8094
1.8101
1.8159
1.8174
1.8247
1.8250
1.8253
1.8253
1.8272
1.8286
1.8300
1.8311
1.8321
1.8329
1.8333
1.8338
1.8357
1.8373
1.8379
1.8396
1.8425
1.8436
1.8479
1.8501
1.8508
1.8511
1.8522
1.8608
1.8635
1.8636
1.8638
1.8692
1.8697
1.8733
1.8742
1.8753
1.8758
1.8763
1.8776
1.8814
1.8823
1.8888
1.8891
1.8896
1.8901
1.8949
1.8950
1.8980
1.9020
1.9022
1.9029
1.9067
1.9069
1.9092
1.9107
1.9112
1.9137
1.9160
1.9177
1.9186
1.9197
1.9201
1.9204
1.9219
1.9232
1.9266
1.9272
1.9281
1.9289
1.9297
1.9302
1.9312
1.9363
1.9396
1.9405
1.9408
1.9413
1.9415
1.9433
1.9474
1.9495
1.9505
1.9539
1.9569
1.9599
1.9605
1.9650
1.9666
1.9666
1.9681
1.9696
1.9719
1.9729
1.9735
1.9738
1.9755
1.9756
1.9760
1.9775
1.9791
1.9794
1.9794
1.9799
1.9820
1.9888
1.9891
1.9929
1.9950
1.9963
1.9964
1.9980
2.0006
2.0054
2.0055
2.0089
2.0093
2.0158
2.0159
2.0167
2.0178
2.0197
2.0201
2.0227
2.0238
2.0242
2.0243
2.0365
2.0367
2.0396
2.0409
2.0421
2.0436
2.0443
2.0514
2.0526
2.0585
2.0585
2.0587
2.0596
2.0603
2.0677
2.0699
2.0717
2.0743
2.0763
2.0816
2.0826
2.0857
2.0866
2.0888
2.0924
2.0930
2.0940
2.0973
2.1041
2.1069
2.1087
2.1097
2.1120
2.1136
2.1153
2.1211
2.1212
2.1222
2.1248
2.1331
2.1343
2.1362
2.1383
2.1398
2.1414
2.1430
2.1437
2.1463
2.1476
2.1481
2.1483
2.1485
2.1490
2.1505
2.1545
2.1576
2.1585
2.1593
2.1644
2.1698
2.1713
2.1735
2.1772
2.1786
2.1789
2.1832
2.1897
2.1942
2.1992
2.1998
2.2035
2.2051
2.2184
2.2283
2.2336
2.2370
2.2382
2.2518
2.2523
2.2556
2.2603
2.2621
2.2629
2.2689
2.2713
2.2736
2.2782
2.2947
2.2972
2.3000
2.3024
2.3054
2.3178
2.3369
2.3459
2.3472
2.3486
2.3517
2.3565
2.3577
2.3599
2.3605
2.3730
2.3739
2.3745
2.3753
2.3774
2.3870
2.3952
2.3962
2.4009
2.4047
2.4072
2.4074
2.4087
2.4148
2.4214
2.4219
2.4232
2.4254
2.4301
2.4326
2.4339
2.4360
2.4435
2.4448
2.4544
2.4566
2.4792
2.4799
2.4826
2.4890
2.4963
2.5012
2.5015
2.5146
2.5157
2.5479
2.5483
2.5550
2.5623
2.5623
2.5680
2.5711
2.5877
2.5885
2.5932
2.5933
2.5976
2.5994
2.6029
2.6127
2.6146
2.6334
2.6336
2.6348
2.6400
2.6521
2.6525
2.6595
2.6695
2.6732
2.6746
2.6746
2.6750
2.6813
2.7135
2.7168
2.7177
2.7178
2.7459
2.7507
2.7516
2.7532
2.7575
2.7586
2.7695
2.7792
2.7800
2.7850
2.7913
2.7936
2.8003
2.8012
2.8046
2.8197
2.8533
2.8710
2.8747
2.8787
2.8808
2.8966
2.9312
2.9524
2.9525
3.0538
3.0733
3.0770
3.1573
3.2512
3.2832
3.2925
3.3301
3.3556
3.4004
3.4325
3.4641
3.5654
3.5989
3.6365
3.8338
