1000
1000
-1.7170,0.2051
-1.6222,0.2010
-1.4071,0.1564
-1.2564,0.1443
-1.1448,0.1401
-1.0581,0.1378
-0.9894,0.1363
-0.9335,0.1354
-0.8857,0.1330
-0.8439,0.1300
-0.8075,0.1273
-0.7756,0.1247
-0.7472,0.1222
-0.7219,0.1201
-0.6987,0.1181
-0.6775,0.1160
-0.6582,0.1143
-0.6404,0.1125
-0.6239,0.1108
-0.6085,0.1092
-0.5943,0.1078
-0.5810,0.1064
-0.5685,0.1051
-0.5569,0.1039
-0.5460,0.1028
-0.5356,0.1016
-0.5259,0.1005
-0.5166,0.0994
-0.5079,0.0984
-0.4995,0.0974
-0.4916,0.0964
-0.4840,0.0954
-0.4767,0.0945
-0.4697,0.0935
-0.4630,0.0926
-0.4566,0.0917
-0.4505,0.0909
-0.4446,0.0901
-0.4389,0.0893
-0.4333,0.0885
-0.4280,0.0877
-0.4229,0.0870
-0.4179,0.0863
-0.4131,0.0855
-0.4084,0.0848
-0.4039,0.0841
-0.3995,0.0834
-0.3953,0.0828
-0.3912,0.0821
-0.3872,0.0814
-0.3832,0.0807
-0.3794,0.0801
-0.3758,0.0794
-0.3722,0.0788
-0.3687,0.0782
-0.3653,0.0776
-0.3620,0.0771
-0.3587,0.0765
-0.3556,0.0759
-0.3525,0.0754
-0.3495,0.0749
-0.3466,0.0744
-0.3438,0.0739
-0.3410,0.0734
-0.3382,0.0729
-0.3356,0.0724
-0.3330,0.0719
-0.3304,0.0715
-0.3279,0.0711
-0.3255,0.0707
-0.3231,0.0703
-0.3208,0.0699
-0.3186,0.0695
-0.3163,0.0691
-0.3142,0.0687
-0.3120,0.0684
-0.3099,0.0680
-0.3079,0.0677
-0.3058,0.0673
-0.3039,0.0670
-0.3019,0.0666
-0.3000,0.0663
-0.2981,0.0659
-0.2962,0.0656
-0.2944,0.0653
-0.2926,0.0650
-0.2908,0.0646
-0.2891,0.0643
-0.2874,0.0640
-0.2857,0.0637
-0.2840,0.0634
-0.2824,0.0631
-0.2808,0.0628
-0.2792,0.0625
-0.2777,0.0622
-0.2762,0.0619
-0.2747,0.0617
-0.2732,0.0614
-0.2718,0.0611
-0.2703,0.0609
-0.2689,0.0606
-0.2675,0.0603
-0.2662,0.0601
-0.2648,0.0598
-0.2635,0.0596
-0.2622,0.0594
-0.2609,0.0591
-0.2596,0.0589
-0.2584,0.0587
-0.2571,0.0584
-0.2559,0.0582
-0.2547,0.0580
-0.2535,0.0578
-0.2523,0.0576
-0.2512,0.0573
-0.2500,0.0571
-0.2489,0.0569
-0.2478,0.0567
-0.2467,0.0565
-0.2456,0.0562
-0.2445,0.0560
-0.2434,0.0558
-0.2423,0.0556
-0.2413,0.0553
-0.2403,0.0551
-0.2392,0.0549
-0.2382,0.0547
-0.2372,0.0545
-0.2362,0.0543
-0.2353,0.0541
-0.2343,0.0539
-0.2334,0.0537
-0.2324,0.0536
-0.2315,0.0534
-0.2306,0.0532
-0.2297,0.0530
-0.2288,0.0528
-0.2279,0.0527
-0.2270,0.0525
-0.2261,0.0523
-0.2253,0.0522
-0.2244,0.0520
-0.2236,0.0518
-0.2228,0.0517
-0.2220,0.0515
-0.2211,0.0514
-0.2204,0.0512
-0.2196,0.0511
-0.2188,0.0509
-0.2180,0.0508
-0.2172,0.0506
-0.2165,0.0505
-0.2157,0.0503
-0.2150,0.0502
-0.2142,0.0500
-0.2135,0.0499
-0.2128,0.0498
-0.2121,0.0496
-0.2113,0.0495
-0.2106,0.0494
-0.2100,0.0492
-0.2093,0.0491
-0.2086,0.0490
-0.2079,0.0488
-0.2072,0.0487
-0.2066,0.0486
-0.2059,0.0485
-0.2053,0.0483
-0.2046,0.0482
-0.2040,0.0481
-0.2034,0.0480
-0.2027,0.0479
-0.2021,0.0478
-0.2015,0.0476
-0.2009,0.0475
-0.2003,0.0474
-0.1997,0.0473
-0.1991,0.0472
-0.1985,0.0471
-0.1979,0.0470
-0.1973,0.0468
-0.1967,0.0467
-0.1962,0.0466
-0.1956,0.0465
-0.1950,0.0464
-0.1945,0.0463
-0.1939,0.0462
-0.1934,0.0461
-0.1928,0.0460
-0.1923,0.0458
-0.1917,0.0457
-0.1912,0.0456
-0.1907,0.0455
-0.1902,0.0454
-0.1896,0.0453
-0.1891,0.0452
-0.1886,0.0451
-0.1881,0.0450
-0.1876,0.0449
-0.1871,0.0448
-0.1866,0.0447
-0.1861,0.0447
-0.1856,0.0446
-0.1852,0.0445
-0.1847,0.0444
-0.1842,0.0443
-0.1837,0.0442
-0.1833,0.0441
-0.1828,0.0440
-0.1823,0.0439
-0.1819,0.0438
-0.1814,0.0437
-0.1809,0.0436
-0.1805,0.0435
-0.1800,0.0434
-0.1796,0.0433
-0.1792,0.0432
-0.1787,0.0431
-0.1783,0.0431
-0.1778,0.0430
-0.1774,0.0429
-0.1770,0.0428
-0.1766,0.0427
-0.1761,0.0426
-0.1757,0.0425
-0.1753,0.0424
-0.1749,0.0424
-0.1745,0.0423
-0.1741,0.0422
-0.1737,0.0421
-0.1733,0.0420
-0.1729,0.0419
-0.1725,0.0418
-0.1721,0.0417
-0.1717,0.0417
-0.1713,0.0416
-0.1709,0.0415
-0.1705,0.0414
-0.1701,0.0413
-0.1697,0.0412
-0.1694,0.0412
-0.1690,0.0411
-0.1686,0.0410
-0.1683,0.0409
-0.1679,0.0408
-0.1675,0.0408
-0.1672,0.0407
-0.1668,0.0406
-0.1664,0.0405
-0.1661,0.0405
-0.1657,0.0404
-0.1654,0.0403
-0.1650,0.0402
-0.1647,0.0402
-0.1643,0.0401
-0.1640,0.0400
-0.1637,0.0399
-0.1633,0.0399
-0.1630,0.0398
-0.1626,0.0397
-0.1623,0.0396
-0.1620,0.0396
-0.1617,0.0395
-0.1613,0.0394
-0.1610,0.0394
-0.1607,0.0393
-0.1604,0.0392
-0.1600,0.0392
-0.1597,0.0391
-0.1594,0.0390
-0.1591,0.0389
-0.1588,0.0389
-0.1585,0.0388
-0.1581,0.0387
-0.1578,0.0387
-0.1575,0.0386
-0.1572,0.0385
-0.1569,0.0385
-0.1566,0.0384
-0.1563,0.0383
-0.1560,0.0383
-0.1557,0.0382
-0.1554,0.0381
-0.1551,0.0381
-0.1548,0.0380
-0.1545,0.0379
-0.1543,0.0379
-0.1540,0.0378
-0.1537,0.0377
-0.1534,0.0377
-0.1531,0.0376
-0.1528,0.0375
-0.1525,0.0375
-0.1523,0.0374
-0.1520,0.0373
-0.1517,0.0373
-0.1514,0.0372
-0.1512,0.0372
-0.1509,0.0371
-0.1506,0.0370
-0.1503,0.0370
-0.1501,0.0369
-0.1498,0.0369
-0.1495,0.0368
-0.1493,0.0367
-0.1490,0.0367
-0.1487,0.0366
-0.1485,0.0366
-0.1482,0.0365
-0.1480,0.0364
-0.1477,0.0364
-0.1474,0.0363
-0.1472,0.0363
-0.1469,0.0362
-0.1467,0.0362
-0.1464,0.0361
-0.1462,0.0361
-0.1459,0.0360
-0.1457,0.0359
-0.1454,0.0359
-0.1452,0.0358
-0.1450,0.0358
-0.1447,0.0357
-0.1445,0.0357
-0.1442,0.0356
-0.1440,0.0356
-0.1437,0.0355
-0.1435,0.0355
-0.1433,0.0354
-0.1430,0.0354
-0.1428,0.0353
-0.1426,0.0352
-0.1423,0.0352
-0.1421,0.0351
-0.1419,0.0351
-0.1416,0.0350
-0.1414,0.0350
-0.1412,0.0349
-0.1410,0.0349
-0.1407,0.0348
-0.1405,0.0348
-0.1403,0.0347
-0.1401,0.0347
-0.1398,0.0346
-0.1396,0.0346
-0.1394,0.0345
-0.1392,0.0345
-0.1390,0.0344
-0.1388,0.0344
-0.1385,0.0343
-0.1383,0.0343
-0.1381,0.0342
-0.1379,0.0342
-0.1377,0.0341
-0.1375,0.0341
-0.1373,0.0341
-0.1371,0.0340
-0.1369,0.0340
-0.1366,0.0339
-0.1364,0.0339
-0.1362,0.0338
-0.1360,0.0338
-0.1358,0.0337
-0.1356,0.0337
-0.1354,0.0336
-0.1352,0.0336
-0.1350,0.0336
-0.1348,0.0335
-0.1346,0.0335
-0.1344,0.0334
-0.1342,0.0334
-0.1340,0.0333
-0.1338,0.0333
-0.1336,0.0332
-0.1335,0.0332
-0.1333,0.0332
-0.1331,0.0331
-0.1329,0.0331
-0.1327,0.0330
-0.1325,0.0330
-0.1323,0.0329
-0.1321,0.0329
-0.1319,0.0329
-0.1317,0.0328
-0.1316,0.0328
-0.1314,0.0327
-0.1312,0.0327
-0.1310,0.0327
-0.1308,0.0326
-0.1306,0.0326
-0.1305,0.0325
-0.1303,0.0325
-0.1301,0.0325
-0.1299,0.0324
-0.1297,0.0324
-0.1296,0.0323
-0.1294,0.0323
-0.1292,0.0323
-0.1290,0.0322
-0.1289,0.0322
-0.1287,0.0322
-0.1285,0.0321
-0.1283,0.0321
-0.1282,0.0320
-0.1280,0.0320
-0.1278,0.0320
-0.1276,0.0319
-0.1275,0.0319
-0.1273,0.0318
-0.1271,0.0318
-0.1270,0.0318
-0.1268,0.0317
-0.1266,0.0317
-0.1264,0.0317
-0.1263,0.0316
-0.1261,0.0316
-0.1260,0.0315
-0.1258,0.0315
-0.1256,0.0315
-0.1255,0.0314
-0.1253,0.0314
-0.1251,0.0314
-0.1250,0.0313
-0.1248,0.0313
-0.1246,0.0312
-0.1245,0.0312
-0.1243,0.0312
-0.1242,0.0311
-0.1240,0.0311
-0.1238,0.0311
-0.1237,0.0310
-0.1235,0.0310
-0.1234,0.0310
-0.1232,0.0309
-0.1231,0.0309
-0.1229,0.0309
-0.1228,0.0308
-0.1226,0.0308
-0.1225,0.0308
-0.1223,0.0307
-0.1221,0.0307
-0.1220,0.0307
-0.1218,0.0306
-0.1217,0.0306
-0.1215,0.0305
-0.1214,0.0305
-0.1212,0.0305
-0.1211,0.0304
-0.1209,0.0304
-0.1208,0.0304
-0.1207,0.0303
-0.1205,0.0303
-0.1204,0.0303
-0.1202,0.0302
-0.1201,0.0302
-0.1199,0.0302
-0.1198,0.0301
-0.1196,0.0301
-0.1195,0.0301
-0.1194,0.0301
-0.1192,0.0300
-0.1191,0.0300
-0.1189,0.0300
-0.1188,0.0299
-0.1186,0.0299
-0.1185,0.0299
-0.1184,0.0298
-0.1182,0.0298
-0.1181,0.0298
-0.1180,0.0297
-0.1178,0.0297
-0.1177,0.0297
-0.1175,0.0296
-0.1174,0.0296
-0.1173,0.0296
-0.1171,0.0295
-0.1170,0.0295
-0.1169,0.0295
-0.1167,0.0294
-0.1166,0.0294
-0.1165,0.0294
-0.1163,0.0294
-0.1162,0.0293
-0.1161,0.0293
-0.1159,0.0293
-0.1158,0.0292
-0.1157,0.0292
-0.1155,0.0292
-0.1154,0.0291
-0.1153,0.0291
-0.1151,0.0291
-0.1150,0.0291
-0.1149,0.0290
-0.1148,0.0290
-0.1146,0.0290
-0.1145,0.0289
-0.1144,0.0289
-0.1142,0.0289
-0.1141,0.0288
-0.1140,0.0288
-0.1139,0.0288
-0.1137,0.0288
-0.1136,0.0287
-0.1135,0.0287
-0.1134,0.0287
-0.1132,0.0286
-0.1131,0.0286
-0.1130,0.0286
-0.1129,0.0286
-0.1128,0.0285
-0.1126,0.0285
-0.1125,0.0285
-0.1124,0.0284
-0.1123,0.0284
-0.1122,0.0284
-0.1120,0.0284
-0.1119,0.0283
-0.1118,0.0283
-0.1117,0.0283
-0.1116,0.0282
-0.1114,0.0282
-0.1113,0.0282
-0.1112,0.0282
-0.1111,0.0281
-0.1110,0.0281
-0.1109,0.0281
-0.1107,0.0281
-0.1106,0.0280
-0.1105,0.0280
-0.1104,0.0280
-0.1103,0.0279
-0.1102,0.0279
-0.1100,0.0279
-0.1099,0.0279
-0.1098,0.0278
-0.1097,0.0278
-0.1096,0.0278
-0.1095,0.0278
-0.1094,0.0277
-0.1093,0.0277
-0.1092,0.0277
-0.1090,0.0277
-0.1089,0.0276
-0.1088,0.0276
-0.1087,0.0276
-0.1086,0.0276
-0.1085,0.0275
-0.1084,0.0275
-0.1083,0.0275
-0.1082,0.0274
-0.1081,0.0274
-0.1079,0.0274
-0.1078,0.0274
-0.1077,0.0273
-0.1076,0.0273
-0.1075,0.0273
-0.1074,0.0273
-0.1073,0.0272
-0.1072,0.0272
-0.1071,0.0272
-0.1070,0.0272
-0.1069,0.0271
-0.1068,0.0271
-0.1067,0.0271
-0.1066,0.0271
-0.1065,0.0270
-0.1064,0.0270
-0.1063,0.0270
-0.1061,0.0270
-0.1060,0.0269
-0.1059,0.0269
-0.1058,0.0269
-0.1057,0.0269
-0.1056,0.0268
-0.1055,0.0268
-0.1054,0.0268
-0.1053,0.0268
-0.1052,0.0267
-0.1051,0.0267
-0.1050,0.0267
-0.1049,0.0267
-0.1048,0.0266
-0.1047,0.0266
-0.1046,0.0266
-0.1045,0.0266
-0.1044,0.0266
-0.1043,0.0265
-0.1042,0.0265
-0.1041,0.0265
-0.1040,0.0265
-0.1039,0.0264
-0.1038,0.0264
-0.1037,0.0264
-0.1036,0.0264
-0.1035,0.0263
-0.1034,0.0263
-0.1033,0.0263
-0.1033,0.0263
-0.1032,0.0262
-0.1031,0.0262
-0.1030,0.0262
-0.1029,0.0262
-0.1028,0.0262
-0.1027,0.0261
-0.1026,0.0261
-0.1025,0.0261
-0.1024,0.0261
-0.1023,0.0260
-0.1022,0.0260
-0.1021,0.0260
-0.1020,0.0260
-0.1019,0.0259
-0.1018,0.0259
-0.1017,0.0259
-0.1017,0.0259
-0.1016,0.0259
-0.1015,0.0258
-0.1014,0.0258
-0.1013,0.0258
-0.1012,0.0258
-0.1011,0.0258
-0.1010,0.0257
-0.1009,0.0257
-0.1008,0.0257
-0.1007,0.0257
-0.1007,0.0256
-0.1006,0.0256
-0.1005,0.0256
-0.1004,0.0256
-0.1003,0.0256
-0.1002,0.0255
-0.1001,0.0255
-0.1000,0.0255
-0.1000,0.0255
-0.0999,0.0255
-0.0998,0.0254
-0.0997,0.0254
-0.0996,0.0254
-0.0995,0.0254
-0.0994,0.0254
-0.0993,0.0253
-0.0993,0.0253
-0.0992,0.0253
-0.0991,0.0253
-0.0990,0.0253
-0.0989,0.0252
-0.0988,0.0252
-0.0987,0.0252
-0.0987,0.0252
-0.0986,0.0252
-0.0985,0.0251
-0.0984,0.0251
-0.0983,0.0251
-0.0982,0.0251
-0.0982,0.0251
-0.0981,0.0250
-0.0980,0.0250
-0.0979,0.0250
-0.0978,0.0250
-0.0977,0.0250
-0.0977,0.0249
-0.0976,0.0249
-0.0975,0.0249
-0.0974,0.0249
-0.0973,0.0249
-0.0973,0.0248
-0.0972,0.0248
-0.0971,0.0248
-0.0970,0.0248
-0.0969,0.0248
-0.0969,0.0247
-0.0968,0.0247
-0.0967,0.0247
-0.0966,0.0247
-0.0965,0.0247
-0.0965,0.0247
-0.0964,0.0246
-0.0963,0.0246
-0.0962,0.0246
-0.0961,0.0246
-0.0961,0.0246
-0.0960,0.0245
-0.0959,0.0245
-0.0958,0.0245
-0.0957,0.0245
-0.0957,0.0245
-0.0956,0.0244
-0.0955,0.0244
-0.0954,0.0244
-0.0954,0.0244
-0.0953,0.0244
-0.0952,0.0244
-0.0951,0.0243
-0.0950,0.0243
-0.0950,0.0243
-0.0949,0.0243
-0.0948,0.0243
-0.0947,0.0242
-0.0947,0.0242
-0.0946,0.0242
-0.0945,0.0242
-0.0944,0.0242
-0.0944,0.0241
-0.0943,0.0241
-0.0942,0.0241
-0.0941,0.0241
-0.0941,0.0241
-0.0940,0.0241
-0.0939,0.0240
-0.0938,0.0240
-0.0938,0.0240
-0.0937,0.0240
-0.0936,0.0240
-0.0935,0.0239
-0.0935,0.0239
-0.0934,0.0239
-0.0933,0.0239
-0.0933,0.0239
-0.0932,0.0239
-0.0931,0.0238
-0.0930,0.0238
-0.0930,0.0238
-0.0929,0.0238
-0.0928,0.0238
-0.0927,0.0237
-0.0927,0.0237
-0.0926,0.0237
-0.0925,0.0237
-0.0925,0.0237
-0.0924,0.0237
-0.0923,0.0236
-0.0922,0.0236
-0.0922,0.0236
-0.0921,0.0236
-0.0920,0.0236
-0.0920,0.0236
-0.0919,0.0235
-0.0918,0.0235
-0.0918,0.0235
-0.0917,0.0235
-0.0916,0.0235
-0.0915,0.0235
-0.0915,0.0234
-0.0914,0.0234
-0.0913,0.0234
-0.0913,0.0234
-0.0912,0.0234
-0.0911,0.0234
-0.0911,0.0233
-0.0910,0.0233
-0.0909,0.0233
-0.0909,0.0233
-0.0908,0.0233
-0.0907,0.0233
-0.0907,0.0232
-0.0906,0.0232
-0.0905,0.0232
-0.0905,0.0232
-0.0904,0.0232
-0.0903,0.0232
-0.0903,0.0231
-0.0902,0.0231
-0.0901,0.0231
-0.0901,0.0231
-0.0900,0.0231
-0.0899,0.0231
-0.0899,0.0230
-0.0898,0.0230
-0.0897,0.0230
-0.0897,0.0230
-0.0896,0.0230
-0.0895,0.0230
-0.0895,0.0229
-0.0894,0.0229
-0.0893,0.0229
-0.0893,0.0229
-0.0892,0.0229
-0.0891,0.0229
-0.0891,0.0228
-0.0890,0.0228
-0.0890,0.0228
-0.0889,0.0228
-0.0888,0.0228
-0.0888,0.0228
-0.0887,0.0228
-0.0886,0.0227
-0.0886,0.0227
-0.0885,0.0227
-0.0885,0.0227
-0.0884,0.0227
-0.0883,0.0227
-0.0883,0.0226
-0.0882,0.0226
-0.0881,0.0226
-0.0881,0.0226
-0.0880,0.0226
-0.0880,0.0226
-0.0879,0.0226
-0.0878,0.0225
-0.0878,0.0225
-0.0877,0.0225
-0.0876,0.0225
-0.0876,0.0225
-0.0875,0.0225
-0.0875,0.0224
-0.0874,0.0224
-0.0873,0.0224
-0.0873,0.0224
-0.0872,0.0224
-0.0872,0.0224
-0.0871,0.0224
-0.0870,0.0223
-0.0870,0.0223
-0.0869,0.0223
-0.0869,0.0223
-0.0868,0.0223
-0.0867,0.0223
-0.0867,0.0223
-0.0866,0.0222
-0.0866,0.0222
-0.0865,0.0222
-0.0864,0.0222
-0.0864,0.0222
-0.0863,0.0222
-0.0863,0.0222
-0.0862,0.0221
-0.0862,0.0221
-0.0861,0.0221
-0.0860,0.0221
-0.0860,0.0221
-0.0859,0.0221
-0.0859,0.0221
-0.0858,0.0220
-0.0858,0.0220
-0.0857,0.0220
-0.0856,0.0220
-0.0856,0.0220
-0.0855,0.0220
-0.0855,0.0220
-0.0854,0.0219
-0.0854,0.0219
-0.0853,0.0219
-0.0852,0.0219
-0.0852,0.0219
-0.0851,0.0219
-0.0851,0.0219
-0.0850,0.0218
-0.0850,0.0218
-0.0849,0.0218
-0.0848,0.0218
-0.0848,0.0218
-0.0847,0.0218
-0.0847,0.0218
-0.0846,0.0217
-0.0846,0.0217
-0.0845,0.0217
-0.0845,0.0217
-0.0844,0.0217
-0.0844,0.0217
-0.0843,0.0217
-0.0842,0.0216
-0.0842,0.0216
-0.0841,0.0216
-0.0841,0.0216
-0.0840,0.0216
-0.0840,0.0216
-0.0839,0.0216
-0.0839,0.0216
-0.0838,0.0215
-0.0838,0.0215
-0.0837,0.0215
-0.0836,0.0215
-0.0836,0.0215
-0.0835,0.0215
-0.0835,0.0215
-0.0834,0.0214
-0.0834,0.0214
-0.0833,0.0214
-0.0833,0.0214
-0.0832,0.0214
-0.0832,0.0214
-0.0831,0.0214
-0.0831,0.0214
-0.0830,0.0213
-0.0830,0.0213
-0.0829,0.0213
-0.0829,0.0213
-0.0828,0.0213
-0.0828,0.0213
-0.0827,0.0213
-0.0827,0.0213
-0.0826,0.0212
-0.0825,0.0212
-0.0825,0.0212
-0.0824,0.0212
-0.0824,0.0212
-0.0823,0.0212
-0.0823,0.0212
-0.0822,0.0212
-0.0822,0.0211
-0.0821,0.0211
-0.0821,0.0211
-0.0820,0.0211
-0.0820,0.0211
-0.0819,0.0211
-0.0819,0.0211
-0.0818,0.0211
-0.0818,0.0210
-0.0817,0.0210
-0.0817,0.0210
-0.0816,0.0210
-0.0816,0.0210
-0.0815,0.0210
-0.0815,0.0210
-0.0814,0.0210
-0.0814,0.0209
-0.0813,0.0209
-0.0813,0.0209
-0.0812,0.0209
-0.0812,0.0209
-0.0811,0.0209
-0.0811,0.0209
-0.0810,0.0209
-0.0810,0.0208
-0.0809,0.0208
-0.0809,0.0208
-0.0808,0.0208
-0.0808,0.0208
-0.0807,0.0208
-0.0807,0.0208
-0.0807,0.0208
-0.0806,0.0208
-0.0806,0.0207
-0.0805,0.0207
-0.0805,0.0207
-0.0804,0.0207
-0.0804,0.0207
-0.0803,0.0207
-0.0803,0.0207
-0.0802,0.0207
-0.0802,0.0206
-0.0801,0.0206
-0.0801,0.0206
-0.0800,0.0206
-0.0800,0.0206
-0.0799,0.0206
-0.0799,0.0206
-0.0798,0.0206
-0.0798,0.0206
-0.0798,0.0205
-0.0797,0.0205
-0.0797,0.0205
-0.0796,0.0205
-0.0796,0.0205
-0.0795,0.0205
-0.0795,0.0205
-0.0794,0.0205
-0.0794,0.0205
-0.0793,0.0204
-0.0793,0.0204
-0.0792,0.0204
-0.0792,0.0204
-0.0791,0.0204
-0.0791,0.0204
-0.0791,0.0204
-0.0790,0.0204
-0.0790,0.0204
-0.0789,0.0203
-0.0789,0.0203
-0.0788,0.0203
-0.0788,0.0203
-0.0787,0.0203
-0.0787,0.0203
-0.0787,0.0203
-0.0786,0.0203
-0.0786,0.0203
-0.0785,0.0202
-0.0785,0.0202
-0.0784,0.0202
-0.0784,0.0202
-0.0783,0.0202
-0.0783,0.0202
-0.0782,0.0202
-0.0782,0.0202
-0.0782,0.0202
-0.0781,0.0201
-0.0781,0.0201
-0.0780,0.0201
-0.0780,0.0201
-0.0779,0.0201
-0.0779,0.0201
-0.0779,0.0201
-0.0778,0.0201
-0.0778,0.0201
-0.0777,0.0200
-0.0777,0.0200
-0.0776,0.0200
-0.0776,0.0200
-0.0775,0.0200
-0.0775,0.0200
0.0123
0.0379
0.1555
0.1938
0.2661
0.2743
0.3222
0.3366
0.3385
0.3816
0.3930
0.3957
0.4070
0.4225
0.4375
0.4479
0.4545
0.4614
0.4831
0.4982
0.5168
0.5252
0.5254
0.5350
0.5372
0.5409
0.5697
0.5735
0.5966
0.5986
0.6051
0.6064
0.6106
0.6197
0.6208
0.6211
0.6250
0.6262
0.6326
0.6327
0.6350
0.6428
0.6452
0.6464
0.6495
0.6518
0.6536
0.6592
0.6594
0.6623
0.6680
0.6844
0.6869
0.6871
0.6871
0.6909
0.6914
0.6944
0.6960
0.6990
0.7047
0.7081
0.7093
0.7099
0.7130
0.7147
0.7167
0.7213
0.7227
0.7445
0.7484
0.7518
0.7534
0.7541
0.7586
0.7596
0.7596
0.7633
0.7754
0.7773
0.7781
0.7838
0.7849
0.7869
0.7887
0.7888
0.7903
0.7968
0.7974
0.8006
0.8034
0.8089
0.8164
0.8186
0.8288
0.8332
0.8362
0.8374
0.8389
0.8400
0.8423
0.8432
0.8474
0.8585
0.8606
0.8617
0.8626
0.8651
0.8663
0.8667
0.8667
0.8749
0.8870
0.8889
0.8894
0.8918
0.8932
0.8946
0.8966
0.8970
0.8973
0.8979
0.9001
0.9081
0.9176
0.9252
0.9277
0.9298
0.9302
0.9328
0.9336
0.9343
0.9348
0.9354
0.9361
0.9361
0.9372
0.9394
0.9415
0.9460
0.9477
0.9508
0.9519
0.9544
0.9567
0.9569
0.9576
0.9614
0.9661
0.9689
0.9733
0.9757
0.9796
0.9804
0.9811
0.9822
0.9842
0.9862
0.9866
0.9874
0.9881
0.9960
0.9982
1.0076
1.0163
1.0185
1.0187
1.0194
1.0213
1.0220
1.0252
1.0255
1.0259
1.0268
1.0312
1.0315
1.0326
1.0411
1.0452
1.0460
1.0466
1.0476
1.0518
1.0542
1.0569
1.0571
1.0572
1.0587
1.0600
1.0609
1.0631
1.0657
1.0662
1.0757
1.0784
1.0793
1.0809
1.0838
1.0857
1.0872
1.0899
1.0946
1.0982
1.1003
1.1012
1.1030
1.1058
1.1062
1.1072
1.1082
1.1093
1.1103
1.1107
1.1133
1.1187
1.1217
1.1224
1.1271
1.1309
1.1311
1.1333
1.1357
1.1363
1.1386
1.1388
1.1389
1.1395
1.1415
1.1452
1.1455
1.1455
1.1509
1.1515
1.1531
1.1538
1.1561
1.1568
1.1591
1.1593
1.1593
1.1611
1.1624
1.1625
1.1637
1.1642
1.1645
1.1651
1.1658
1.1689
1.1691
1.1699
1.1706
1.1713
1.1716
1.1719
1.1727
1.1735
1.1747
1.1769
1.1778
1.1780
1.1786
1.1790
1.1794
1.1798
1.1808
1.1810
1.1812
1.1887
1.1894
1.1895
1.1909
1.1912
1.1921
1.1923
1.1937
1.1950
1.1951
1.1959
1.1989
1.2007
1.2015
1.2018
1.2023
1.2044
1.2056
1.2060
1.2133
1.2137
1.2139
1.2143
1.2143
1.2145
1.2164
1.2199
1.2234
1.2242
1.2247
1.2258
1.2259
1.2269
1.2276
1.2326
1.2339
1.2353
1.2355
1.2357
1.2363
1.2401
1.2407
1.2423
1.2434
1.2447
1.2468
1.2471
1.2479
1.2521
1.2533
1.2542
1.2551
1.2571
1.2576
1.2583
1.2586
1.2607
1.2666
1.2673
1.2683
1.2708
1.2726
1.2731
1.2736
1.2759
1.2773
1.2774
1.2797
1.2810
1.2813
1.2825
1.2842
1.2897
1.2925
1.2941
1.2966
1.2986
1.3009
1.3012
1.3024
1.3041
1.3060
1.3062
1.3066
1.3095
1.3097
1.3112
1.3115
1.3153
1.3194
1.3198
1.3218
1.3225
1.3225
1.3227
1.3239
1.3240
1.3240
1.3263
1.3264
1.3297
1.3306
1.3327
1.3332
1.3334
1.3336
1.3348
1.3354
1.3356
1.3362
1.3374
1.3390
1.3405
1.3405
1.3424
1.3438
1.3446
1.3470
1.3509
1.3529
1.3548
1.3566
1.3577
1.3579
1.3586
1.3592
1.3600
1.3614
1.3630
1.3630
1.3647
1.3656
1.3668
1.3712
1.3725
1.3753
1.3771
1.3778
1.3778
1.3791
1.3794
1.3804
1.3828
1.3846
1.3849
1.3857
1.3904
1.3907
1.3914
1.3915
1.3924
1.3977
1.3984
1.4000
1.4021
1.4038
1.4040
1.4063
1.4088
1.4099
1.4105
1.4110
1.4170
1.4183
1.4192
1.4202
1.4240
1.4263
1.4268
1.4298
1.4327
1.4334
1.4342
1.4355
1.4361
1.4377
1.4382
1.4398
1.4405
1.4413
1.4435
1.4449
1.4486
1.4487
1.4492
1.4501
1.4505
1.4568
1.4602
1.4606
1.4638
1.4645
1.4670
1.4671
1.4672
1.4701
1.4704
1.4747
1.4760
1.4762
1.4777
1.4805
1.4816
1.4820
1.4821
1.4828
1.4887
1.4901
1.4928
1.4953
1.4957
1.4988
1.5005
1.5012
1.5048
1.5049
1.5053
1.5055
1.5056
1.5065
1.5067
1.5080
1.5095
1.5126
1.5177
1.5180
1.5187
1.5203
1.5227
1.5241
1.5263
1.5283
1.5294
1.5319
1.5329
1.5332
1.5335
1.5387
1.5404
1.5435
1.5440
1.5443
1.5480
1.5494
1.5502
1.5526
1.5531
1.5536
1.5549
1.5591
1.5602
1.5606
1.5608
1.5616
1.5644
1.5652
1.5693
1.5710
1.5763
1.5767
1.5796
1.5798
1.5824
1.5874
1.5886
1.5889
1.5896
1.5898
1.5903
1.5935
1.5935
1.6078
1.6084
1.6087
1.6109
1.6113
1.6137
1.6158
1.6169
1.6207
1.6215
1.6231
1.6251
1.6259
1.6264
1.6291
1.6326
1.6334
1.6349
1.6355
1.6387
1.6394
1.6463
1.6464
1.6484
1.6490
1.6500
1.6504
1.6525
1.6566
1.6632
1.6640
1.6655
1.6656
1.6660
1.6662
1.6667
1.6670
1.6680
1.6685
1.6709
1.6715
1.6716
1.6765
1.6765
1.6791
1.6792
1.6801
1.6806
1.6816
1.6817
1.6837
1.6839
1.6851
1.6871
1.6916
1.6922
1.6936
1.6983
1.6984
1.6991
1.6998
1.7015
1.7027
1.7031
1.7033
1.7061
1.7067
1.7073
1.7096
1.7148
1.7199
1.7203
1.7215
1.7215
1.7263
1.7277
1.7278
1.7304
1.7329
1.7345
1.7351
1.7364
1.7364
1.7366
1.7403
1.7426
1.7431
1.7445
1.7470
1.7473
1.7485
1.7490
1.7492
1.7511
1.7534
1.7549
1.7561
1.7575
1.7606
1.7629
1.7636
1.7702
1.7735
1.7736
1.7763
1.7767
1.7776
1.7796
1.7800
1.7812
1.7814
1.7820
1.7822
1.7840
1.7840
1.7846
1.7854
1.7874
1.7885
1.7907
1.7925
1.7939
1.7941
1.7966
1.8013
1.8019
1.8049
1.8061
1.8084
1.8106
1.8132
1.8149
1.8163
1.8176
1.8184
1.8219
1.8228
1.8240
1.8247
1.8252
1.8257
1.8316
1.8334
1.8350
1.8367
1.8380
1.8426
1.8428
1.8434
1.8460
1.8474
1.8474
1.8512
1.8522
1.8564
1.8573
1.8613
1.8618
1.8622
1.8649
1.8660
1.8679
1.8679
1.8691
1.8693
1.8721
1.8743
1.8753
1.8761
1.8768
1.8813
1.8820
1.8834
1.8871
1.8872
1.8940
1.8953
1.8963
1.8986
1.9020
1.9050
1.9083
1.9085
1.9111
1.9127
1.9165
1.9173
1.9208
1.9211
1.9226
1.9237
1.9250
1.9265
1.9277
1.9310
1.9321
1.9330
1.9341
1.9345
1.9356
1.9365
1.9397
1.9453
1.9493
1.9552
1.9673
1.9776
1.9783
1.9830
1.9838
1.9846
1.9862
1.9864
1.9866
1.9878
1.9902
1.9902
1.9910
1.9927
1.9935
1.9949
1.9960
1.9983
2.0037
2.0054
2.0058
2.0091
2.0104
2.0138
2.0150
2.0158
2.0195
2.0214
2.0226
2.0229
2.0250
2.0251
2.0260
2.0265
2.0313
2.0315
2.0352
2.0386
2.0412
2.0433
2.0441
2.0446
2.0452
2.0488
2.0513
2.0546
2.0555
2.0590
2.0592
2.0592
2.0619
2.0627
2.0634
2.0660
2.0705
2.0707
2.0747
2.0773
2.0802
2.0803
2.0805
2.0879
2.0895
2.0976
2.0981
2.0995
2.1079
2.1083
2.1097
2.1131
2.1206
2.1213
2.1282
2.1321
2.1376
2.1417
2.1437
2.1451
2.1490
2.1493
2.1497
2.1524
2.1532
2.1550
2.1574
2.1581
2.1600
2.1613
2.1619
2.1680
2.1691
2.1701
2.1823
2.1886
2.1956
2.2024
2.2077
2.2083
2.2093
2.2238
2.2252
2.2297
2.2303
2.2348
2.2363
2.2426
2.2444
2.2450
2.2475
2.2480
2.2483
2.2492
2.2538
2.2640
2.2642
2.2764
2.2784
2.2785
2.2800
2.2801
2.2873
2.2898
2.2911
2.2918
2.2934
2.2938
2.3001
2.3045
2.3069
2.3085
2.3095
2.3115
2.3130
2.3143
2.3235
2.3255
2.3256
2.3299
2.3313
2.3340
2.3351
2.3364
2.3440
2.3444
2.3525
2.3534
2.3560
2.3586
2.3630
2.3658
2.3667
2.3673
2.3694
2.3739
2.3901
2.3944
2.3944
2.3975
2.4072
2.4136
2.4178
2.4227
2.4228
2.4231
2.4276
2.4311
2.4396
2.4434
2.4444
2.4595
2.4614
2.4713
2.4825
2.4948
2.4971
2.4991
2.5002
2.5010
2.5182
2.5249
2.5268
2.5385
2.5463
2.5497
2.5594
2.5614
2.5727
2.5727
2.5779
2.5781
2.5806
2.5937
2.5944
2.5949
2.6012
2.6045
2.6175
2.6226
2.6250
2.6256
2.6264
2.6298
2.6453
2.6765
2.6946
2.6962
2.6973
2.7075
2.7172
2.7181
2.7183
2.7332
2.7357
2.7392
2.7410
2.7955
2.7979
2.7982
2.8042
2.8168
2.8267
2.8353
2.8363
2.8366
2.8466
2.8530
2.8704
2.8732
2.8865
2.8927
2.9189
2.9308
2.9392
2.9595
2.9794
2.9803
2.9911
2.9981
3.0457
3.0545
3.0913
3.1795
3.1902
3.1922
3.2020
3.2130
3.3179
3.3439
3.3815
3.4302
3.5496
3.5633
3.5928
3.6319
3.6514
4.0415
