1000
1000
-1.0242,0.2589
-0.9254,0.2512
-0.7477,0.2071
-0.6375,0.1832
-0.5606,0.1658
-0.5032,0.1530
-0.4588,0.1427
-0.4233,0.1343
-0.3937,0.1266
-0.3688,0.1201
-0.3469,0.1136
-0.3276,0.1076
-0.3106,0.1024
-0.2954,0.0977
-0.2815,0.0933
-0.2688,0.0891
-0.2571,0.0852
-0.2461,0.0816
-0.2359,0.0783
-0.2263,0.0753
-0.2170,0.0723
-0.2080,0.0694
-0.1993,0.0665
-0.1907,0.0638
-0.1823,0.0613
-0.1741,0.0587
-0.1659,0.0564
-0.1577,0.0542
-0.1495,0.0521
-0.1411,0.0501
-0.1326,0.0480
-0.1236,0.0458
-0.1142,0.0435
-0.1041,0.0411
-0.0935,0.0384
-0.0821,0.0356
0.0000,0.0000
0.0000,0.0000
0.0000,0.0000
0.0000,0.0000
0.0000,0.0000
0.0000,0.0000
0.0000,0.0000
0.0000,0.0000
0.0000,0.0000
0.0000,0.0000
0.0000,0.0000
0.0000,0.0000
0.0000,0.0000
0.0000,0.0000
0.0000,0.0000
0.0000,0.0000
0.0000,0.0000
0.0000,0.0000
0.0000,0.0000
0.0000,0.0000
0.0000,0.0000
0.0000,0.0000
0.0000,0.0000
0.0000,0.0000
0.0000,0.0000
0.0000,0.0000
0.0000,0.0000
0.0000,0.0000
0.0000,0.0000
0.0000,0.0000
0.0000,0.0000
0.0000,0.0000
0.0000,0.0000
0.0000,0.0000
0.0000,0.0000
0.0000,0.0000
0.0000,0.0000
0.0000,0.0000
0.0000,0.0000
0.0000,0.0000
0.0000,0.0000
0.0000,0.0000
0.0000,0.0000
0.0000,0.0000
0.0000,0.0000
0.0000,0.0000
0.0000,0.0000
0.0000,0.0000
0.0000,0.0000
0.0000,0.0000
0.0000,0.0000
0.0000,0.0000
0.0000,0.0000
0.0000,0.0000
0.0000,0.0000
0.0000,0.0000
0.0000,0.0000
0.0000,0.0000
0.0000,0.0000
0.0000,0.0000
0.0000,0.0000
0.0000,0.0000
0.0000,0.0000
0.0000,0.0000
0.0000,0.0000
0.0000,0.0000
0.0000,0.0000
0.0000,0.0000
0.0000,0.0000
0.0000,0.0000
0.0000,0.0000
0.0000,0.0000
0.0000,0.0000
0.0000,0.0000
0.0000,0.0000
0.0000,0.0000
0.0000,0.0000
0.0000,0.0000
0.0000,0.0000
0.0000,0.0000
0.0000,0.0000
0.0000,0.0000
0.0000,0.0000
0.0000,0.0000
0.0000,0.0000
0.0000,0.0000
0.0000,0.0000
0.0000,0.0000
0.0000,0.0000
0.0000,0.0000
0.0000,0.0000
0.0000,0.0000
0.0000,0.0000
0.0000,0.0000
0.0000,0.0000
0.0000,0.0000
0.0000,0.0000
0.0000,0.0000
0.0000,0.0000
0.0000,0.0000
0.0000,0.0000
0.0000,0.0000
0.0000,0.0000
0.0000,0.0000
0.0000,0.0000
0.0000,0.0000
0.0000,0.0000
0.0000,0.0000
0.0000,0.0000
0.0000,0.0000
0.0000,0.0000
0.0000,0.0000
0.0000,0.0000
0.0000,0.0000
0.0000,0.0000
0.0000,0.0000
0.0000,0.0000
0.0000,0.0000
0.0000,0.0000
0.0000,0.0000
0.0000,0.0000
0.0000,0.0000
0.0000,0.0000
0.0000,0.0000
0.0000,0.0000
0.0000,0.0000
0.0000,0.0000
0.0000,0.0000
0.0000,0.0000
0.0000,0.0000
0.0000,0.0000
0.0000,0.0000
0.0000,0.0000
0.0000,0.0000
0.0000,0.0000
0.0000,0.0000
0.0000,0.0000
0.0000,0.0000
0.0000,0.0000
0.0000,0.0000
0.0000,0.0000
0.0000,0.0000
0.0000,0.0000
0.0000,0.0000
0.0000,0.0000
0.0000,0.0000
0.0000,0.0000
0.0000,0.0000
0.0000,0.0000
0.0000,0.0000
0.0000,0.0000
0.0000,0.0000
0.0000,0.0000
0.0000,0.0000
0.0000,0.0000
0.0000,0.0000
0.0000,0.0000
0.0000,0.0000
0.0000,0.0000
0.0000,0.0000
0.0000,0.0000
0.0000,0.0000
0.0000,0.0000
0.0000,0.0000
0.0000,0.0000
0.0000,0.0000
0.0000,0.0000
0.0000,0.0000
0.0000,0.0000
0.0000,0.0000
0.0000,0.0000
0.0000,0.0000
0.0000,0.0000
0.0000,0.0000
0.0000,0.0000
0.0000,0.0000
0.0000,0.0000
0.0000,0.0000
0.0000,0.0000
0.0000,0.0000
0.0000,0.0000
0.0000,0.0000
0.0000,0.0000
0.0000,0.0000
0.0000,0.0000
0.0000,0.0000
0.0000,0.0000
0.0000,0.0000
0.0000,0.0000
0.0000,0.0000
0.0000,0.0000
0.0000,0.0000
0.0000,0.0000
0.0000,0.0000
0.0000,0.0000
0.0000,0.0000
0.0000,0.0000
0.0000,0.0000
0.0000,0.0000
0.0000,0.0000
0.0000,0.0000
0.0000,0.0000
0.0000,0.0000
0.0000,0.0000
0.0000,0.0000
0.0000,0.0000
0.0000,0.0000
0.0000,0.0000
0.0000,0.0000
0.0000,0.0000
0.0000,0.0000
0.0000,0.0000
0.0000,0.0000
0.0000,0.0000
0.0000,0.0000
0.0000,0.0000
0.0000,0.0000
0.0000,0.0000
0.0000,0.0000
0.0000,0.0000
0.0000,0.0000
0.0000,0.0000
0.0000,0.0000
0.0000,0.0000
0.0000,0.0000
0.0000,0.0000
0.0000,0.0000
0.0000,0.0000
0.0000,0.0000
0.0000,0.0000
0.0000,0.0000
0.0000,0.0000
0.0000,0.0000
0.0000,0.0000
0.0000,0.0000
0.0000,0.0000
0.0000,0.0000
0.0000,0.0000
0.0000,0.0000
0.0000,0.0000
0.0000,0.0000
0.0000,0.0000
0.0000,0.0000
0.0000,0.0000
0.0000,0.0000
0.0000,0.0000
0.0000,0.0000
0.0000,0.0000
0.0000,0.0000
0.0000,0.0000
0.0000,0.0000
0.0000,0.0000
0.0000,0.0000
0.0000,0.0000
0.0000,0.0000
0.0000,0.0000
0.0000,0.0000
0.0000,0.0000
0.0000,0.0000
0.0000,0.0000
0.0000,0.0000
0.0000,0.0000
0.0000,0.0000
0.0000,0.0000
0.0000,0.0000
0.0000,0.0000
0.0000,0.0000
0.0000,0.0000
0.0000,0.0000
0.0000,0.0000
0.0000,0.0000
0.0000,0.0000
0.0000,0.0000
0.0000,0.0000
0.0000,0.0000
0.0000,0.0000
0.0000,0.0000
0.0000,0.0000
0.0000,0.0000
0.0000,0.0000
0.0000,0.0000
0.0000,0.0000
0.0000,0.0000
0.0000,0.0000
0.0000,0.0000
0.0000,0.0000
0.0000,0.0000
0.0000,0.0000
0.0000,0.0000
0.0000,0.0000
0.0000,0.0000
0.0000,0.0000
0.0000,0.0000
0.0000,0.0000
0.0000,0.0000
0.0000,0.0000
0.0000,0.0000
0.0000,0.0000
0.0000,0.0000
0.0000,0.0000
0.0000,0.0000
0.0000,0.0000
0.0000,0.0000
0.0000,0.0000
0.0000,0.0000
0.0000,0.0000
0.0000,0.0000
0.0000,0.0000
0.0000,0.0000
0.0000,0.0000
0.0000,0.0000
0.0000,0.0000
0.0000,0.0000
0.0000,0.0000
0.0000,0.0000
0.0000,0.0000
0.0000,0.0000
0.0000,0.0000
0.0000,0.0000
0.0000,0.0000
0.0000,0.0000
0.0000,0.0000
0.0000,0.0000
0.0000,0.0000
0.0000,0.0000
0.0000,0.0000
0.0000,0.0000
0.0000,0.0000
0.0000,0.0000
0.0000,0.0000
0.0000,0.0000
0.0000,0.0000
0.0000,0.0000
0.0000,0.0000
0.0000,0.0000
0.0000,0.0000
0.0000,0.0000
0.0000,0.0000
0.0000,0.0000
0.0000,0.0000
0.0000,0.0000
0.0000,0.0000
0.0000,0.0000
0.0000,0.0000
0.0000,0.0000
0.0000,0.0000
0.0000,0.0000
0.0000,0.0000
0.0000,0.0000
0.0000,0.0000
0.0000,0.0000
0.0000,0.0000
0.0000,0.0000
0.0000,0.0000
0.0000,0.0000
0.0000,0.0000
0.0000,0.0000
0.0000,0.0000
0.0000,0.0000
0.0000,0.0000
0.0000,0.0000
0.0000,0.0000
0.0000,0.0000
0.0000,0.0000
0.0000,0.0000
0.0000,0.0000
0.0000,0.0000
0.0000,0.0000
0.0000,0.0000
0.0000,0.0000
0.0000,0.0000
0.0000,0.0000
0.0000,0.0000
0.0000,0.0000
0.0000,0.0000
0.0000,0.0000
0.0000,0.0000
0.0000,0.0000
0.0000,0.0000
0.0000,0.0000
0.0000,0.0000
0.0000,0.0000
0.0000,0.0000
0.0000,0.0000
0.0000,0.0000
0.0000,0.0000
0.0000,0.0000
0.0000,0.0000
0.0000,0.0000
0.0000,0.0000
0.0000,0.0000
0.0000,0.0000
0.0000,0.0000
0.0000,0.0000
0.0000,0.0000
0.0000,0.0000
0.0000,0.0000
0.0000,0.0000
0.0000,0.0000
0.0000,0.0000
0.0000,0.0000
0.0000,0.0000
0.0000,0.0000
0.0000,0.0000
0.0000,0.0000
0.0000,0.0000
0.0000,0.0000
0.0000,0.0000
0.0000,0.0000
0.0000,0.0000
0.0000,0.0000
0.0000,0.0000
0.0000,0.0000
0.0000,0.0000
0.0000,0.0000
0.0000,0.0000
0.0000,0.0000
0.0000,0.0000
0.0000,0.0000
0.0000,0.0000
0.0000,0.0000
0.0000,0.0000
0.0000,0.0000
0.0000,0.0000
0.0000,0.0000
0.0000,0.0000
0.0000,0.0000
0.0000,0.0000
0.0000,0.0000
0.0000,0.0000
0.0000,0.0000
0.0000,0.0000
0.0000,0.0000
0.0000,0.0000
0.0000,0.0000
0.0000,0.0000
0.0000,0.0000
0.0000,0.0000
0.0000,0.0000
0.0000,0.0000
0.0000,0.0000
0.0000,0.0000
0.0000,0.0000
0.0000,0.0000
0.0000,0.0000
0.0000,0.0000
0.0000,0.0000
0.0000,0.0000
0.0000,0.0000
0.0000,0.0000
0.0000,0.0000
0.0000,0.0000
0.0000,0.0000
0.0000,0.0000
0.0000,0.0000
0.0000,0.0000
0.0000,0.0000
0.0000,0.0000
0.0000,0.0000
0.0000,0.0000
0.0000,0.0000
0.0000,0.0000
0.0000,0.0000
0.0000,0.0000
0.0000,0.0000
0.0000,0.0000
0.0000,0.0000
0.0000,0.0000
0.0000,0.0000
0.0000,0.0000
0.0000,0.0000
0.0000,0.0000
0.0000,0.0000
0.0000,0.0000
0.0000,0.0000
0.0000,0.0000
0.0000,0.0000
0.0000,0.0000
0.0000,0.0000
0.0000,0.0000
0.0000,0.0000
0.0000,0.0000
0.0000,0.0000
0.0000,0.0000
0.0000,0.0000
0.0000,0.0000
0.0000,0.0000
0.0000,0.0000
0.0000,0.0000
0.0000,0.0000
0.0000,0.0000
0.0000,0.0000
0.0000,0.0000
0.0000,0.0000
0.0000,0.0000
0.0000,0.0000
0.0000,0.0000
0.0000,0.0000
0.0000,0.0000
0.0000,0.0000
0.0000,0.0000
0.0000,0.0000
0.0000,0.0000
0.0000,0.0000
0.0000,0.0000
0.0000,0.0000
0.0000,0.0000
0.0000,0.0000
0.0000,0.0000
0.0000,0.0000
0.0000,0.0000
0.0000,0.0000
0.0000,0.0000
0.0000,0.0000
0.0000,0.0000
0.0000,0.0000
0.0000,0.0000
0.0000,0.0000
0.0000,0.0000
0.0000,0.0000
0.0000,0.0000
0.0000,0.0000
0.0000,0.0000
0.0000,0.0000
0.0000,0.0000
0.0000,0.0000
0.0000,0.0000
0.0000,0.0000
0.0000,0.0000
0.0000,0.0000
0.0000,0.0000
0.0000,0.0000
0.0000,0.0000
0.0000,0.0000
0.0000,0.0000
0.0000,0.0000
0.0000,0.0000
0.0000,0.0000
0.0000,0.0000
0.0000,0.0000
0.0000,0.0000
0.0000,0.0000
0.0000,0.0000
0.0000,0.0000
0.0000,0.0000
0.0000,0.0000
0.0000,0.0000
0.0000,0.0000
0.0000,0.0000
0.0000,0.0000
0.0000,0.0000
0.0000,0.0000
0.0000,0.0000
0.0000,0.0000
0.0000,0.0000
0.0000,0.0000
0.0000,0.0000
0.0000,0.0000
0.0000,0.0000
0.0000,0.0000
0.0000,0.0000
0.0000,0.0000
0.0000,0.0000
0.0000,0.0000
0.0000,0.0000
0.0000,0.0000
0.0000,0.0000
0.0000,0.0000
0.0000,0.0000
0.0000,0.0000
0.0000,0.0000
0.0000,0.0000
0.0000,0.0000
0.0000,0.0000
0.0000,0.0000
0.0000,0.0000
0.0000,0.0000
0.0000,0.0000
0.0000,0.0000
0.0000,0.0000
0.0000,0.0000
0.0000,0.0000
0.0000,0.0000
0.0000,0.0000
0.0000,0.0000
0.0000,0.0000
0.0000,0.0000
0.0000,0.0000
0.0000,0.0000
0.0000,0.0000
0.0000,0.0000
0.0000,0.0000
0.0000,0.0000
0.0000,0.0000
0.0000,0.0000
0.0000,0.0000
0.0000,0.0000
0.0000,0.0000
0.0000,0.0000
0.0000,0.0000
0.0000,0.0000
0.0000,0.0000
0.0000,0.0000
0.0000,0.0000
0.0000,0.0000
0.0000,0.0000
0.0000,0.0000
0.0000,0.0000
0.0000,0.0000
0.0000,0.0000
0.0000,0.0000
0.0000,0.0000
0.0000,0.0000
0.0000,0.0000
0.0000,0.0000
0.0000,0.0000
0.0000,0.0000
0.0000,0.0000
0.0000,0.0000
0.0000,0.0000
0.0000,0.0000
0.0000,0.0000
0.0000,0.0000
0.0000,0.0000
0.0000,0.0000
0.0000,0.0000
0.0000,0.0000
0.0000,0.0000
0.0000,0.0000
0.0000,0.0000
0.0000,0.0000
0.0000,0.0000
0.0000,0.0000
0.0000,0.0000
0.0000,0.0000
0.0000,0.0000
0.0000,0.0000
0.0000,0.0000
0.0000,0.0000
0.0000,0.0000
0.0000,0.0000
0.0000,0.0000
0.0000,0.0000
0.0000,0.0000
0.0000,0.0000
0.0000,0.0000
0.0000,0.0000
0.0000,0.0000
0.0000,0.0000
0.0000,0.0000
0.0000,0.0000
0.0000,0.0000
0.0000,0.0000
0.0000,0.0000
0.0000,0.0000
0.0000,0.0000
0.0000,0.0000
0.0000,0.0000
0.0000,0.0000
0.0000,0.0000
0.0000,0.0000
0.0000,0.0000
0.0000,0.0000
0.0000,0.0000
0.0000,0.0000
0.0000,0.0000
0.0000,0.0000
0.0000,0.0000
0.0000,0.0000
0.0000,0.0000
0.0000,0.0000
0.0000,0.0000
0.0000,0.0000
0.0000,0.0000
0.0000,0.0000
0.0000,0.0000
0.0000,0.0000
0.0000,0.0000
0.0000,0.0000
0.0000,0.0000
0.0000,0.0000
0.0000,0.0000
0.0000,0.0000
0.0000,0.0000
0.0000,0.0000
0.0000,0.0000
0.0000,0.0000
0.0000,0.0000
0.0000,0.0000
0.0000,0.0000
0.0000,0.0000
0.0000,0.0000
0.0000,0.0000
0.0000,0.0000
0.0000,0.0000
0.0000,0.0000
0.0000,0.0000
0.0000,0.0000
0.0000,0.0000
0.0000,0.0000
0.0000,0.0000
0.0000,0.0000
0.0000,0.0000
0.0000,0.0000
0.0000,0.0000
0.0000,0.0000
0.0000,0.0000
0.0000,0.0000
0.0000,0.0000
0.0000,0.0000
0.0000,0.0000
0.0000,0.0000
0.0000,0.0000
0.0000,0.0000
0.0000,0.0000
0.0000,0.0000
0.0000,0.0000
0.0000,0.0000
0.0000,0.0000
0.0000,0.0000
0.0000,0.0000
0.0000,0.0000
0.0000,0.0000
0.0000,0.0000
0.0000,0.0000
0.0000,0.0000
0.0000,0.0000
0.0000,0.0000
0.0000,0.0000
0.0000,0.0000
0.0000,0.0000
0.0000,0.0000
0.0000,0.0000
0.0000,0.0000
0.0000,0.0000
0.0000,0.0000
0.0000,0.0000
0.0000,0.0000
0.0000,0.0000
0.0000,0.0000
0.0000,0.0000
0.0000,0.0000
0.0000,0.0000
0.0000,0.0000
0.0000,0.0000
0.0000,0.0000
0.0000,0.0000
0.0000,0.0000
0.0000,0.0000
0.0000,0.0000
0.0000,0.0000
0.0000,0.0000
0.0000,0.0000
0.0000,0.0000
0.0000,0.0000
0.0000,0.0000
0.0000,0.0000
0.0000,0.0000
0.0000,0.0000
0.0000,0.0000
0.0000,0.0000
0.0000,0.0000
0.0000,0.0000
0.0000,0.0000
0.0000,0.0000
0.0000,0.0000
0.0000,0.0000
0.0000,0.0000
0.0000,0.0000
0.0000,0.0000
0.0000,0.0000
0.0000,0.0000
0.0000,0.0000
0.0000,0.0000
0.0000,0.0000
0.0000,0.0000
0.0000,0.0000
0.0000,0.0000
0.0000,0.0000
0.0000,0.0000
0.0000,0.0000
0.0000,0.0000
0.0000,0.0000
0.0000,0.0000
0.0000,0.0000
0.0000,0.0000
0.0000,0.0000
0.0000,0.0000
0.0000,0.0000
0.0000,0.0000
0.0000,0.0000
0.0000,0.0000
0.0000,0.0000
0.0000,0.0000
0.0000,0.0000
0.0000,0.0000
0.0000,0.0000
0.0000,0.0000
0.0000,0.0000
0.0000,0.0000
0.0000,0.0000
0.0000,0.0000
0.0000,0.0000
0.0000,0.0000
0.0000,0.0000
0.0000,0.0000
0.0000,0.0000
0.0000,0.0000
0.0000,0.0000
0.0000,0.0000
0.0000,0.0000
0.0000,0.0000
0.0000,0.0000
0.0000,0.0000
0.0000,0.0000
0.0000,0.0000
0.0000,0.0000
0.0000,0.0000
0.0000,0.0000
0.0000,0.0000
0.0000,0.0000
0.0000,0.0000
0.0000,0.0000
0.0000,0.0000
0.0000,0.0000
0.0000,0.0000
0.0000,0.0000
0.0000,0.0000
0.0000,0.0000
0.0000,0.0000
0.0000,0.0000
0.0000,0.0000
0.0000,0.0000
0.0000,0.0000
0.0000,0.0000
0.0000,0.0000
0.0000,0.0000
0.0000,0.0000
0.0000,0.0000
0.0000,0.0000
0.0000,0.0000
0.0000,0.0000
0.0000,0.0000
0.0000,0.0000
0.0000,0.0000
0.0000,0.0000
0.0000,0.0000
0.0000,0.0000
0.0000,0.0000
0.0000,0.0000
0.0000,0.0000
0.0000,0.0000
0.0000,0.0000
0.0000,0.0000
0.0000,0.0000
0.0000,0.0000
0.0000,0.0000
0.0000,0.0000
0.0000,0.0000
0.0000,0.0000
0.0000,0.0000
0.0000,0.0000
0.0000,0.0000
0.0000,0.0000
0.0000,0.0000
0.0000,0.0000
0.0000,0.0000
0.0000,0.0000
0.0000,0.0000
0.0000,0.0000
0.0000,0.0000
0.0000,0.0000
0.0000,0.0000
0.0000,0.0000
0.0000,0.0000
0.0000,0.0000
0.0000,0.0000
0.0000,0.0000
0.0000,0.0000
0.0000,0.0000
0.0000,0.0000
0.0000,0.0000
0.0000,0.0000
0.0000,0.0000
0.0000,0.0000
0.0000,0.0000
0.0000,0.0000
0.0000,0.0000
0.0000,0.0000
0.0000,0.0000
0.0000,0.0000
0.0000,0.0000
0.0000,0.0000
0.0000,0.0000
0.0000,0.0000
0.0000,0.0000
0.0000,0.0000
0.0000,0.0000
0.0000,0.0000
0.0000,0.0000
0.0000,0.0000
0.0000,0.0000
0.0000,0.0000
0.0000,0.0000
0.0000,0.0000
0.0000,0.0000
0.0000,0.0000
0.0000,0.0000
0.0000,0.0000
0.0000,0.0000
0.0000,0.0000
0.0000,0.0000
0.0000,0.0000
0.0000,0.0000
0.0000,0.0000
0.0000,0.0000
0.0000,0.0000
0.0000,0.0000
0.0000,0.0000
0.0000,0.0000
0.0000,0.0000
0.0000,0.0000
0.0000,0.0000
0.0000,0.0000
0.0000,0.0000
0.0000,0.0000
0.0000,0.0000
0.0000,0.0000
0.0000,0.0000
0.0000,0.0000
0.0000,0.0000
0.0000,0.0000
0.0000,0.0000
0.0000,0.0000
0.0000,0.0000
0.0000,0.0000
0.0000,0.0000
0.0000,0.0000
0.0000,0.0000
0.0000,0.0000
0.0000,0.0000
0.0000,0.0000
0.0000,0.0000
0.0000,0.0000
0.0000,0.0000
0.0000,0.0000
0.0000,0.0000
0.0000,0.0000
0.0000,0.0000
0.0000,0.0000
0.0000,0.0000
0.0000,0.0000
0.0000,0.0000
0.0000,0.0000
0.0000,0.0000
0.0000,0.0000
0.0000,0.0000
0.0000,0.0000
0.0000,0.0000
0.0000,0.0000
0.0000,0.0000
0.0000,0.0000
0.0000,0.0000
0.0000,0.0000
-2.2212
-1.9089
-1.7316
-1.6180
-1.5459
-1.4993
-1.4778
-1.4722
-1.4051
-1.3898
-1.3550
-1.3373
-1.2815
-1.2634
-1.1819
-1.1724
-1.1504
-1.1034
-1.0856
-1.0573
-0.9985
-0.9725
-0.9339
-0.9138
-0.8893
-0.8848
-0.8789
-0.8774
-0.8334
-0.8312
-0.8223
-0.8100
-0.7925
-0.7904
-0.7832
-0.7818
-0.7682
-0.7580
-0.7456
-0.7391
-0.7292
-0.7190
-0.7003
-0.6802
-0.6680
-0.6631
-0.6586
-0.6576
-0.6398
-0.6347
-0.6227
-0.6137
-0.6088
-0.5723
-0.5610
-0.5608
-0.5436
-0.5334
-0.5296
-0.5285
-0.5282
-0.5235
-0.5154
-0.5119
-0.5058
-0.4999
-0.4989
-0.4906
-0.4899
-0.4868
-0.4824
-0.4651
-0.4627
-0.4521
-0.4331
-0.4121
-0.4039
-0.4016
-0.3848
-0.3842
-0.3841
-0.3789
-0.3754
-0.3666
-0.3617
-0.3612
-0.3537
-0.3521
-0.3512
-0.3499
-0.3493
-0.3483
-0.3437
-0.3425
-0.3411
-0.3406
-0.3341
-0.3228
-0.3225
-0.3213
-0.3201
-0.3006
-0.2927
-0.2769
-0.2749
-0.2746
-0.2615
-0.2608
-0.2509
-0.2509
-0.2488
-0.2448
-0.2390
-0.2377
-0.2348
-0.2290
-0.2287
-0.2283
-0.2243
-0.2237
-0.2234
-0.2225
-0.2222
-0.2190
-0.2189
-0.2092
-0.1978
-0.1862
-0.1732
-0.1706
-0.1656
-0.1649
-0.1630
-0.1592
-0.1590
-0.1577
-0.1515
-0.1480
-0.1466
-0.1457
-0.1454
-0.1394
-0.1322
-0.1277
-0.1181
-0.1173
-0.1121
-0.1075
-0.1030
-0.0997
-0.0943
-0.0925
-0.0911
-0.0885
-0.0794
-0.0784
-0.0760
-0.0719
-0.0685
-0.0651
-0.0607
-0.0544
-0.0491
-0.0461
-0.0412
-0.0323
-0.0310
-0.0300
-0.0258
-0.0231
-0.0230
-0.0081
-0.0072
-0.0035
-0.0010
0.0011
0.0013
0.0063
0.0088
0.0101
0.0109
0.0139
0.0163
0.0181
0.0298
0.0313
0.0333
0.0437
0.0502
0.0531
0.0546
0.0587
0.0589
0.0618
0.0650
0.0664
0.0710
0.0717
0.0816
0.0862
0.0899
0.0912
0.0939
0.0961
0.0998
0.1022
0.1036
0.1078
0.1081
0.1095
0.1124
0.1140
0.1213
0.1240
0.1256
0.1328
0.1407
0.1429
0.1524
0.1528
0.1535
0.1587
0.1673
0.1742
0.1805
0.1862
0.1890
0.1909
0.1944
0.1945
0.1960
0.1992
0.2017
0.2024
0.2027
0.2031
0.2036
0.2061
0.2103
0.2125
0.2130
0.2161
0.2232
0.2296
0.2334
0.2366
0.2382
0.2429
0.2443
0.2478
0.2491
0.2493
0.2497
0.2523
0.2529
0.2551
0.2572
0.2582
0.2589
0.2684
0.2715
0.2766
0.2780
0.2785
0.2817
0.2826
0.2851
0.2866
0.2869
0.2875
0.2898
0.2921
0.2958
0.2976
0.2986
0.2991
0.3035
0.3047
0.3062
0.3118
0.3124
0.3132
0.3155
0.3160
0.3202
0.3276
0.3311
0.3356
0.3374
0.3384
0.3411
0.3440
0.3471
0.3479
0.3494
0.3498
0.3540
0.3560
0.3580
0.3580
0.3588
0.3614
0.3615
0.3739
0.3740
0.3756
0.3814
0.3849
0.3976
0.3986
0.3988
0.3994
0.3994
0.4037
0.4054
0.4059
0.4076
0.4090
0.4136
0.4218
0.4244
0.4263
0.4284
0.4297
0.4319
0.4322
0.4356
0.4372
0.4395
0.4395
0.4406
0.4415
0.4417
0.4423
0.4439
0.4439
0.4447
0.4450
0.4478
0.4484
0.4500
0.4533
0.4569
0.4614
0.4676
0.4740
0.4741
0.4751
0.4773
0.4782
0.4793
0.4802
0.4822
0.4858
0.4869
0.4888
0.4900
0.4902
0.4920
0.4927
0.5003
0.5011
0.5034
0.5037
0.5045
0.5067
0.5107
0.5149
0.5170
0.5173
0.5185
0.5203
0.5217
0.5252
0.5267
0.5279
0.5284
0.5351
0.5410
0.5460
0.5532
0.5532
0.5552
0.5557
0.5583
0.5589
0.5604
0.5626
0.5677
0.5685
0.5687
0.5692
0.5724
0.5724
0.5763
0.5777
0.5804
0.5807
0.5822
0.5824
0.5864
0.5886
0.5926
0.5968
0.5970
0.6032
0.6068
0.6076
0.6159
0.6174
0.6192
0.6232
0.6266
0.6311
0.6343
0.6369
0.6370
0.6446
0.6463
0.6463
0.6571
0.6579
0.6589
0.6601
0.6620
0.6626
0.6632
0.6633
0.6663
0.6701
0.6759
0.6766
0.6796
0.6881
0.6953
0.6964
0.6975
0.7000
0.7003
0.7005
0.7006
0.7020
0.7039
0.7056
0.7067
0.7080
0.7098
0.7130
0.7145
0.7151
0.7151
0.7151
0.7153
0.7167
0.7171
0.7209
0.7218
0.7309
0.7311
0.7413
0.7413
0.7435
0.7440
0.7461
0.7472
0.7475
0.7498
0.7539
0.7609
0.7632
0.7689
0.7717
0.7737
0.7743
0.7748
0.7801
0.7801
0.7842
0.7859
0.7927
0.7928
0.7944
0.7962
0.7978
0.8018
0.8023
0.8048
0.8084
0.8110
0.8112
0.8132
0.8133
0.8141
0.8153
0.8162
0.8167
0.8181
0.8209
0.8244
0.8261
0.8276
0.8353
0.8360
0.8395
0.8424
0.8425
0.8425
0.8452
0.8456
0.8551
0.8569
0.8576
0.8577
0.8591
0.8593
0.8596
0.8617
0.8622
0.8679
0.8707
0.8734
0.8807
0.8808
0.8828
0.8845
0.8850
0.8850
0.8903
0.8910
0.8946
0.8984
0.9022
0.9043
0.9062
0.9149
0.9157
0.9180
0.9230
0.9239
0.9240
0.9245
0.9349
0.9386
0.9402
0.9485
0.9511
0.9513
0.9591
0.9612
0.9660
0.9682
0.9686
0.9700
0.9710
0.9717
0.9721
0.9809
0.9845
0.9853
0.9853
0.9891
0.9899
0.9925
0.9945
1.0018
1.0082
1.0099
1.0153
1.0161
1.0183
1.0188
1.0220
1.0251
1.0265
1.0267
1.0319
1.0403
1.0435
1.0461
1.0472
1.0534
1.0535
1.0535
1.0539
1.0596
1.0645
1.0713
1.0736
1.0925
1.0929
1.0989
1.0994
1.0997
1.1010
1.1019
1.1070
1.1120
1.1131
1.1140
1.1148
1.1154
1.1165
1.1169
1.1170
1.1194
1.1201
1.1255
1.1285
1.1292
1.1352
1.1360
1.1375
1.1386
1.1435
1.1476
1.1549
1.1554
1.1580
1.1589
1.1702
1.1763
1.1796
1.1843
1.1846
1.1854
1.1866
1.1886
1.1928
1.1941
1.1945
1.1958
1.1975
1.2010
1.2039
1.2072
1.2115
1.2120
1.2127
1.2294
1.2294
1.2296
1.2325
1.2347
1.2349
1.2372
1.2372
1.2380
1.2381
1.2407
1.2441
1.2511
1.2522
1.2573
1.2597
1.2703
1.2733
1.2749
1.2772
1.2817
1.2865
1.2908
1.2911
1.2918
1.2939
1.3005
1.3083
1.3125
1.3128
1.3135
1.3185
1.3231
1.3281
1.3306
1.3338
1.3348
1.3383
1.3403
1.3426
1.3478
1.3543
1.3622
1.3655
1.3710
1.3727
1.3756
1.3805
1.3808
1.3822
1.3849
1.3882
1.3886
1.4042
1.4048
1.4076
1.4093
1.4099
1.4118
1.4123
1.4123
1.4130
1.4193
1.4229
1.4263
1.4272
1.4297
1.4313
1.4321
1.4345
1.4366
1.4386
1.4420
1.4424
1.4448
1.4457
1.4477
1.4503
1.4515
1.4521
1.4647
1.4682
1.4710
1.4717
1.4718
1.4751
1.4811
1.4884
1.4897
1.4910
1.4947
1.5002
1.5023
1.5037
1.5079
1.5082
1.5117
1.5131
1.5167
1.5187
1.5191
1.5269
1.5298
1.5336
1.5341
1.5365
1.5383
1.5384
1.5395
1.5415
1.5425
1.5453
1.5463
1.5463
1.5488
1.5542
1.5560
1.5579
1.5593
1.5755
1.5823
1.5858
1.5896
1.5904
1.5930
1.5939
1.5951
1.5990
1.5994
1.6030
1.6049
1.6102
1.6166
1.6208
1.6251
1.6282
1.6299
1.6374
1.6419
1.6425
1.6547
1.6552
1.6565
1.6565
1.6607
1.6683
1.6709
1.6781
1.6790
1.6871
1.6895
1.7051
1.7068
1.7074
1.7114
1.7119
1.7232
1.7245
1.7333
1.7429
1.7486
1.7487
1.7503
1.7515
1.7541
1.7575
1.7650
1.7660
1.7666
1.7724
1.7727
1.7757
1.7763
1.7767
1.7771
1.7836
1.7886
1.7993
1.8024
1.8054
1.8057
1.8061
1.8208
1.8259
1.8312
1.8325
1.8362
1.8372
1.8401
1.8411
1.8513
1.8533
1.8599
1.8605
1.8634
1.8651
1.8770
1.8824
1.8923
1.8945
1.8955
1.8962
1.9017
1.9064
1.9121
1.9152
1.9180
1.9213
1.9243
1.9252
1.9292
1.9379
1.9387
1.9398
1.9460
1.9510
1.9555
1.9690
1.9700
1.9724
1.9815
1.9855
1.9879
1.9954
2.0005
2.0105
2.0123
2.0201
2.0243
2.0285
2.0318
2.0512
2.0573
2.0601
2.0632
2.0639
2.0692
2.0712
2.0815
2.0998
2.1062
2.1125
2.1161
2.1264
2.1364
2.1531
2.1550
2.1634
2.1785
2.1793
2.1808
2.1832
2.1887
2.1938
2.1982
2.2135
2.2141
2.2245
2.2314
2.2437
2.2495
2.2497
2.2529
2.2533
2.2598
2.2754
2.2760
2.2791
2.2870
2.2895
2.2909
2.2925
2.2985
2.3091
2.3241
2.3467
2.3481
2.3545
2.3723
2.4214
2.4285
2.4298
2.4327
2.4618
2.4648
2.4666
2.4735
2.4773
2.4779
2.4873
2.4902
2.5605
2.5635
2.5832
2.5849
2.5864
2.6023
2.6067
2.6099
2.6135
2.6222
2.6618
2.6947
2.7043
2.7065
2.7131
2.7511
2.7522
2.7536
2.7812
2.8107
2.8306
2.8510
2.8525
2.8597
2.8878
2.8992
2.9228
2.9238
2.9308
2.9637
2.9874
3.0001
3.0032
3.0223
3.0271
3.0310
3.0497
3.0538
3.0646
3.1064
3.1847
3.2029
3.2283
3.2554
3.2716
3.3017
3.3251
3.3830
3.3981
3.4205
3.4228
3.4555
3.4574
3.4692
3.5286
3.5502
3.5722
3.5855
3.5894
3.5973
3.6295
3.6505
3.6836
3.6846
3.7689
3.8259
4.1166
4.1364
4.2797
4.4014
4.5654
