1000
1000
-1.7956,0.2197
-1.7003,0.2171
-1.4769,0.1737
-1.3193,0.1612
-1.2030,0.1544
-1.1135,0.1504
-1.0419,0.1468
-0.9831,0.1434
-0.9331,0.1393
-0.8901,0.1354
-0.8526,0.1322
-0.8199,0.1293
-0.7908,0.1268
-0.7646,0.1246
-0.7407,0.1222
-0.7188,0.1198
-0.6985,0.1177
-0.6799,0.1154
-0.6626,0.1133
-0.6466,0.1114
-0.6316,0.1096
-0.6177,0.1079
-0.6047,0.1064
-0.5925,0.1048
-0.5810,0.1033
-0.5701,0.1019
-0.5600,0.1007
-0.5503,0.0994
-0.5411,0.0981
-0.5323,0.0969
-0.5240,0.0958
-0.5160,0.0947
-0.5085,0.0937
-0.5012,0.0928
-0.4944,0.0919
-0.4878,0.0910
-0.4814,0.0902
-0.4753,0.0894
-0.4695,0.0887
-0.4638,0.0879
-0.4584,0.0872
-0.4532,0.0865
-0.4481,0.0859
-0.4432,0.0852
-0.4384,0.0846
-0.4338,0.0839
-0.4293,0.0833
-0.4250,0.0827
-0.4208,0.0822
-0.4167,0.0817
-0.4128,0.0811
-0.4089,0.0806
-0.4051,0.0800
-0.4014,0.0795
-0.3979,0.0789
-0.3944,0.0784
-0.3910,0.0779
-0.3877,0.0775
-0.3845,0.0770
-0.3814,0.0766
-0.3783,0.0761
-0.3754,0.0757
-0.3724,0.0753
-0.3696,0.0749
-0.3668,0.0745
-0.3640,0.0741
-0.3614,0.0737
-0.3587,0.0733
-0.3562,0.0730
-0.3537,0.0726
-0.3512,0.0722
-0.3488,0.0719
-0.3464,0.0715
-0.3441,0.0712
-0.3419,0.0709
-0.3396,0.0705
-0.3375,0.0702
-0.3353,0.0698
-0.3332,0.0695
-0.3311,0.0692
-0.3291,0.0689
-0.3271,0.0686
-0.3252,0.0683
-0.3232,0.0680
-0.3214,0.0677
-0.3195,0.0673
-0.3177,0.0671
-0.3159,0.0668
-0.3141,0.0665
-0.3124,0.0662
-0.3107,0.0659
-0.3090,0.0657
-0.3073,0.0654
-0.3057,0.0651
-0.3041,0.0648
-0.3025,0.0646
-0.3009,0.0643
-0.2994,0.0640
-0.2979,0.0638
-0.2964,0.0635
-0.2949,0.0633
-0.2935,0.0630
-0.2921,0.0628
-0.2907,0.0625
-0.2893,0.0623
-0.2879,0.0621
-0.2866,0.0618
-0.2853,0.0616
-0.2840,0.0614
-0.2827,0.0612
-0.2814,0.0610
-0.2802,0.0608
-0.2789,0.0605
-0.2777,0.0603
-0.2765,0.0601
-0.2753,0.0599
-0.2742,0.0597
-0.2730,0.0595
-0.2719,0.0593
-0.2707,0.0591
-0.2696,0.0589
-0.2685,0.0587
-0.2674,0.0585
-0.2664,0.0583
-0.2653,0.0581
-0.2642,0.0579
-0.2632,0.0577
-0.2622,0.0575
-0.2611,0.0573
-0.2601,0.0571
-0.2591,0.0569
-0.2582,0.0568
-0.2572,0.0566
-0.2562,0.0564
-0.2553,0.0562
-0.2544,0.0561
-0.2534,0.0559
-0.2525,0.0557
-0.2516,0.0556
-0.2507,0.0554
-0.2498,0.0552
-0.2489,0.0551
-0.2480,0.0549
-0.2472,0.0548
-0.2463,0.0546
-0.2455,0.0545
-0.2446,0.0543
-0.2438,0.0541
-0.2429,0.0540
-0.2421,0.0539
-0.2413,0.0537
-0.2405,0.0536
-0.2397,0.0534
-0.2389,0.0533
-0.2381,0.0531
-0.2374,0.0530
-0.2366,0.0529
-0.2358,0.0527
-0.2351,0.0526
-0.2343,0.0524
-0.2336,0.0523
-0.2328,0.0522
-0.2321,0.0520
-0.2314,0.0519
-0.2307,0.0518
-0.2300,0.0516
-0.2293,0.0515
-0.2286,0.0514
-0.2279,0.0512
-0.2272,0.0511
-0.2265,0.0510
-0.2258,0.0508
-0.2251,0.0507
-0.2245,0.0506
-0.2238,0.0505
-0.2232,0.0503
-0.2225,0.0502
-0.2219,0.0501
-0.2212,0.0500
-0.2206,0.0498
-0.2200,0.0497
-0.2194,0.0496
-0.2187,0.0495
-0.2181,0.0494
-0.2175,0.0493
-0.2169,0.0491
-0.2163,0.0490
-0.2157,0.0489
-0.2151,0.0488
-0.2146,0.0487
-0.2140,0.0486
-0.2134,0.0485
-0.2128,0.0484
-0.2123,0.0483
-0.2117,0.0482
-0.2112,0.0480
-0.2106,0.0479
-0.2101,0.0478
-0.2095,0.0477
-0.2090,0.0476
-0.2085,0.0475
-0.2079,0.0474
-0.2074,0.0473
-0.2069,0.0472
-0.2064,0.0471
-0.2059,0.0470
-0.2054,0.0469
-0.2049,0.0468
-0.2044,0.0467
-0.2039,0.0466
-0.2034,0.0465
-0.2029,0.0464
-0.2024,0.0463
-0.2019,0.0463
-0.2014,0.0462
-0.2010,0.0461
-0.2005,0.0460
-0.2000,0.0459
-0.1996,0.0458
-0.1991,0.0457
-0.1986,0.0456
-0.1982,0.0456
-0.1977,0.0455
-0.1973,0.0454
-0.1968,0.0453
-0.1964,0.0452
-0.1960,0.0451
-0.1955,0.0451
-0.1951,0.0450
-0.1946,0.0449
-0.1942,0.0448
-0.1938,0.0447
-0.1934,0.0447
-0.1930,0.0446
-0.1925,0.0445
-0.1921,0.0444
-0.1917,0.0443
-0.1913,0.0443
-0.1909,0.0442
-0.1905,0.0441
-0.1901,0.0440
-0.1897,0.0440
-0.1893,0.0439
-0.1889,0.0438
-0.1885,0.0437
-0.1881,0.0437
-0.1877,0.0436
-0.1874,0.0435
-0.1870,0.0435
-0.1866,0.0434
-0.1862,0.0433
-0.1858,0.0432
-0.1855,0.0432
-0.1851,0.0431
-0.1847,0.0430
-0.1844,0.0430
-0.1840,0.0429
-0.1836,0.0428
-0.1833,0.0428
-0.1829,0.0427
-0.1825,0.0426
-0.1822,0.0425
-0.1818,0.0425
-0.1815,0.0424
-0.1811,0.0423
-0.1808,0.0423
-0.1804,0.0422
-0.1801,0.0421
-0.1798,0.0421
-0.1794,0.0420
-0.1791,0.0419
-0.1788,0.0419
-0.1784,0.0418
-0.1781,0.0417
-0.1778,0.0417
-0.1774,0.0416
-0.1771,0.0415
-0.1768,0.0415
-0.1764,0.0414
-0.1761,0.0414
-0.1758,0.0413
-0.1755,0.0412
-0.1752,0.0412
-0.1748,0.0411
-0.1745,0.0410
-0.1742,0.0410
-0.1739,0.0409
-0.1736,0.0408
-0.1733,0.0408
-0.1730,0.0407
-0.1727,0.0406
-0.1724,0.0406
-0.1721,0.0405
-0.1718,0.0404
-0.1715,0.0404
-0.1712,0.0403
-0.1709,0.0402
-0.1706,0.0402
-0.1703,0.0401
-0.1700,0.0401
-0.1697,0.0400
-0.1694,0.0399
-0.1691,0.0399
-0.1689,0.0398
-0.1686,0.0397
-0.1683,0.0397
-0.1680,0.0396
-0.1677,0.0396
-0.1674,0.0395
-0.1672,0.0394
-0.1669,0.0394
-0.1666,0.0393
-0.1663,0.0393
-0.1661,0.0392
-0.1658,0.0392
-0.1655,0.0391
-0.1653,0.0390
-0.1650,0.0390
-0.1647,0.0389
-0.1645,0.0389
-0.1642,0.0388
-0.1639,0.0388
-0.1637,0.0387
-0.1634,0.0386
-0.1631,0.0386
-0.1629,0.0385
-0.1626,0.0385
-0.1624,0.0384
-0.1621,0.0384
-0.1619,0.0383
-0.1616,0.0383
-0.1614,0.0382
-0.1611,0.0382
-0.1609,0.0381
-0.1606,0.0380
-0.1604,0.0380
-0.1601,0.0379
-0.1599,0.0379
-0.1596,0.0378
-0.1594,0.0378
-0.1592,0.0377
-0.1589,0.0377
-0.1587,0.0376
-0.1584,0.0376
-0.1582,0.0375
-0.1580,0.0375
-0.1577,0.0374
-0.1575,0.0374
-0.1573,0.0373
-0.1570,0.0373
-0.1568,0.0372
-0.1566,0.0372
-0.1564,0.0371
-0.1561,0.0371
-0.1559,0.0371
-0.1557,0.0370
-0.1555,0.0370
-0.1552,0.0369
-0.1550,0.0369
-0.1548,0.0368
-0.1546,0.0368
-0.1543,0.0367
-0.1541,0.0367
-0.1539,0.0366
-0.1537,0.0366
-0.1535,0.0365
-0.1533,0.0365
-0.1530,0.0364
-0.1528,0.0364
-0.1526,0.0364
-0.1524,0.0363
-0.1522,0.0363
-0.1520,0.0362
-0.1518,0.0362
-0.1516,0.0361
-0.1514,0.0361
-0.1512,0.0360
-0.1510,0.0360
-0.1507,0.0360
-0.1505,0.0359
-0.1503,0.0359
-0.1501,0.0358
-0.1499,0.0358
-0.1497,0.0357
-0.1495,0.0357
-0.1493,0.0357
-0.1491,0.0356
-0.1489,0.0356
-0.1487,0.0355
-0.1485,0.0355
-0.1484,0.0355
-0.1482,0.0354
-0.1480,0.0354
-0.1478,0.0353
-0.1476,0.0353
-0.1474,0.0353
-0.1472,0.0352
-0.1470,0.0352
-0.1468,0.0351
-0.1466,0.0351
-0.1464,0.0351
-0.1463,0.0350
-0.1461,0.0350
-0.1459,0.0349
-0.1457,0.0349
-0.1455,0.0349
-0.1453,0.0348
-0.1451,0.0348
-0.1450,0.0347
-0.1448,0.0347
-0.1446,0.0347
-0.1444,0.0346
-0.1442,0.0346
-0.1441,0.0346
-0.1439,0.0345
-0.1437,0.0345
-0.1435,0.0344
-0.1433,0.0344
-0.1432,0.0344
-0.1430,0.0343
-0.1428,0.0343
-0.1426,0.0342
-0.1425,0.0342
-0.1423,0.0342
-0.1421,0.0341
-0.1419,0.0341
-0.1418,0.0340
-0.1416,0.0340
-0.1414,0.0340
-0.1413,0.0339
-0.1411,0.0339
-0.1409,0.0339
-0.1407,0.0338
-0.1406,0.0338
-0.1404,0.0337
-0.1402,0.0337
-0.1401,0.0337
-0.1399,0.0336
-0.1397,0.0336
-0.1396,0.0336
-0.1394,0.0335
-0.1393,0.0335
-0.1391,0.0334
-0.1389,0.0334
-0.1388,0.0334
-0.1386,0.0333
-0.1384,0.0333
-0.1383,0.0333
-0.1381,0.0332
-0.1380,0.0332
-0.1378,0.0331
-0.1376,0.0331
-0.1375,0.0331
-0.1373,0.0330
-0.1372,0.0330
-0.1370,0.0330
-0.1369,0.0329
-0.1367,0.0329
-0.1365,0.0329
-0.1364,0.0328
-0.1362,0.0328
-0.1361,0.0328
-0.1359,0.0327
-0.1358,0.0327
-0.1356,0.0327
-0.1355,0.0326
-0.1353,0.0326
-0.1352,0.0326
-0.1350,0.0325
-0.1349,0.0325
-0.1347,0.0325
-0.1346,0.0324
-0.1344,0.0324
-0.1343,0.0323
-0.1341,0.0323
-0.1340,0.0323
-0.1338,0.0323
-0.1337,0.0322
-0.1335,0.0322
-0.1334,0.0322
-0.1333,0.0321
-0.1331,0.0321
-0.1330,0.0321
-0.1328,0.0320
-0.1327,0.0320
-0.1325,0.0320
-0.1324,0.0319
-0.1323,0.0319
-0.1321,0.0319
-0.1320,0.0318
-0.1318,0.0318
-0.1317,0.0318
-0.1316,0.0317
-0.1314,0.0317
-0.1313,0.0317
-0.1311,0.0316
-0.1310,0.0316
-0.1309,0.0316
-0.1307,0.0316
-0.1306,0.0315
-0.1305,0.0315
-0.1303,0.0315
-0.1302,0.0314
-0.1300,0.0314
-0.1299,0.0314
-0.1298,0.0313
-0.1296,0.0313
-0.1295,0.0313
-0.1294,0.0312
-0.1292,0.0312
-0.1291,0.0312
-0.1290,0.0311
-0.1288,0.0311
-0.1287,0.0311
-0.1286,0.0311
-0.1285,0.0310
-0.1283,0.0310
-0.1282,0.0310
-0.1281,0.0309
-0.1279,0.0309
-0.1278,0.0309
-0.1277,0.0309
-0.1276,0.0308
-0.1274,0.0308
-0.1273,0.0308
-0.1272,0.0307
-0.1271,0.0307
-0.1269,0.0307
-0.1268,0.0307
-0.1267,0.0306
-0.1266,0.0306
-0.1264,0.0306
-0.1263,0.0305
-0.1262,0.0305
-0.1261,0.0305
-0.1259,0.0305
-0.1258,0.0304
-0.1257,0.0304
-0.1256,0.0304
-0.1254,0.0303
-0.1253,0.0303
-0.1252,0.0303
-0.1251,0.0303
-0.1250,0.0302
-0.1248,0.0302
-0.1247,0.0302
-0.1246,0.0302
-0.1245,0.0301
-0.1244,0.0301
-0.1243,0.0301
-0.1241,0.0300
-0.1240,0.0300
-0.1239,0.0300
-0.1238,0.0300
-0.1237,0.0299
-0.1236,0.0299
-0.1234,0.0299
-0.1233,0.0299
-0.1232,0.0298
-0.1231,0.0298
-0.1230,0.0298
-0.1229,0.0298
-0.1228,0.0297
-0.1226,0.0297
-0.1225,0.0297
-0.1224,0.0297
-0.1223,0.0296
-0.1222,0.0296
-0.1221,0.0296
-0.1220,0.0296
-0.1219,0.0295
-0.1217,0.0295
-0.1216,0.0295
-0.1215,0.0295
-0.1214,0.0294
-0.1213,0.0294
-0.1212,0.0294
-0.1211,0.0294
-0.1210,0.0293
-0.1209,0.0293
-0.1208,0.0293
-0.1207,0.0293
-0.1205,0.0292
-0.1204,0.0292
-0.1203,0.0292
-0.1202,0.0292
-0.1201,0.0291
-0.1200,0.0291
-0.1199,0.0291
-0.1198,0.0291
-0.1197,0.0290
-0.1196,0.0290
-0.1195,0.0290
-0.1194,0.0290
-0.1193,0.0289
-0.1192,0.0289
-0.1191,0.0289
-0.1190,0.0289
-0.1189,0.0289
-0.1187,0.0288
-0.1186,0.0288
-0.1185,0.0288
-0.1184,0.0288
-0.1183,0.0287
-0.1182,0.0287
-0.1181,0.0287
-0.1180,0.0287
-0.1179,0.0286
-0.1178,0.0286
-0.1177,0.0286
-0.1176,0.0286
-0.1175,0.0286
-0.1174,0.0285
-0.1173,0.0285
-0.1172,0.0285
-0.1171,0.0285
-0.1170,0.0284
-0.1169,0.0284
-0.1168,0.0284
-0.1167,0.0284
-0.1166,0.0284
-0.1165,0.0283
-0.1164,0.0283
-0.1163,0.0283
-0.1162,0.0283
-0.1161,0.0282
-0.1160,0.0282
-0.1159,0.0282
-0.1159,0.0282
-0.1158,0.0282
-0.1157,0.0281
-0.1156,0.0281
-0.1155,0.0281
-0.1154,0.0281
-0.1153,0.0281
-0.1152,0.0280
-0.1151,0.0280
-0.1150,0.0280
-0.1149,0.0280
-0.1148,0.0280
-0.1147,0.0279
-0.1146,0.0279
-0.1145,0.0279
-0.1144,0.0279
-0.1143,0.0278
-0.1142,0.0278
-0.1142,0.0278
-0.1141,0.0278
-0.1140,0.0278
-0.1139,0.0277
-0.1138,0.0277
-0.1137,0.0277
-0.1136,0.0277
-0.1135,0.0277
-0.1134,0.0277
-0.1133,0.0276
-0.1132,0.0276
-0.1132,0.0276
-0.1131,0.0276
-0.1130,0.0276
-0.1129,0.0275
-0.1128,0.0275
-0.1127,0.0275
-0.1126,0.0275
-0.1125,0.0275
-0.1124,0.0274
-0.1124,0.0274
-0.1123,0.0274
-0.1122,0.0274
-0.1121,0.0274
-0.1120,0.0273
-0.1119,0.0273
-0.1118,0.0273
-0.1118,0.0273
-0.1117,0.0273
-0.1116,0.0273
-0.1115,0.0272
-0.1114,0.0272
-0.1113,0.0272
-0.1112,0.0272
-0.1112,0.0272
-0.1111,0.0271
-0.1110,0.0271
-0.1109,0.0271
-0.1108,0.0271
-0.1107,0.0271
-0.1106,0.0270
-0.1106,0.0270
-0.1105,0.0270
-0.1104,0.0270
-0.1103,0.0270
-0.1102,0.0270
-0.1101,0.0269
-0.1101,0.0269
-0.1100,0.0269
-0.1099,0.0269
-0.1098,0.0269
-0.1097,0.0268
-0.1096,0.0268
-0.1096,0.0268
-0.1095,0.0268
-0.1094,0.0268
-0.1093,0.0268
-0.1092,0.0267
-0.1092,0.0267
-0.1091,0.0267
-0.1090,0.0267
-0.1089,0.0267
-0.1088,0.0267
-0.1088,0.0266
-0.1087,0.0266
-0.1086,0.0266
-0.1085,0.0266
-0.1084,0.0266
-0.1084,0.0265
-0.1083,0.0265
-0.1082,0.0265
-0.1081,0.0265
-0.1080,0.0265
-0.1080,0.0265
-0.1079,0.0264
-0.1078,0.0264
-0.1077,0.0264
-0.1077,0.0264
-0.1076,0.0264
-0.1075,0.0264
-0.1074,0.0263
-0.1073,0.0263
-0.1073,0.0263
-0.1072,0.0263
-0.1071,0.0263
-0.1070,0.0263
-0.1070,0.0262
-0.1069,0.0262
-0.1068,0.0262
-0.1067,0.0262
-0.1067,0.0262
-0.1066,0.0262
-0.1065,0.0261
-0.1064,0.0261
-0.1064,0.0261
-0.1063,0.0261
-0.1062,0.0261
-0.1061,0.0261
-0.1061,0.0260
-0.1060,0.0260
-0.1059,0.0260
-0.1058,0.0260
-0.1058,0.0260
-0.1057,0.0260
-0.1056,0.0259
-0.1055,0.0259
-0.1055,0.0259
-0.1054,0.0259
-0.1053,0.0259
-0.1052,0.0259
-0.1052,0.0258
-0.1051,0.0258
-0.1050,0.0258
-0.1050,0.0258
-0.1049,0.0258
-0.1048,0.0258
-0.1047,0.0257
-0.1047,0.0257
-0.1046,0.0257
-0.1045,0.0257
-0.1044,0.0257
-0.1044,0.0257
-0.1043,0.0257
-0.1042,0.0256
-0.1042,0.0256
-0.1041,0.0256
-0.1040,0.0256
-0.1039,0.0256
-0.1039,0.0256
-0.1038,0.0255
-0.1037,0.0255
-0.1037,0.0255
-0.1036,0.0255
-0.1035,0.0255
-0.1035,0.0255
-0.1034,0.0254
-0.1033,0.0254
-0.1032,0.0254
-0.1032,0.0254
-0.1031,0.0254
-0.1030,0.0254
-0.1030,0.0253
-0.1029,0.0253
-0.1028,0.0253
-0.1028,0.0253
-0.1027,0.0253
-0.1026,0.0253
-0.1026,0.0253
-0.1025,0.0252
-0.1024,0.0252
-0.1024,0.0252
-0.1023,0.0252
-0.1022,0.0252
-0.1022,0.0252
-0.1021,0.0251
-0.1020,0.0251
-0.1019,0.0251
-0.1019,0.0251
-0.1018,0.0251
-0.1017,0.0251
-0.1017,0.0250
-0.1016,0.0250
-0.1016,0.0250
-0.1015,0.0250
-0.1014,0.0250
-0.1014,0.0250
-0.1013,0.0250
-0.1012,0.0249
-0.1012,0.0249
-0.1011,0.0249
-0.1010,0.0249
-0.1010,0.0249
-0.1009,0.0249
-0.1008,0.0249
-0.1008,0.0248
-0.1007,0.0248
-0.1006,0.0248
-0.1006,0.0248
-0.1005,0.0248
-0.1004,0.0248
-0.1004,0.0247
-0.1003,0.0247
-0.1003,0.0247
-0.1002,0.0247
-0.1001,0.0247
-0.1001,0.0247
-0.1000,0.0247
-0.0999,0.0246
-0.0999,0.0246
-0.0998,0.0246
-0.0997,0.0246
-0.0997,0.0246
-0.0996,0.0246
-0.0996,0.0246
-0.0995,0.0245
-0.0994,0.0245
-0.0994,0.0245
-0.0993,0.0245
-0.0992,0.0245
-0.0992,0.0245
-0.0991,0.0245
-0.0991,0.0244
-0.0990,0.0244
-0.0989,0.0244
-0.0989,0.0244
-0.0988,0.0244
-0.0988,0.0244
-0.0987,0.0244
-0.0986,0.0243
-0.0986,0.0243
-0.0985,0.0243
-0.0984,0.0243
-0.0984,0.0243
-0.0983,0.0243
-0.0983,0.0243
-0.0982,0.0242
-0.0981,0.0242
-0.0981,0.0242
-0.0980,0.0242
-0.0980,0.0242
-0.0979,0.0242
-0.0978,0.0242
-0.0978,0.0241
-0.0977,0.0241
-0.0977,0.0241
-0.0976,0.0241
-0.0976,0.0241
-0.0975,0.0241
-0.0974,0.0241
-0.0974,0.0240
-0.0973,0.0240
-0.0973,0.0240
-0.0972,0.0240
-0.0971,0.0240
-0.0971,0.0240
-0.0970,0.0240
-0.0970,0.0240
-0.0969,0.0239
-0.0969,0.0239
-0.0968,0.0239
-0.0967,0.0239
-0.0967,0.0239
-0.0966,0.0239
-0.0966,0.0239
-0.0965,0.0238
-0.0965,0.0238
-0.0964,0.0238
-0.0963,0.0238
-0.0963,0.0238
-0.0962,0.0238
-0.0962,0.0238
-0.0961,0.0238
-0.0961,0.0237
-0.0960,0.0237
-0.0959,0.0237
-0.0959,0.0237
-0.0958,0.0237
-0.0958,0.0237
-0.0957,0.0237
-0.0957,0.0236
-0.0956,0.0236
-0.0956,0.0236
-0.0955,0.0236
-0.0954,0.0236
-0.0954,0.0236
-0.0953,0.0236
-0.0953,0.0236
-0.0952,0.0235
-0.0952,0.0235
-0.0951,0.0235
-0.0951,0.0235
-0.0950,0.0235
-0.0949,0.0235
-0.0949,0.0235
-0.0948,0.0234
-0.0948,0.0234
-0.0947,0.0234
-0.0947,0.0234
-0.0946,0.0234
-0.0946,0.0234
-0.0945,0.0234
-0.0945,0.0234
-0.0944,0.0233
-0.0943,0.0233
-0.0943,0.0233
-0.0942,0.0233
-0.0942,0.0233
-0.0941,0.0233
-0.0941,0.0233
-0.0940,0.0233
-0.0940,0.0232
-0.0939,0.0232
-0.0939,0.0232
-0.0938,0.0232
-0.0938,0.0232
-0.0937,0.0232
-0.0937,0.0232
-0.0936,0.0232
-0.0936,0.0231
-0.0935,0.0231
-0.0934,0.0231
-0.0934,0.0231
-0.0933,0.0231
-0.0933,0.0231
-0.0932,0.0231
-0.0932,0.0231
-0.0931,0.0230
-0.0931,0.0230
-0.0930,0.0230
-0.0930,0.0230
-0.0929,0.0230
-0.0929,0.0230
-0.0928,0.0230
-0.0928,0.0230
-0.0927,0.0230
-0.0927,0.0229
-0.0926,0.0229
-0.0926,0.0229
-0.0925,0.0229
-0.0925,0.0229
-0.0924,0.0229
-0.0924,0.0229
-0.0923,0.0229
-0.0923,0.0228
-0.0922,0.0228
-0.0922,0.0228
-0.0921,0.0228
-0.0921,0.0228
-0.0920,0.0228
-0.0920,0.0228
-0.0919,0.0228
-0.0919,0.0227
-0.0918,0.0227
-0.0918,0.0227
-0.0917,0.0227
-0.0917,0.0227
-0.0916,0.0227
-0.0916,0.0227
-0.0915,0.0227
-0.0915,0.0227
-0.0914,0.0226
-0.0914,0.0226
-0.0913,0.0226
-0.0913,0.0226
-0.0912,0.0226
-0.0912,0.0226
-0.0911,0.0226
-0.0911,0.0226
-0.0910,0.0226
-0.0910,0.0225
-0.0909,0.0225
-0.0909,0.0225
-0.0908,0.0225
-0.0908,0.0225
-0.0738
0.2151
0.2367
0.2683
0.2971
0.3092
0.4122
0.4313
0.4580
0.4862
0.4883
0.5072
0.5185
0.5272
0.5289
0.5553
0.5607
0.5714
0.5733
0.5744
0.5835
0.5982
0.6115
0.6139
0.6154
0.6156
0.6219
0.6231
0.6238
0.6271
0.6328
0.6410
0.6461
0.6469
0.6606
0.6646
0.6725
0.6764
0.6768
0.6772
0.6876
0.6885
0.6934
0.7009
0.7077
0.7081
0.7123
0.7129
0.7165
0.7332
0.7465
0.7526
0.7550
0.7566
0.7570
0.7582
0.7617
0.7623
0.7790
0.7800
0.7809
0.7834
0.7855
0.7856
0.7929
0.7997
0.8038
0.8052
0.8067
0.8179
0.8201
0.8227
0.8285
0.8292
0.8329
0.8331
0.8348
0.8395
0.8401
0.8433
0.8434
0.8445
0.8470
0.8472
0.8477
0.8497
0.8507
0.8525
0.8561
0.8601
0.8603
0.8615
0.8619
0.8633
0.8642
0.8653
0.8659
0.8691
0.8701
0.8711
0.8712
0.8761
0.8765
0.8812
0.8826
0.8853
0.8957
0.8962
0.8966
0.9055
0.9070
0.9077
0.9105
0.9140
0.9151
0.9182
0.9195
0.9221
0.9221
0.9236
0.9245
0.9260
0.9289
0.9295
0.9345
0.9353
0.9397
0.9442
0.9465
0.9496
0.9504
0.9544
0.9561
0.9599
0.9611
0.9625
0.9647
0.9653
0.9666
0.9667
0.9685
0.9716
0.9741
0.9772
0.9774
0.9809
0.9851
0.9853
0.9903
0.9913
0.9990
1.0009
1.0165
1.0194
1.0210
1.0242
1.0259
1.0268
1.0274
1.0291
1.0294
1.0303
1.0328
1.0391
1.0417
1.0437
1.0439
1.0449
1.0454
1.0455
1.0472
1.0485
1.0489
1.0508
1.0516
1.0518
1.0554
1.0565
1.0566
1.0601
1.0615
1.0635
1.0706
1.0719
1.0735
1.0743
1.0750
1.0771
1.0780
1.0811
1.0817
1.0823
1.0851
1.0852
1.0857
1.0857
1.0860
1.0871
1.0913
1.0942
1.0946
1.0946
1.0956
1.0989
1.0999
1.1034
1.1068
1.1088
1.1100
1.1126
1.1149
1.1165
1.1175
1.1187
1.1217
1.1240
1.1247
1.1248
1.1263
1.1286
1.1293
1.1297
1.1311
1.1314
1.1339
1.1372
1.1390
1.1396
1.1407
1.1411
1.1443
1.1448
1.1450
1.1453
1.1459
1.1478
1.1503
1.1505
1.1555
1.1555
1.1557
1.1562
1.1605
1.1608
1.1622
1.1638
1.1639
1.1670
1.1724
1.1737
1.1743
1.1755
1.1773
1.1797
1.1799
1.1821
1.1837
1.1840
1.1841
1.1869
1.1882
1.1894
1.1905
1.1930
1.1936
1.1940
1.2001
1.2007
1.2033
1.2037
1.2041
1.2060
1.2074
1.2113
1.2116
1.2124
1.2160
1.2169
1.2170
1.2189
1.2192
1.2225
1.2228
1.2235
1.2237
1.2239
1.2257
1.2270
1.2296
1.2304
1.2335
1.2337
1.2342
1.2346
1.2376
1.2381
1.2405
1.2414
1.2429
1.2439
1.2448
1.2454
1.2472
1.2535
1.2537
1.2560
1.2580
1.2591
1.2593
1.2598
1.2605
1.2606
1.2621
1.2640
1.2682
1.2696
1.2702
1.2704
1.2752
1.2810
1.2810
1.2822
1.2829
1.2837
1.2853
1.2854
1.2856
1.2870
1.2874
1.2881
1.2891
1.2898
1.2907
1.2916
1.2922
1.2956
1.2968
1.2975
1.3010
1.3033
1.3060
1.3072
1.3086
1.3094
1.3125
1.3152
1.3162
1.3170
1.3171
1.3177
1.3184
1.3190
1.3193
1.3211
1.3223
1.3232
1.3234
1.3247
1.3253
1.3267
1.3276
1.3284
1.3297
1.3308
1.3341
1.3372
1.3383
1.3385
1.3393
1.3416
1.3420
1.3456
1.3466
1.3468
1.3470
1.3472
1.3478
1.3482
1.3495
1.3536
1.3543
1.3548
1.3586
1.3593
1.3598
1.3601
1.3604
1.3605
1.3630
1.3631
1.3643
1.3679
1.3680
1.3715
1.3722
1.3737
1.3739
1.3739
1.3751
1.3767
1.3778
1.3780
1.3792
1.3803
1.3849
1.3902
1.3931
1.3955
1.3976
1.3991
1.4003
1.4021
1.4030
1.4030
1.4040
1.4042
1.4081
1.4084
1.4085
1.4090
1.4130
1.4175
1.4182
1.4183
1.4196
1.4214
1.4222
1.4231
1.4247
1.4254
1.4262
1.4269
1.4278
1.4279
1.4280
1.4316
1.4323
1.4325
1.4330
1.4354
1.4356
1.4361
1.4409
1.4413
1.4427
1.4430
1.4439
1.4442
1.4447
1.4502
1.4503
1.4521
1.4521
1.4530
1.4537
1.4542
1.4543
1.4546
1.4558
1.4567
1.4575
1.4577
1.4598
1.4606
1.4609
1.4614
1.4647
1.4648
1.4664
1.4690
1.4692
1.4709
1.4715
1.4726
1.4732
1.4753
1.4760
1.4772
1.4817
1.4829
1.4854
1.4884
1.4897
1.4909
1.4924
1.4931
1.4938
1.4941
1.4948
1.4956
1.4981
1.5041
1.5065
1.5082
1.5089
1.5090
1.5102
1.5123
1.5140
1.5179
1.5205
1.5216
1.5222
1.5227
1.5284
1.5299
1.5300
1.5304
1.5305
1.5318
1.5337
1.5347
1.5349
1.5356
1.5362
1.5376
1.5400
1.5433
1.5446
1.5485
1.5489
1.5513
1.5537
1.5542
1.5589
1.5590
1.5604
1.5616
1.5631
1.5632
1.5642
1.5655
1.5658
1.5661
1.5716
1.5742
1.5754
1.5760
1.5765
1.5769
1.5776
1.5816
1.5823
1.5827
1.5838
1.5867
1.5873
1.5879
1.5942
1.5944
1.5967
1.5978
1.6013
1.6019
1.6021
1.6038
1.6061
1.6078
1.6082
1.6083
1.6084
1.6085
1.6087
1.6095
1.6122
1.6154
1.6176
1.6185
1.6200
1.6209
1.6228
1.6247
1.6294
1.6294
1.6303
1.6312
1.6331
1.6334
1.6344
1.6352
1.6375
1.6405
1.6412
1.6421
1.6425
1.6431
1.6441
1.6449
1.6449
1.6495
1.6510
1.6510
1.6516
1.6522
1.6524
1.6540
1.6565
1.6571
1.6574
1.6617
1.6631
1.6650
1.6663
1.6677
1.6677
1.6699
1.6735
1.6771
1.6813
1.6822
1.6829
1.6845
1.6850
1.6893
1.6908
1.6911
1.6921
1.6937
1.6945
1.6971
1.6971
1.6982
1.7003
1.7037
1.7047
1.7075
1.7076
1.7121
1.7143
1.7143
1.7147
1.7163
1.7165
1.7168
1.7192
1.7215
1.7220
1.7226
1.7230
1.7251
1.7262
1.7273
1.7282
1.7301
1.7330
1.7340
1.7353
1.7374
1.7376
1.7384
1.7452
1.7456
1.7462
1.7468
1.7481
1.7498
1.7518
1.7520
1.7547
1.7579
1.7593
1.7615
1.7617
1.7626
1.7638
1.7640
1.7652
1.7666
1.7677
1.7685
1.7696
1.7782
1.7823
1.7864
1.7877
1.7886
1.7893
1.7898
1.7909
1.7918
1.7919
1.7935
1.7956
1.7959
1.7966
1.7969
1.7973
1.7985
1.7996
1.7997
1.8003
1.8005
1.8009
1.8031
1.8062
1.8085
1.8107
1.8112
1.8131
1.8137
1.8140
1.8144
1.8171
1.8173
1.8192
1.8217
1.8261
1.8349
1.8367
1.8375
1.8398
1.8402
1.8461
1.8528
1.8536
1.8569
1.8653
1.8727
1.8735
1.8760
1.8810
1.8813
1.8826
1.8827
1.8837
1.8844
1.8852
1.8884
1.8898
1.8909
1.8949
1.8969
1.9054
1.9055
1.9058
1.9086
1.9115
1.9126
1.9167
1.9168
1.9170
1.9187
1.9202
1.9205
1.9273
1.9302
1.9329
1.9338
1.9351
1.9370
1.9381
1.9383
1.9392
1.9394
1.9450
1.9459
1.9486
1.9491
1.9526
1.9534
1.9537
1.9559
1.9604
1.9611
1.9628
1.9650
1.9664
1.9675
1.9677
1.9682
1.9721
1.9727
1.9744
1.9750
1.9784
1.9800
1.9802
1.9813
1.9908
1.9935
1.9975
1.9995
2.0015
2.0070
2.0078
2.0091
2.0098
2.0134
2.0166
2.0169
2.0314
2.0347
2.0380
2.0406
2.0412
2.0425
2.0428
2.0460
2.0477
2.0556
2.0569
2.0675
2.0683
2.0695
2.0725
2.0774
2.0802
2.0894
2.0902
2.0926
2.0967
2.0969
2.1034
2.1061
2.1062
2.1088
2.1119
2.1142
2.1169
2.1169
2.1211
2.1221
2.1260
2.1314
2.1352
2.1370
2.1383
2.1388
2.1396
2.1444
2.1460
2.1514
2.1514
2.1519
2.1539
2.1637
2.1661
2.1754
2.1961
2.1968
2.2082
2.2102
2.2103
2.2132
2.2188
2.2326
2.2333
2.2356
2.2401
2.2404
2.2423
2.2489
2.2507
2.2508
2.2617
2.2687
2.2757
2.2761
2.2804
2.2809
2.2848
2.2858
2.2908
2.2917
2.2928
2.2935
2.2983
2.2992
2.3069
2.3080
2.3119
2.3151
2.3201
2.3202
2.3268
2.3324
2.3337
2.3344
2.3361
2.3372
2.3390
2.3419
2.3428
2.3460
2.3474
2.3503
2.3567
2.3608
2.3619
2.3650
2.3651
2.3656
2.3697
2.3712
2.3715
2.3732
2.3749
2.3794
2.3838
2.3871
2.3894
2.3945
2.3966
2.3967
2.4028
2.4029
2.4082
2.4148
2.4254
2.4287
2.4294
2.4330
2.4407
2.4439
2.4550
2.4609
2.4616
2.4697
2.4739
2.4752
2.4831
2.4889
2.4890
2.4900
2.4902
2.4958
2.5017
2.5113
2.5157
2.5218
2.5257
2.5261
2.5332
2.5351
2.5371
2.5393
2.5396
2.5416
2.5603
2.5614
2.5656
2.5871
2.5896
2.5914
2.5968
2.6001
2.6052
2.6086
2.6260
2.6278
2.6287
2.6414
2.6621
2.6656
2.6733
2.6939
2.7094
2.7161
2.7162
2.7229
2.7285
2.7292
2.7317
2.7325
2.7383
2.7414
2.7522
2.7528
2.7739
2.7825
2.8033
2.8123
2.8138
2.8195
2.8209
2.8360
2.8422
2.8491
2.8521
2.8649
2.8661
2.8982
2.9106
2.9580
2.9876
2.9877
2.9886
3.0307
3.0419
3.0582
3.0730
3.0760
3.0887
3.1450
3.1470
3.1572
3.2483
3.2682
3.3636
3.4779
