1000
1000
-1.7457,0.2102
-1.6509,0.2113
-1.4295,0.1577
-1.2784,0.1464
-1.1666,0.1413
-1.0797,0.1383
-1.0094,0.1344
-0.9511,0.1312
-0.9019,0.1287
-0.8597,0.1266
-0.8230,0.1248
-0.7905,0.1230
-0.7613,0.1209
-0.7352,0.1189
-0.7115,0.1170
-0.6898,0.1151
-0.6701,0.1135
-0.6520,0.1120
-0.6352,0.1104
-0.6197,0.1089
-0.6052,0.1075
-0.5918,0.1061
-0.5792,0.1049
-0.5674,0.1037
-0.5563,0.1026
-0.5459,0.1016
-0.5361,0.1005
-0.5267,0.0995
-0.5179,0.0986
-0.5095,0.0976
-0.5014,0.0967
-0.4938,0.0957
-0.4864,0.0947
-0.4794,0.0938
-0.4726,0.0929
-0.4662,0.0919
-0.4600,0.0910
-0.4540,0.0901
-0.4483,0.0893
-0.4428,0.0885
-0.4374,0.0876
-0.4322,0.0868
-0.4272,0.0859
-0.4223,0.0851
-0.4176,0.0843
-0.4130,0.0835
-0.4086,0.0828
-0.4043,0.0820
-0.4002,0.0813
-0.3961,0.0805
-0.3922,0.0798
-0.3883,0.0791
-0.3846,0.0784
-0.3809,0.0777
-0.3774,0.0771
-0.3740,0.0764
-0.3706,0.0758
-0.3674,0.0752
-0.3642,0.0746
-0.3611,0.0740
-0.3581,0.0735
-0.3552,0.0730
-0.3523,0.0725
-0.3495,0.0720
-0.3468,0.0715
-0.3441,0.0711
-0.3415,0.0706
-0.3389,0.0702
-0.3365,0.0698
-0.3340,0.0694
-0.3316,0.0690
-0.3293,0.0686
-0.3270,0.0682
-0.3248,0.0678
-0.3226,0.0674
-0.3204,0.0671
-0.3183,0.0667
-0.3162,0.0664
-0.3142,0.0660
-0.3122,0.0657
-0.3103,0.0653
-0.3083,0.0650
-0.3064,0.0647
-0.3046,0.0644
-0.3028,0.0641
-0.3010,0.0638
-0.2992,0.0635
-0.2975,0.0632
-0.2958,0.0630
-0.2941,0.0627
-0.2925,0.0624
-0.2909,0.0622
-0.2893,0.0619
-0.2877,0.0616
-0.2861,0.0614
-0.2846,0.0611
-0.2831,0.0609
-0.2816,0.0606
-0.2802,0.0604
-0.2787,0.0601
-0.2773,0.0599
-0.2759,0.0597
-0.2745,0.0594
-0.2732,0.0592
-0.2718,0.0590
-0.2705,0.0587
-0.2692,0.0585
-0.2679,0.0583
-0.2666,0.0580
-0.2654,0.0578
-0.2641,0.0576
-0.2629,0.0574
-0.2617,0.0572
-0.2605,0.0570
-0.2593,0.0568
-0.2582,0.0566
-0.2570,0.0564
-0.2559,0.0562
-0.2548,0.0560
-0.2537,0.0558
-0.2526,0.0556
-0.2515,0.0554
-0.2504,0.0552
-0.2494,0.0550
-0.2483,0.0548
-0.2473,0.0546
-0.2463,0.0544
-0.2453,0.0543
-0.2443,0.0541
-0.2433,0.0539
-0.2423,0.0537
-0.2414,0.0536
-0.2404,0.0534
-0.2395,0.0532
-0.2385,0.0531
-0.2376,0.0529
-0.2367,0.0527
-0.2358,0.0526
-0.2349,0.0524
-0.2341,0.0522
-0.2332,0.0521
-0.2323,0.0519
-0.2315,0.0518
-0.2306,0.0516
-0.2298,0.0515
-0.2290,0.0513
-0.2282,0.0512
-0.2274,0.0510
-0.2266,0.0509
-0.2258,0.0507
-0.2250,0.0506
-0.2242,0.0505
-0.2235,0.0503
-0.2227,0.0502
-0.2220,0.0500
-0.2212,0.0499
-0.2205,0.0498
-0.2198,0.0496
-0.2191,0.0495
-0.2183,0.0494
-0.2176,0.0492
-0.2169,0.0491
-0.2162,0.0490
-0.2155,0.0488
-0.2149,0.0487
-0.2142,0.0486
-0.2135,0.0485
-0.2128,0.0484
-0.2122,0.0482
-0.2115,0.0481
-0.2109,0.0480
-0.2102,0.0479
-0.2096,0.0477
-0.2089,0.0476
-0.2083,0.0475
-0.2077,0.0474
-0.2071,0.0473
-0.2065,0.0472
-0.2059,0.0470
-0.2053,0.0469
-0.2047,0.0468
-0.2041,0.0467
-0.2035,0.0466
-0.2029,0.0465
-0.2023,0.0464
-0.2018,0.0463
-0.2012,0.0462
-0.2006,0.0460
-0.2001,0.0459
-0.1995,0.0458
-0.1990,0.0457
-0.1984,0.0456
-0.1979,0.0455
-0.1973,0.0454
-0.1968,0.0453
-0.1963,0.0452
-0.1958,0.0451
-0.1953,0.0450
-0.1947,0.0449
-0.1942,0.0448
-0.1937,0.0447
-0.1932,0.0446
-0.1927,0.0445
-0.1922,0.0444
-0.1917,0.0443
-0.1912,0.0442
-0.1908,0.0441
-0.1903,0.0440
-0.1898,0.0439
-0.1893,0.0438
-0.1888,0.0437
-0.1884,0.0436
-0.1879,0.0435
-0.1874,0.0434
-0.1870,0.0434
-0.1865,0.0433
-0.1861,0.0432
-0.1856,0.0431
-0.1852,0.0430
-0.1847,0.0429
-0.1843,0.0428
-0.1838,0.0427
-0.1834,0.0426
-0.1830,0.0425
-0.1825,0.0424
-0.1821,0.0423
-0.1817,0.0423
-0.1813,0.0422
-0.1808,0.0421
-0.1804,0.0420
-0.1800,0.0419
-0.1796,0.0418
-0.1792,0.0417
-0.1788,0.0417
-0.1784,0.0416
-0.1780,0.0415
-0.1776,0.0414
-0.1772,0.0413
-0.1768,0.0412
-0.1764,0.0412
-0.1760,0.0411
-0.1756,0.0410
-0.1752,0.0409
-0.1749,0.0408
-0.1745,0.0408
-0.1741,0.0407
-0.1737,0.0406
-0.1734,0.0405
-0.1730,0.0405
-0.1726,0.0404
-0.1723,0.0403
-0.1719,0.0403
-0.1715,0.0402
-0.1712,0.0401
-0.1708,0.0400
-0.1705,0.0400
-0.1701,0.0399
-0.1698,0.0398
-0.1694,0.0398
-0.1691,0.0397
-0.1687,0.0396
-0.1684,0.0396
-0.1681,0.0395
-0.1677,0.0394
-0.1674,0.0394
-0.1671,0.0393
-0.1667,0.0392
-0.1664,0.0392
-0.1661,0.0391
-0.1658,0.0390
-0.1654,0.0390
-0.1651,0.0389
-0.1648,0.0388
-0.1645,0.0388
-0.1641,0.0387
-0.1638,0.0387
-0.1635,0.0386
-0.1632,0.0385
-0.1629,0.0385
-0.1626,0.0384
-0.1623,0.0383
-0.1620,0.0383
-0.1617,0.0382
-0.1614,0.0382
-0.1611,0.0381
-0.1608,0.0380
-0.1605,0.0380
-0.1602,0.0379
-0.1599,0.0379
-0.1596,0.0378
-0.1593,0.0378
-0.1590,0.0377
-0.1587,0.0376
-0.1584,0.0376
-0.1581,0.0375
-0.1579,0.0375
-0.1576,0.0374
-0.1573,0.0374
-0.1570,0.0373
-0.1567,0.0372
-0.1564,0.0372
-0.1562,0.0371
-0.1559,0.0371
-0.1556,0.0370
-0.1554,0.0370
-0.1551,0.0369
-0.1548,0.0369
-0.1545,0.0368
-0.1543,0.0367
-0.1540,0.0367
-0.1537,0.0366
-0.1535,0.0366
-0.1532,0.0365
-0.1530,0.0365
-0.1527,0.0364
-0.1524,0.0364
-0.1522,0.0363
-0.1519,0.0363
-0.1517,0.0362
-0.1514,0.0362
-0.1512,0.0361
-0.1509,0.0361
-0.1507,0.0360
-0.1504,0.0360
-0.1502,0.0359
-0.1499,0.0359
-0.1497,0.0358
-0.1494,0.0358
-0.1492,0.0357
-0.1490,0.0357
-0.1487,0.0356
-0.1485,0.0356
-0.1482,0.0355
-0.1480,0.0355
-0.1478,0.0354
-0.1475,0.0354
-0.1473,0.0354
-0.1471,0.0353
-0.1468,0.0353
-0.1466,0.0352
-0.1464,0.0352
-0.1462,0.0351
-0.1459,0.0351
-0.1457,0.0350
-0.1455,0.0350
-0.1453,0.0349
-0.1450,0.0349
-0.1448,0.0349
-0.1446,0.0348
-0.1444,0.0348
-0.1442,0.0347
-0.1439,0.0347
-0.1437,0.0346
-0.1435,0.0346
-0.1433,0.0346
-0.1431,0.0345
-0.1429,0.0345
-0.1427,0.0344
-0.1424,0.0344
-0.1422,0.0343
-0.1420,0.0343
-0.1418,0.0343
-0.1416,0.0342
-0.1414,0.0342
-0.1412,0.0341
-0.1410,0.0341
-0.1408,0.0341
-0.1406,0.0340
-0.1404,0.0340
-0.1402,0.0339
-0.1400,0.0339
-0.1398,0.0339
-0.1396,0.0338
-0.1394,0.0338
-0.1392,0.0338
-0.1390,0.0337
-0.1388,0.0337
-0.1386,0.0336
-0.1384,0.0336
-0.1382,0.0336
-0.1380,0.0335
-0.1378,0.0335
-0.1376,0.0334
-0.1374,0.0334
-0.1373,0.0334
-0.1371,0.0333
-0.1369,0.0333
-0.1367,0.0332
-0.1365,0.0332
-0.1363,0.0332
-0.1361,0.0331
-0.1360,0.0331
-0.1358,0.0331
-0.1356,0.0330
-0.1354,0.0330
-0.1352,0.0329
-0.1350,0.0329
-0.1349,0.0329
-0.1347,0.0328
-0.1345,0.0328
-0.1343,0.0328
-0.1341,0.0327
-0.1340,0.0327
-0.1338,0.0326
-0.1336,0.0326
-0.1334,0.0326
-0.1333,0.0325
-0.1331,0.0325
-0.1329,0.0325
-0.1327,0.0324
-0.1326,0.0324
-0.1324,0.0324
-0.1322,0.0323
-0.1321,0.0323
-0.1319,0.0323
-0.1317,0.0322
-0.1316,0.0322
-0.1314,0.0321
-0.1312,0.0321
-0.1311,0.0321
-0.1309,0.0320
-0.1307,0.0320
-0.1306,0.0320
-0.1304,0.0319
-0.1302,0.0319
-0.1301,0.0319
-0.1299,0.0318
-0.1298,0.0318
-0.1296,0.0318
-0.1294,0.0317
-0.1293,0.0317
-0.1291,0.0317
-0.1290,0.0316
-0.1288,0.0316
-0.1286,0.0316
-0.1285,0.0315
-0.1283,0.0315
-0.1282,0.0315
-0.1280,0.0315
-0.1279,0.0314
-0.1277,0.0314
-0.1276,0.0314
-0.1274,0.0313
-0.1273,0.0313
-0.1271,0.0313
-0.1270,0.0312
-0.1268,0.0312
-0.1267,0.0312
-0.1265,0.0311
-0.1264,0.0311
-0.1262,0.0311
-0.1261,0.0311
-0.1259,0.0310
-0.1258,0.0310
-0.1256,0.0310
-0.1255,0.0309
-0.1253,0.0309
-0.1252,0.0309
-0.1250,0.0308
-0.1249,0.0308
-0.1248,0.0308
-0.1246,0.0308
-0.1245,0.0307
-0.1243,0.0307
-0.1242,0.0307
-0.1240,0.0306
-0.1239,0.0306
-0.1238,0.0306
-0.1236,0.0305
-0.1235,0.0305
-0.1233,0.0305
-0.1232,0.0305
-0.1231,0.0304
-0.1229,0.0304
-0.1228,0.0304
-0.1227,0.0303
-0.1225,0.0303
-0.1224,0.0303
-0.1223,0.0302
-0.1221,0.0302
-0.1220,0.0302
-0.1218,0.0302
-0.1217,0.0301
-0.1216,0.0301
-0.1214,0.0301
-0.1213,0.0300
-0.1212,0.0300
-0.1210,0.0300
-0.1209,0.0300
-0.1208,0.0299
-0.1207,0.0299
-0.1205,0.0299
-0.1204,0.0298
-0.1203,0.0298
-0.1201,0.0298
-0.1200,0.0297
-0.1199,0.0297
-0.1197,0.0297
-0.1196,0.0297
-0.1195,0.0296
-0.1194,0.0296
-0.1192,0.0296
-0.1191,0.0295
-0.1190,0.0295
-0.1189,0.0295
-0.1187,0.0295
-0.1186,0.0294
-0.1185,0.0294
-0.1184,0.0294
-0.1182,0.0293
-0.1181,0.0293
-0.1180,0.0293
-0.1179,0.0293
-0.1177,0.0292
-0.1176,0.0292
-0.1175,0.0292
-0.1174,0.0292
-0.1173,0.0291
-0.1171,0.0291
-0.1170,0.0291
-0.1169,0.0291
-0.1168,0.0290
-0.1167,0.0290
-0.1165,0.0290
-0.1164,0.0289
-0.1163,0.0289
-0.1162,0.0289
-0.1161,0.0289
-0.1159,0.0288
-0.1158,0.0288
-0.1157,0.0288
-0.1156,0.0288
-0.1155,0.0287
-0.1154,0.0287
-0.1153,0.0287
-0.1151,0.0287
-0.1150,0.0286
-0.1149,0.0286
-0.1148,0.0286
-0.1147,0.0285
-0.1146,0.0285
-0.1145,0.0285
-0.1143,0.0285
-0.1142,0.0284
-0.1141,0.0284
-0.1140,0.0284
-0.1139,0.0284
-0.1138,0.0283
-0.1137,0.0283
-0.1136,0.0283
-0.1134,0.0283
-0.1133,0.0282
-0.1132,0.0282
-0.1131,0.0282
-0.1130,0.0282
-0.1129,0.0281
-0.1128,0.0281
-0.1127,0.0281
-0.1126,0.0281
-0.1125,0.0280
-0.1124,0.0280
-0.1122,0.0280
-0.1121,0.0280
-0.1120,0.0279
-0.1119,0.0279
-0.1118,0.0279
-0.1117,0.0279
-0.1116,0.0278
-0.1115,0.0278
-0.1114,0.0278
-0.1113,0.0278
-0.1112,0.0277
-0.1111,0.0277
-0.1110,0.0277
-0.1109,0.0277
-0.1108,0.0276
-0.1107,0.0276
-0.1106,0.0276
-0.1105,0.0276
-0.1104,0.0275
-0.1103,0.0275
-0.1102,0.0275
-0.1101,0.0275
-0.1100,0.0274
-0.1099,0.0274
-0.1098,0.0274
-0.1097,0.0274
-0.1096,0.0273
-0.1095,0.0273
-0.1094,0.0273
-0.1093,0.0273
-0.1092,0.0273
-0.1091,0.0272
-0.1090,0.0272
-0.1089,0.0272
-0.1088,0.0272
-0.1087,0.0271
-0.1086,0.0271
-0.1085,0.0271
-0.1084,0.0271
-0.1083,0.0270
-0.1082,0.0270
-0.1081,0.0270
-0.1080,0.0270
-0.1079,0.0270
-0.1078,0.0269
-0.1077,0.0269
-0.1076,0.0269
-0.1075,0.0269
-0.1074,0.0268
-0.1073,0.0268
-0.1072,0.0268
-0.1071,0.0268
-0.1070,0.0268
-0.1069,0.0267
-0.1068,0.0267
-0.1068,0.0267
-0.1067,0.0267
-0.1066,0.0267
-0.1065,0.0266
-0.1064,0.0266
-0.1063,0.0266
-0.1062,0.0266
-0.1061,0.0265
-0.1060,0.0265
-0.1059,0.0265
-0.1058,0.0265
-0.1057,0.0265
-0.1057,0.0264
-0.1056,0.0264
-0.1055,0.0264
-0.1054,0.0264
-0.1053,0.0264
-0.1052,0.0263
-0.1051,0.0263
-0.1050,0.0263
-0.1049,0.0263
-0.1048,0.0263
-0.1048,0.0262
-0.1047,0.0262
-0.1046,0.0262
-0.1045,0.0262
-0.1044,0.0261
-0.1043,0.0261
-0.1042,0.0261
-0.1041,0.0261
-0.1041,0.0261
-0.1040,0.0260
-0.1039,0.0260
-0.1038,0.0260
-0.1037,0.0260
-0.1036,0.0260
-0.1035,0.0259
-0.1035,0.0259
-0.1034,0.0259
-0.1033,0.0259
-0.1032,0.0259
-0.1031,0.0258
-0.1030,0.0258
-0.1029,0.0258
-0.1029,0.0258
-0.1028,0.0258
-0.1027,0.0258
-0.1026,0.0257
-0.1025,0.0257
-0.1024,0.0257
-0.1024,0.0257
-0.1023,0.0257
-0.1022,0.0256
-0.1021,0.0256
-0.1020,0.0256
-0.1019,0.0256
-0.1019,0.0256
-0.1018,0.0255
-0.1017,0.0255
-0.1016,0.0255
-0.1015,0.0255
-0.1015,0.0255
-0.1014,0.0255
-0.1013,0.0254
-0.1012,0.0254
-0.1011,0.0254
-0.1011,0.0254
-0.1010,0.0254
-0.1009,0.0253
-0.1008,0.0253
-0.1007,0.0253
-0.1007,0.0253
-0.1006,0.0253
-0.1005,0.0253
-0.1004,0.0252
-0.1004,0.0252
-0.1003,0.0252
-0.1002,0.0252
-0.1001,0.0252
-0.1000,0.0251
-0.1000,0.0251
-0.0999,0.0251
-0.0998,0.0251
-0.0997,0.0251
-0.0997,0.0251
-0.0996,0.0250
-0.0995,0.0250
-0.0994,0.0250
-0.0994,0.0250
-0.0993,0.0250
-0.0992,0.0249
-0.0991,0.0249
-0.0990,0.0249
-0.0990,0.0249
-0.0989,0.0249
-0.0988,0.0249
-0.0987,0.0248
-0.0987,0.0248
-0.0986,0.0248
-0.0985,0.0248
-0.0984,0.0248
-0.0984,0.0247
-0.0983,0.0247
-0.0982,0.0247
-0.0981,0.0247
-0.0981,0.0247
-0.0980,0.0247
-0.0979,0.0246
-0.0979,0.0246
-0.0978,0.0246
-0.0977,0.0246
-0.0976,0.0246
-0.0976,0.0246
-0.0975,0.0245
-0.0974,0.0245
-0.0973,0.0245
-0.0973,0.0245
-0.0972,0.0245
-0.0971,0.0244
-0.0971,0.0244
-0.0970,0.0244
-0.0969,0.0244
-0.0968,0.0244
-0.0968,0.0244
-0.0967,0.0243
-0.0966,0.0243
-0.0966,0.0243
-0.0965,0.0243
-0.0964,0.0243
-0.0963,0.0243
-0.0963,0.0242
-0.0962,0.0242
-0.0961,0.0242
-0.0961,0.0242
-0.0960,0.0242
-0.0959,0.0242
-0.0959,0.0241
-0.0958,0.0241
-0.0957,0.0241
-0.0956,0.0241
-0.0956,0.0241
-0.0955,0.0241
-0.0954,0.0240
-0.0954,0.0240
-0.0953,0.0240
-0.0952,0.0240
-0.0952,0.0240
-0.0951,0.0240
-0.0950,0.0239
-0.0950,0.0239
-0.0949,0.0239
-0.0948,0.0239
-0.0948,0.0239
-0.0947,0.0239
-0.0946,0.0238
-0.0946,0.0238
-0.0945,0.0238
-0.0944,0.0238
-0.0944,0.0238
-0.0943,0.0238
-0.0942,0.0237
-0.0942,0.0237
-0.0941,0.0237
-0.0940,0.0237
-0.0940,0.0237
-0.0939,0.0237
-0.0938,0.0237
-0.0938,0.0236
-0.0937,0.0236
-0.0936,0.0236
-0.0936,0.0236
-0.0935,0.0236
-0.0934,0.0236
-0.0934,0.0235
-0.0933,0.0235
-0.0932,0.0235
-0.0932,0.0235
-0.0931,0.0235
-0.0930,0.0235
-0.0930,0.0235
-0.0929,0.0234
-0.0929,0.0234
-0.0928,0.0234
-0.0927,0.0234
-0.0927,0.0234
-0.0926,0.0234
-0.0925,0.0234
-0.0925,0.0233
-0.0924,0.0233
-0.0924,0.0233
-0.0923,0.0233
-0.0922,0.0233
-0.0922,0.0233
-0.0921,0.0233
-0.0920,0.0232
-0.0920,0.0232
-0.0919,0.0232
-0.0919,0.0232
-0.0918,0.0232
-0.0917,0.0232
-0.0917,0.0232
-0.0916,0.0231
-0.0916,0.0231
-0.0915,0.0231
-0.0914,0.0231
-0.0914,0.0231
-0.0913,0.0231
-0.0912,0.0230
-0.0912,0.0230
-0.0911,0.0230
-0.0911,0.0230
-0.0910,0.0230
-0.0909,0.0230
-0.0909,0.0230
-0.0908,0.0229
-0.0908,0.0229
-0.0907,0.0229
-0.0906,0.0229
-0.0906,0.0229
-0.0905,0.0229
-0.0905,0.0229
-0.0904,0.0228
-0.0903,0.0228
-0.0903,0.0228
-0.0902,0.0228
-0.0902,0.0228
-0.0901,0.0228
-0.0901,0.0228
-0.0900,0.0227
-0.0899,0.0227
-0.0899,0.0227
-0.0898,0.0227
-0.0898,0.0227
-0.0897,0.0227
-0.0896,0.0227
-0.0896,0.0227
-0.0895,0.0226
-0.0895,0.0226
-0.0894,0.0226
-0.0894,0.0226
-0.0893,0.0226
-0.0892,0.0226
-0.0892,0.0226
-0.0891,0.0225
-0.0891,0.0225
-0.0890,0.0225
-0.0890,0.0225
-0.0889,0.0225
-0.0889,0.0225
-0.0888,0.0225
-0.0887,0.0225
-0.0887,0.0224
-0.0886,0.0224
-0.0886,0.0224
-0.0885,0.0224
-0.0885,0.0224
-0.0884,0.0224
-0.0883,0.0224
-0.0883,0.0223
-0.0882,0.0223
-0.0882,0.0223
-0.0881,0.0223
-0.0881,0.0223
-0.0880,0.0223
-0.0880,0.0223
-0.0879,0.0223
-0.0879,0.0222
-0.0878,0.0222
-0.0877,0.0222
-0.0877,0.0222
-0.0876,0.0222
-0.0876,0.0222
-0.0875,0.0222
-0.0875,0.0222
-0.0874,0.0221
-0.0874,0.0221
-0.0873,0.0221
-0.0873,0.0221
-0.0872,0.0221
-0.0872,0.0221
-0.0871,0.0221
-0.0870,0.0220
-0.0870,0.0220
-0.0869,0.0220
-0.0869,0.0220
-0.0868,0.0220
-0.0868,0.0220
-0.0867,0.0220
-0.0867,0.0220
-0.0866,0.0219
-0.0866,0.0219
-0.0865,0.0219
-0.0865,0.0219
-0.0864,0.0219
-0.0864,0.0219
-0.0863,0.0219
-0.0863,0.0219
-0.0862,0.0218
-0.0862,0.0218
-0.0861,0.0218
-0.0861,0.0218
-0.0860,0.0218
-0.0860,0.0218
-0.0859,0.0218
-0.0858,0.0218
-0.0858,0.0217
-0.0857,0.0217
-0.0857,0.0217
-0.0856,0.0217
-0.0856,0.0217
-0.0855,0.0217
-0.0855,0.0217
-0.0854,0.0217
-0.0854,0.0216
-0.0853,0.0216
-0.0853,0.0216
-0.0852,0.0216
-0.0852,0.0216
-0.0851,0.0216
-0.0851,0.0216
-0.0850,0.0216
-0.0850,0.0215
-0.0849,0.0215
-0.0849,0.0215
-0.0848,0.0215
-0.0848,0.0215
-0.0847,0.0215
-0.0847,0.0215
-0.0846,0.0215
-0.0846,0.0215
-0.0845,0.0214
-0.0845,0.0214
-0.0845,0.0214
-0.0844,0.0214
-0.0844,0.0214
-0.0843,0.0214
-0.0843,0.0214
-0.0842,0.0214
-0.0842,0.0213
-0.0841,0.0213
-0.0841,0.0213
-0.0840,0.0213
-0.0840,0.0213
-0.0839,0.0213
-0.0839,0.0213
-0.0838,0.0213
-0.0838,0.0213
-0.0837,0.0212
-0.0837,0.0212
-0.0836,0.0212
-0.0836,0.0212
-0.0835,0.0212
-0.0835,0.0212
-0.0834,0.0212
-0.0834,0.0212
-0.0833,0.0211
-0.0833,0.0211
-0.0833,0.0211
-0.0832,0.0211
-0.0832,0.0211
-0.0831,0.0211
-0.0831,0.0211
-0.0830,0.0211
-0.0830,0.0211
-0.0829,0.0210
-0.0829,0.0210
-0.0828,0.0210
-0.0828,0.0210
-0.0827,0.0210
-0.0827,0.0210
-0.0827,0.0210
-0.0826,0.0210
-0.0826,0.0210
-0.0825,0.0209
-0.0825,0.0209
-0.0824,0.0209
-0.0824,0.0209
-0.0823,0.0209
-0.0823,0.0209
-0.0822,0.0209
-0.0822,0.0209
-0.0822,0.0209
-0.0821,0.0208
-0.0821,0.0208
-0.0107
0.2946
0.3098
0.3431
0.3487
0.3688
0.3727
0.3746
0.4171
0.4395
0.4420
0.4501
0.4642
0.4693
0.4752
0.4770
0.4807
0.4817
0.4838
0.5035
0.5400
0.5448
0.5557
0.5577
0.5581
0.5583
0.5685
0.5720
0.5788
0.5911
0.5964
0.6004
0.6034
0.6073
0.6108
0.6145
0.6147
0.6287
0.6345
0.6365
0.6387
0.6403
0.6469
0.6538
0.6556
0.6638
0.6638
0.6680
0.6691
0.6777
0.6849
0.6851
0.6853
0.6866
0.6900
0.6985
0.7012
0.7092
0.7238
0.7256
0.7262
0.7263
0.7270
0.7300
0.7449
0.7454
0.7497
0.7523
0.7524
0.7605
0.7642
0.7723
0.7741
0.7764
0.7787
0.7789
0.7842
0.7879
0.7976
0.7986
0.7998
0.8021
0.8028
0.8062
0.8067
0.8130
0.8135
0.8160
0.8187
0.8217
0.8243
0.8323
0.8324
0.8384
0.8404
0.8444
0.8461
0.8503
0.8531
0.8539
0.8554
0.8558
0.8584
0.8632
0.8633
0.8638
0.8654
0.8663
0.8750
0.8755
0.8837
0.8841
0.8898
0.8898
0.9016
0.9023
0.9026
0.9108
0.9137
0.9182
0.9184
0.9206
0.9225
0.9237
0.9304
0.9308
0.9309
0.9380
0.9413
0.9422
0.9486
0.9494
0.9497
0.9497
0.9543
0.9570
0.9581
0.9598
0.9671
0.9745
0.9783
0.9788
0.9878
0.9897
0.9903
0.9908
0.9913
0.9928
0.9941
0.9966
1.0053
1.0059
1.0134
1.0210
1.0210
1.0221
1.0236
1.0253
1.0260
1.0287
1.0341
1.0379
1.0393
1.0414
1.0445
1.0511
1.0515
1.0534
1.0594
1.0642
1.0644
1.0669
1.0674
1.0680
1.0690
1.0691
1.0704
1.0745
1.0798
1.0823
1.0848
1.0928
1.0941
1.0959
1.0974
1.0996
1.1005
1.1012
1.1013
1.1043
1.1060
1.1080
1.1096
1.1129
1.1142
1.1153
1.1155
1.1186
1.1218
1.1223
1.1247
1.1277
1.1277
1.1288
1.1290
1.1299
1.1311
1.1355
1.1390
1.1405
1.1412
1.1433
1.1439
1.1464
1.1476
1.1514
1.1529
1.1554
1.1601
1.1607
1.1622
1.1636
1.1648
1.1655
1.1665
1.1671
1.1675
1.1678
1.1692
1.1780
1.1804
1.1839
1.1856
1.1875
1.1897
1.1904
1.1918
1.1922
1.1925
1.1931
1.1934
1.1945
1.1948
1.1970
1.1992
1.1995
1.2030
1.2059
1.2119
1.2125
1.2133
1.2151
1.2155
1.2165
1.2225
1.2227
1.2243
1.2243
1.2246
1.2259
1.2260
1.2269
1.2305
1.2308
1.2316
1.2320
1.2327
1.2341
1.2363
1.2378
1.2380
1.2396
1.2399
1.2434
1.2450
1.2477
1.2487
1.2492
1.2495
1.2496
1.2497
1.2554
1.2570
1.2594
1.2618
1.2622
1.2630
1.2641
1.2654
1.2673
1.2695
1.2712
1.2731
1.2773
1.2776
1.2801
1.2802
1.2845
1.2853
1.2855
1.2866
1.2893
1.2906
1.2914
1.2916
1.2932
1.2976
1.2990
1.3006
1.3037
1.3048
1.3051
1.3053
1.3071
1.3077
1.3079
1.3094
1.3137
1.3139
1.3173
1.3194
1.3204
1.3211
1.3221
1.3225
1.3227
1.3243
1.3244
1.3253
1.3253
1.3255
1.3307
1.3318
1.3329
1.3342
1.3347
1.3382
1.3389
1.3406
1.3408
1.3444
1.3543
1.3546
1.3573
1.3653
1.3694
1.3701
1.3722
1.3736
1.3737
1.3764
1.3806
1.3816
1.3851
1.3862
1.3863
1.3869
1.3870
1.3889
1.3944
1.3958
1.3975
1.3987
1.3990
1.4009
1.4016
1.4031
1.4064
1.4071
1.4082
1.4094
1.4111
1.4127
1.4129
1.4135
1.4137
1.4173
1.4192
1.4192
1.4212
1.4214
1.4218
1.4285
1.4296
1.4298
1.4300
1.4333
1.4336
1.4348
1.4362
1.4368
1.4375
1.4381
1.4392
1.4393
1.4413
1.4462
1.4477
1.4499
1.4505
1.4519
1.4521
1.4534
1.4535
1.4545
1.4557
1.4559
1.4581
1.4587
1.4607
1.4659
1.4678
1.4714
1.4734
1.4769
1.4790
1.4802
1.4804
1.4816
1.4835
1.4845
1.4849
1.4853
1.4865
1.4884
1.4915
1.4930
1.4996
1.5001
1.5022
1.5071
1.5076
1.5088
1.5090
1.5096
1.5114
1.5115
1.5128
1.5135
1.5139
1.5144
1.5150
1.5161
1.5164
1.5166
1.5180
1.5201
1.5222
1.5223
1.5245
1.5274
1.5277
1.5283
1.5285
1.5301
1.5335
1.5339
1.5341
1.5341
1.5344
1.5364
1.5369
1.5373
1.5387
1.5393
1.5413
1.5428
1.5431
1.5437
1.5447
1.5452
1.5455
1.5462
1.5466
1.5468
1.5475
1.5476
1.5481
1.5496
1.5511
1.5519
1.5521
1.5537
1.5540
1.5543
1.5545
1.5556
1.5588
1.5589
1.5599
1.5635
1.5637
1.5641
1.5652
1.5671
1.5685
1.5690
1.5694
1.5716
1.5743
1.5764
1.5790
1.5794
1.5800
1.5800
1.5804
1.5809
1.5815
1.5820
1.5839
1.5840
1.5853
1.5855
1.5875
1.5900
1.5915
1.5918
1.5960
1.5970
1.5985
1.5990
1.5994
1.6004
1.6029
1.6038
1.6039
1.6042
1.6044
1.6044
1.6052
1.6066
1.6093
1.6099
1.6107
1.6114
1.6135
1.6137
1.6138
1.6152
1.6156
1.6174
1.6181
1.6229
1.6236
1.6243
1.6245
1.6271
1.6319
1.6331
1.6335
1.6336
1.6339
1.6341
1.6341
1.6401
1.6403
1.6404
1.6412
1.6412
1.6426
1.6443
1.6446
1.6479
1.6503
1.6519
1.6533
1.6539
1.6579
1.6585
1.6594
1.6616
1.6655
1.6682
1.6691
1.6731
1.6737
1.6745
1.6756
1.6762
1.6770
1.6778
1.6818
1.6846
1.6871
1.6871
1.6901
1.6918
1.6934
1.6945
1.6971
1.6980
1.6981
1.6989
1.6995
1.7009
1.7030
1.7033
1.7053
1.7055
1.7061
1.7107
1.7164
1.7191
1.7204
1.7214
1.7217
1.7223
1.7229
1.7232
1.7233
1.7254
1.7265
1.7269
1.7323
1.7355
1.7361
1.7390
1.7412
1.7444
1.7449
1.7452
1.7466
1.7472
1.7490
1.7504
1.7504
1.7508
1.7518
1.7519
1.7551
1.7557
1.7558
1.7576
1.7598
1.7606
1.7611
1.7650
1.7685
1.7706
1.7720
1.7734
1.7734
1.7739
1.7739
1.7753
1.7784
1.7787
1.7791
1.7796
1.7884
1.7887
1.7901
1.7911
1.7916
1.7970
1.8000
1.8004
1.8005
1.8017
1.8018
1.8041
1.8064
1.8081
1.8100
1.8108
1.8124
1.8139
1.8156
1.8159
1.8160
1.8173
1.8180
1.8180
1.8185
1.8204
1.8223
1.8234
1.8238
1.8242
1.8264
1.8268
1.8271
1.8288
1.8303
1.8311
1.8358
1.8459
1.8460
1.8522
1.8538
1.8540
1.8547
1.8554
1.8562
1.8567
1.8568
1.8600
1.8600
1.8645
1.8665
1.8682
1.8698
1.8707
1.8724
1.8727
1.8729
1.8800
1.8806
1.8827
1.8837
1.8872
1.8904
1.8912
1.8919
1.8937
1.8970
1.8987
1.8989
1.9014
1.9014
1.9026
1.9030
1.9063
1.9070
1.9085
1.9106
1.9181
1.9231
1.9237
1.9254
1.9269
1.9296
1.9313
1.9320
1.9326
1.9409
1.9419
1.9423
1.9449
1.9460
1.9472
1.9480
1.9545
1.9547
1.9557
1.9577
1.9598
1.9601
1.9603
1.9604
1.9606
1.9611
1.9717
1.9733
1.9743
1.9755
1.9760
1.9763
1.9763
1.9809
1.9853
1.9857
1.9857
1.9915
1.9920
2.0008
2.0057
2.0065
2.0089
2.0104
2.0137
2.0225
2.0235
2.0289
2.0305
2.0320
2.0413
2.0482
2.0525
2.0537
2.0569
2.0574
2.0613
2.0615
2.0617
2.0784
2.0799
2.0826
2.0878
2.0898
2.0935
2.0959
2.0964
2.0983
2.0987
2.1003
2.1020
2.1094
2.1122
2.1151
2.1154
2.1203
2.1216
2.1245
2.1342
2.1468
2.1499
2.1524
2.1535
2.1537
2.1538
2.1540
2.1543
2.1558
2.1558
2.1566
2.1586
2.1637
2.1676
2.1690
2.1701
2.1729
2.1773
2.1838
2.1842
2.1844
2.1856
2.1874
2.1944
2.1948
2.1958
2.1984
2.2014
2.2018
2.2053
2.2067
2.2126
2.2261
2.2269
2.2279
2.2306
2.2308
2.2316
2.2322
2.2325
2.2339
2.2341
2.2391
2.2408
2.2409
2.2411
2.2413
2.2509
2.2525
2.2550
2.2565
2.2617
2.2630
2.2643
2.2721
2.2768
2.2769
2.2778
2.2804
2.2822
2.2823
2.2825
2.2830
2.2916
2.2951
2.2953
2.2980
2.3052
2.3056
2.3072
2.3075
2.3080
2.3142
2.3212
2.3276
2.3304
2.3362
2.3371
2.3413
2.3422
2.3424
2.3439
2.3444
2.3467
2.3490
2.3494
2.3538
2.3541
2.3552
2.3556
2.3558
2.3608
2.3678
2.3743
2.3762
2.3768
2.3799
2.3835
2.3854
2.3889
2.3950
2.3961
2.4031
2.4070
2.4093
2.4271
2.4272
2.4277
2.4288
2.4291
2.4363
2.4371
2.4416
2.4449
2.4535
2.4550
2.4652
2.4652
2.4734
2.4743
2.4773
2.4905
2.4942
2.4968
2.5043
2.5106
2.5120
2.5201
2.5330
2.5372
2.5444
2.5494
2.5501
2.5522
2.5535
2.5613
2.5677
2.5683
2.5743
2.5864
2.5925
2.6004
2.6056
2.6059
2.6123
2.6167
2.6332
2.6364
2.6448
2.6454
2.6476
2.6563
2.6597
2.6672
2.6707
2.6721
2.6818
2.6920
2.6978
2.7044
2.7061
2.7190
2.7230
2.7237
2.7274
2.7421
2.7669
2.7760
2.8082
2.8181
2.8374
2.8426
2.8465
2.8662
2.8870
2.9102
2.9224
2.9446
2.9603
2.9699
2.9846
2.9896
2.9902
2.9941
3.0282
3.0566
3.1050
3.1900
3.3296
3.4338
3.4666
3.4672
3.5311
3.5504
4.1384
