1000
1000
-1.5935,0.1903
-1.4991,0.1845
-1.2830,0.1408
-1.1337,0.1341
-1.0254,0.1346
-0.9417,0.1336
-0.8753,0.1319
-0.8211,0.1305
-0.7756,0.1289
-0.7368,0.1267
-0.7031,0.1247
-0.6737,0.1228
-0.6472,0.1202
-0.6234,0.1177
-0.6020,0.1154
-0.5825,0.1131
-0.5647,0.1111
-0.5484,0.1092
-0.5333,0.1074
-0.5194,0.1057
-0.5064,0.1041
-0.4943,0.1026
-0.4830,0.1011
-0.4723,0.0996
-0.4623,0.0982
-0.4528,0.0967
-0.4438,0.0953
-0.4354,0.0940
-0.4273,0.0927
-0.4197,0.0916
-0.4125,0.0904
-0.4056,0.0894
-0.3990,0.0883
-0.3926,0.0873
-0.3865,0.0863
-0.3807,0.0854
-0.3752,0.0844
-0.3698,0.0836
-0.3647,0.0828
-0.3597,0.0820
-0.3550,0.0812
-0.3504,0.0805
-0.3460,0.0797
-0.3417,0.0790
-0.3375,0.0783
-0.3335,0.0776
-0.3297,0.0770
-0.3259,0.0764
-0.3223,0.0757
-0.3188,0.0751
-0.3154,0.0746
-0.3121,0.0740
-0.3089,0.0734
-0.3058,0.0728
-0.3028,0.0723
-0.2998,0.0718
-0.2970,0.0712
-0.2942,0.0707
-0.2914,0.0702
-0.2888,0.0697
-0.2862,0.0692
-0.2837,0.0687
-0.2812,0.0683
-0.2788,0.0678
-0.2765,0.0674
-0.2742,0.0669
-0.2720,0.0665
-0.2698,0.0661
-0.2677,0.0657
-0.2656,0.0653
-0.2636,0.0649
-0.2616,0.0645
-0.2596,0.0641
-0.2577,0.0637
-0.2558,0.0633
-0.2540,0.0630
-0.2522,0.0626
-0.2505,0.0623
-0.2487,0.0619
-0.2470,0.0616
-0.2454,0.0612
-0.2437,0.0609
-0.2421,0.0606
-0.2406,0.0602
-0.2390,0.0599
-0.2375,0.0596
-0.2360,0.0593
-0.2346,0.0590
-0.2331,0.0588
-0.2317,0.0585
-0.2303,0.0582
-0.2290,0.0579
-0.2276,0.0577
-0.2263,0.0574
-0.2250,0.0571
-0.2237,0.0569
-0.2225,0.0566
-0.2212,0.0563
-0.2200,0.0560
-0.2188,0.0558
-0.2176,0.0555
-0.2164,0.0553
-0.2153,0.0550
-0.2141,0.0548
-0.2130,0.0545
-0.2119,0.0543
-0.2108,0.0541
-0.2097,0.0538
-0.2087,0.0536
-0.2076,0.0534
-0.2066,0.0531
-0.2056,0.0529
-0.2046,0.0527
-0.2036,0.0524
-0.2026,0.0522
-0.2016,0.0520
-0.2007,0.0517
-0.1997,0.0515
-0.1988,0.0513
-0.1979,0.0511
-0.1970,0.0509
-0.1961,0.0507
-0.1952,0.0505
-0.1943,0.0502
-0.1934,0.0500
-0.1926,0.0498
-0.1917,0.0496
-0.1909,0.0494
-0.1901,0.0493
-0.1893,0.0491
-0.1885,0.0489
-0.1877,0.0487
-0.1869,0.0485
-0.1861,0.0483
-0.1853,0.0481
-0.1846,0.0480
-0.1838,0.0478
-0.1831,0.0476
-0.1823,0.0474
-0.1816,0.0473
-0.1809,0.0471
-0.1802,0.0469
-0.1795,0.0468
-0.1788,0.0466
-0.1781,0.0465
-0.1774,0.0463
-0.1767,0.0461
-0.1761,0.0460
-0.1754,0.0458
-0.1748,0.0457
-0.1741,0.0456
-0.1735,0.0454
-0.1729,0.0453
-0.1722,0.0451
-0.1716,0.0450
-0.1710,0.0449
-0.1704,0.0447
-0.1698,0.0446
-0.1692,0.0445
-0.1686,0.0444
-0.1681,0.0442
-0.1675,0.0441
-0.1669,0.0440
-0.1663,0.0438
-0.1658,0.0437
-0.1652,0.0436
-0.1647,0.0435
-0.1641,0.0433
-0.1636,0.0432
-0.1630,0.0431
-0.1625,0.0430
-0.1620,0.0429
-0.1615,0.0427
-0.1609,0.0426
-0.1604,0.0425
-0.1599,0.0424
-0.1594,0.0422
-0.1589,0.0421
-0.1584,0.0420
-0.1579,0.0419
-0.1574,0.0418
-0.1570,0.0417
-0.1565,0.0415
-0.1560,0.0414
-0.1555,0.0413
-0.1551,0.0412
-0.1546,0.0411
-0.1541,0.0410
-0.1537,0.0409
-0.1532,0.0408
-0.1528,0.0407
-0.1524,0.0406
-0.1519,0.0405
-0.1515,0.0403
-0.1510,0.0402
-0.1506,0.0401
-0.1502,0.0401
-0.1498,0.0400
-0.1494,0.0399
-0.1489,0.0398
-0.1485,0.0397
-0.1481,0.0396
-0.1477,0.0395
-0.1473,0.0394
-0.1469,0.0393
-0.1465,0.0392
-0.1461,0.0391
-0.1457,0.0390
-0.1453,0.0389
-0.1450,0.0388
-0.1446,0.0387
-0.1442,0.0386
-0.1438,0.0385
-0.1434,0.0384
-0.1431,0.0383
-0.1427,0.0382
-0.1423,0.0381
-0.1420,0.0380
-0.1416,0.0379
-0.1412,0.0378
-0.1409,0.0377
-0.1405,0.0377
-0.1402,0.0376
-0.1398,0.0375
-0.1395,0.0374
-0.1391,0.0373
-0.1388,0.0372
-0.1385,0.0371
-0.1381,0.0370
-0.1378,0.0370
-0.1375,0.0369
-0.1371,0.0368
-0.1368,0.0367
-0.1365,0.0366
-0.1361,0.0365
-0.1358,0.0365
-0.1355,0.0364
-0.1352,0.0363
-0.1349,0.0362
-0.1345,0.0361
-0.1342,0.0361
-0.1339,0.0360
-0.1336,0.0359
-0.1333,0.0358
-0.1330,0.0358
-0.1327,0.0357
-0.1324,0.0356
-0.1321,0.0355
-0.1318,0.0355
-0.1315,0.0354
-0.1312,0.0353
-0.1309,0.0353
-0.1307,0.0352
-0.1304,0.0351
-0.1301,0.0350
-0.1298,0.0350
-0.1295,0.0349
-0.1292,0.0348
-0.1290,0.0348
-0.1287,0.0347
-0.1284,0.0346
-0.1281,0.0346
-0.1279,0.0345
-0.1276,0.0344
-0.1273,0.0344
-0.1271,0.0343
-0.1268,0.0342
-0.1265,0.0342
-0.1263,0.0341
-0.1260,0.0340
-0.1258,0.0340
-0.1255,0.0339
-0.1252,0.0338
-0.1250,0.0338
-0.1247,0.0337
-0.1245,0.0337
-0.1242,0.0336
-0.1240,0.0335
-0.1237,0.0335
-0.1235,0.0334
-0.1232,0.0334
-0.1230,0.0333
-0.1228,0.0332
-0.1225,0.0332
-0.1223,0.0331
-0.1220,0.0331
-0.1218,0.0330
-0.1216,0.0329
-0.1213,0.0329
-0.1211,0.0328
-0.1209,0.0328
-0.1207,0.0327
-0.1204,0.0327
-0.1202,0.0326
-0.1200,0.0326
-0.1197,0.0325
-0.1195,0.0325
-0.1193,0.0324
-0.1191,0.0323
-0.1189,0.0323
-0.1186,0.0322
-0.1184,0.0322
-0.1182,0.0321
-0.1180,0.0321
-0.1178,0.0320
-0.1176,0.0320
-0.1174,0.0319
-0.1171,0.0319
-0.1169,0.0318
-0.1167,0.0318
-0.1165,0.0317
-0.1163,0.0317
-0.1161,0.0316
-0.1159,0.0316
-0.1157,0.0315
-0.1155,0.0315
-0.1153,0.0314
-0.1151,0.0314
-0.1149,0.0314
-0.1147,0.0313
-0.1145,0.0313
-0.1143,0.0312
-0.1141,0.0312
-0.1139,0.0311
-0.1137,0.0311
-0.1135,0.0310
-0.1133,0.0310
-0.1131,0.0309
-0.1129,0.0309
-0.1127,0.0308
-0.1126,0.0308
-0.1124,0.0307
-0.1122,0.0307
-0.1120,0.0306
-0.1118,0.0306
-0.1116,0.0306
-0.1114,0.0305
-0.1113,0.0305
-0.1111,0.0304
-0.1109,0.0304
-0.1107,0.0303
-0.1105,0.0303
-0.1103,0.0302
-0.1102,0.0302
-0.1100,0.0301
-0.1098,0.0301
-0.1096,0.0301
-0.1095,0.0300
-0.1093,0.0300
-0.1091,0.0299
-0.1089,0.0299
-0.1088,0.0298
-0.1086,0.0298
-0.1084,0.0297
-0.1082,0.0297
-0.1081,0.0297
-0.1079,0.0296
-0.1077,0.0296
-0.1076,0.0295
-0.1074,0.0295
-0.1072,0.0294
-0.1071,0.0294
-0.1069,0.0293
-0.1067,0.0293
-0.1066,0.0293
-0.1064,0.0292
-0.1063,0.0292
-0.1061,0.0291
-0.1059,0.0291
-0.1058,0.0290
-0.1056,0.0290
-0.1054,0.0290
-0.1053,0.0289
-0.1051,0.0289
-0.1050,0.0288
-0.1048,0.0288
-0.1047,0.0287
-0.1045,0.0287
-0.1044,0.0287
-0.1042,0.0286
-0.1040,0.0286
-0.1039,0.0285
-0.1037,0.0285
-0.1036,0.0285
-0.1034,0.0284
-0.1033,0.0284
-0.1031,0.0283
-0.1030,0.0283
-0.1028,0.0283
-0.1027,0.0282
-0.1025,0.0282
-0.1024,0.0282
-0.1023,0.0281
-0.1021,0.0281
-0.1020,0.0280
-0.1018,0.0280
-0.1017,0.0280
-0.1015,0.0279
-0.1014,0.0279
-0.1012,0.0279
-0.1011,0.0278
-0.1010,0.0278
-0.1008,0.0277
-0.1007,0.0277
-0.1005,0.0277
-0.1004,0.0276
-0.1003,0.0276
-0.1001,0.0276
-0.1000,0.0275
-0.0999,0.0275
-0.0997,0.0274
-0.0996,0.0274
-0.0994,0.0274
-0.0993,0.0273
-0.0992,0.0273
-0.0990,0.0273
-0.0989,0.0272
-0.0988,0.0272
-0.0986,0.0272
-0.0985,0.0271
-0.0984,0.0271
-0.0983,0.0271
-0.0981,0.0270
-0.0980,0.0270
-0.0979,0.0269
-0.0977,0.0269
-0.0976,0.0269
-0.0975,0.0268
-0.0974,0.0268
-0.0972,0.0268
-0.0971,0.0267
-0.0970,0.0267
-0.0968,0.0267
-0.0967,0.0266
-0.0966,0.0266
-0.0965,0.0266
-0.0964,0.0265
-0.0962,0.0265
-0.0961,0.0265
-0.0960,0.0264
-0.0959,0.0264
-0.0957,0.0264
-0.0956,0.0263
-0.0955,0.0263
-0.0954,0.0263
-0.0953,0.0262
-0.0951,0.0262
-0.0950,0.0262
-0.0949,0.0261
-0.0948,0.0261
-0.0947,0.0261
-0.0945,0.0260
-0.0944,0.0260
-0.0943,0.0260
-0.0942,0.0260
-0.0941,0.0259
-0.0940,0.0259
-0.0938,0.0259
-0.0937,0.0258
-0.0936,0.0258
-0.0935,0.0258
-0.0934,0.0257
-0.0933,0.0257
-0.0932,0.0257
-0.0931,0.0256
-0.0929,0.0256
-0.0928,0.0256
-0.0927,0.0256
-0.0926,0.0255
-0.0925,0.0255
-0.0924,0.0255
-0.0923,0.0254
-0.0922,0.0254
-0.0921,0.0254
-0.0920,0.0253
-0.0918,0.0253
-0.0917,0.0253
-0.0916,0.0253
-0.0915,0.0252
-0.0914,0.0252
-0.0913,0.0252
-0.0912,0.0251
-0.0911,0.0251
-0.0910,0.0251
-0.0909,0.0251
-0.0908,0.0250
-0.0907,0.0250
-0.0906,0.0250
-0.0905,0.0250
-0.0904,0.0249
-0.0903,0.0249
-0.0902,0.0249
-0.0901,0.0248
-0.0900,0.0248
-0.0899,0.0248
-0.0898,0.0248
-0.0897,0.0247
-0.0896,0.0247
-0.0895,0.0247
-0.0894,0.0247
-0.0893,0.0246
-0.0892,0.0246
-0.0891,0.0246
-0.0890,0.0246
-0.0889,0.0245
-0.0888,0.0245
-0.0887,0.0245
-0.0886,0.0244
-0.0885,0.0244
-0.0884,0.0244
-0.0883,0.0244
-0.0882,0.0243
-0.0881,0.0243
-0.0880,0.0243
-0.0879,0.0243
-0.0878,0.0242
-0.0877,0.0242
-0.0876,0.0242
-0.0875,0.0242
-0.0874,0.0241
-0.0873,0.0241
-0.0872,0.0241
-0.0872,0.0241
-0.0871,0.0240
-0.0870,0.0240
-0.0869,0.0240
-0.0868,0.0240
-0.0867,0.0239
-0.0866,0.0239
-0.0865,0.0239
-0.0864,0.0239
-0.0863,0.0238
-0.0862,0.0238
-0.0861,0.0238
-0.0861,0.0238
-0.0860,0.0237
-0.0859,0.0237
-0.0858,0.0237
-0.0857,0.0237
-0.0856,0.0236
-0.0855,0.0236
-0.0854,0.0236
-0.0853,0.0236
-0.0853,0.0235
-0.0852,0.0235
-0.0851,0.0235
-0.0850,0.0235
-0.0849,0.0235
-0.0848,0.0234
-0.0847,0.0234
-0.0846,0.0234
-0.0846,0.0234
-0.0845,0.0233
-0.0844,0.0233
-0.0843,0.0233
-0.0842,0.0233
-0.0841,0.0232
-0.0841,0.0232
-0.0840,0.0232
-0.0839,0.0232
-0.0838,0.0231
-0.0837,0.0231
-0.0836,0.0231
-0.0836,0.0231
-0.0835,0.0231
-0.0834,0.0230
-0.0833,0.0230
-0.0832,0.0230
-0.0831,0.0230
-0.0831,0.0229
-0.0830,0.0229
-0.0829,0.0229
-0.0828,0.0229
-0.0827,0.0228
-0.0827,0.0228
-0.0826,0.0228
-0.0825,0.0228
-0.0824,0.0228
-0.0823,0.0227
-0.0823,0.0227
-0.0822,0.0227
-0.0821,0.0227
-0.0820,0.0226
-0.0819,0.0226
-0.0819,0.0226
-0.0818,0.0226
-0.0817,0.0226
-0.0816,0.0225
-0.0815,0.0225
-0.0815,0.0225
-0.0814,0.0225
-0.0813,0.0225
-0.0812,0.0224
-0.0812,0.0224
-0.0811,0.0224
-0.0810,0.0224
-0.0809,0.0223
-0.0808,0.0223
-0.0808,0.0223
-0.0807,0.0223
-0.0806,0.0222
-0.0805,0.0222
-0.0805,0.0222
-0.0804,0.0222
-0.0803,0.0222
-0.0802,0.0221
-0.0802,0.0221
-0.0801,0.0221
-0.0800,0.0221
-0.0799,0.0220
-0.0799,0.0220
-0.0798,0.0220
-0.0797,0.0220
-0.0796,0.0220
-0.0796,0.0219
-0.0795,0.0219
-0.0794,0.0219
-0.0793,0.0219
-0.0793,0.0218
-0.0792,0.0218
-0.0791,0.0218
-0.0791,0.0218
-0.0790,0.0218
-0.0789,0.0217
-0.0788,0.0217
-0.0788,0.0217
-0.0787,0.0217
-0.0786,0.0217
-0.0786,0.0216
-0.0785,0.0216
-0.0784,0.0216
-0.0783,0.0216
-0.0783,0.0216
-0.0782,0.0215
-0.0781,0.0215
-0.0781,0.0215
-0.0780,0.0215
-0.0779,0.0214
-0.0779,0.0214
-0.0778,0.0214
-0.0777,0.0214
-0.0776,0.0214
-0.0776,0.0213
-0.0775,0.0213
-0.0774,0.0213
-0.0774,0.0213
-0.0773,0.0213
-0.0772,0.0212
-0.0772,0.0212
-0.0771,0.0212
-0.0770,0.0212
-0.0770,0.0212
-0.0769,0.0211
-0.0768,0.0211
-0.0768,0.0211
-0.0767,0.0211
-0.0766,0.0211
-0.0766,0.0210
-0.0765,0.0210
-0.0764,0.0210
-0.0764,0.0210
-0.0763,0.0210
-0.0762,0.0209
-0.0762,0.0209
-0.0761,0.0209
-0.0760,0.0209
-0.0760,0.0209
-0.0759,0.0209
-0.0758,0.0208
-0.0758,0.0208
-0.0757,0.0208
-0.0757,0.0208
-0.0756,0.0208
-0.0755,0.0207
-0.0755,0.0207
-0.0754,0.0207
-0.0753,0.0207
-0.0753,0.0207
-0.0752,0.0206
-0.0751,0.0206
-0.0751,0.0206
-0.0750,0.0206
-0.0750,0.0206
-0.0749,0.0205
-0.0748,0.0205
-0.0748,0.0205
-0.0747,0.0205
-0.0746,0.0205
-0.0746,0.0205
-0.0745,0.0204
-0.0745,0.0204
-0.0744,0.0204
-0.0743,0.0204
-0.0743,0.0204
-0.0742,0.0203
-0.0741,0.0203
-0.0741,0.0203
-0.0740,0.0203
-0.0740,0.0203
-0.0739,0.0202
-0.0738,0.0202
-0.0738,0.0202
-0.0737,0.0202
-0.0737,0.0202
-0.0736,0.0202
-0.0735,0.0201
-0.0735,0.0201
-0.0734,0.0201
-0.0734,0.0201
-0.0733,0.0201
-0.0732,0.0200
-0.0732,0.0200
-0.0731,0.0200
-0.0731,0.0200
-0.0730,0.0200
-0.0729,0.0200
-0.0729,0.0199
-0.0728,0.0199
-0.0728,0.0199
-0.0727,0.0199
-0.0727,0.0199
-0.0726,0.0199
-0.0725,0.0198
-0.0725,0.0198
-0.0724,0.0198
-0.0724,0.0198
-0.0723,0.0198
-0.0722,0.0197
-0.0722,0.0197
-0.0721,0.0197
-0.0721,0.0197
-0.0720,0.0197
-0.0720,0.0197
-0.0719,0.0196
-0.0718,0.0196
-0.0718,0.0196
-0.0717,0.0196
-0.0717,0.0196
-0.0716,0.0196
-0.0716,0.0195
-0.0715,0.0195
-0.0715,0.0195
-0.0714,0.0195
-0.0713,0.0195
-0.0713,0.0195
-0.0712,0.0194
-0.0712,0.0194
-0.0711,0.0194
-0.0711,0.0194
-0.0710,0.0194
-0.0710,0.0194
-0.0709,0.0193
-0.0708,0.0193
-0.0708,0.0193
-0.0707,0.0193
-0.0707,0.0193
-0.0706,0.0193
-0.0706,0.0192
-0.0705,0.0192
-0.0705,0.0192
-0.0704,0.0192
-0.0704,0.0192
-0.0703,0.0192
-0.0702,0.0192
-0.0702,0.0191
-0.0701,0.0191
-0.0701,0.0191
-0.0700,0.0191
-0.0700,0.0191
-0.0699,0.0191
-0.0699,0.0190
-0.0698,0.0190
-0.0698,0.0190
-0.0697,0.0190
-0.0697,0.0190
-0.0696,0.0190
-0.0696,0.0189
-0.0695,0.0189
-0.0695,0.0189
-0.0694,0.0189
-0.0694,0.0189
-0.0693,0.0189
-0.0692,0.0188
-0.0692,0.0188
-0.0691,0.0188
-0.0691,0.0188
-0.0690,0.0188
-0.0690,0.0188
-0.0689,0.0187
-0.0689,0.0187
-0.0688,0.0187
-0.0688,0.0187
-0.0687,0.0187
-0.0687,0.0187
-0.0686,0.0187
-0.0686,0.0186
-0.0685,0.0186
-0.0685,0.0186
-0.0684,0.0186
-0.0684,0.0186
-0.0683,0.0186
-0.0683,0.0185
-0.0682,0.0185
-0.0682,0.0185
-0.0681,0.0185
-0.0681,0.0185
-0.0680,0.0185
-0.0680,0.0184
-0.0679,0.0184
-0.0679,0.0184
-0.0678,0.0184
-0.0678,0.0184
-0.0677,0.0184
-0.0677,0.0184
-0.0676,0.0183
-0.0676,0.0183
-0.0675,0.0183
-0.0675,0.0183
-0.0674,0.0183
-0.0674,0.0183
-0.0673,0.0183
-0.0673,0.0182
-0.0673,0.0182
-0.0672,0.0182
-0.0672,0.0182
-0.0671,0.0182
-0.0671,0.0182
-0.0670,0.0181
-0.0670,0.0181
-0.0669,0.0181
-0.0669,0.0181
-0.0668,0.0181
-0.0668,0.0181
-0.0667,0.0181
-0.0667,0.0180
-0.0666,0.0180
-0.0666,0.0180
-0.0665,0.0180
-0.0665,0.0180
-0.0664,0.0180
-0.0664,0.0180
-0.0664,0.0179
-0.0663,0.0179
-0.0663,0.0179
-0.0662,0.0179
-0.0662,0.0179
-0.0661,0.0179
-0.0661,0.0179
-0.0660,0.0178
-0.0660,0.0178
-0.0659,0.0178
-0.0659,0.0178
-0.0658,0.0178
-0.0658,0.0178
-0.0658,0.0178
-0.0657,0.0177
-0.0657,0.0177
-0.0656,0.0177
-0.0656,0.0177
-0.0655,0.0177
-0.0655,0.0177
-0.0654,0.0177
-0.0654,0.0176
-0.0654,0.0176
-0.0653,0.0176
-0.0653,0.0176
-0.0652,0.0176
-0.0652,0.0176
-0.0651,0.0176
-0.0651,0.0175
-0.0650,0.0175
-0.0650,0.0175
-0.0650,0.0175
-0.0649,0.0175
-0.0649,0.0175
-0.0648,0.0175
-0.0648,0.0174
-0.0647,0.0174
-0.0647,0.0174
-0.0646,0.0174
-0.0646,0.0174
-0.0646,0.0174
-0.0645,0.0174
-0.0645,0.0174
-0.0644,0.0173
-0.0644,0.0173
-0.0643,0.0173
-0.0643,0.0173
-0.0643,0.0173
-0.0642,0.0173
-0.0642,0.0173
-0.0641,0.0172
-0.0641,0.0172
-0.0640,0.0172
-0.0640,0.0172
-0.0640,0.0172
-0.0639,0.0172
-0.0639,0.0172
-0.0638,0.0172
-0.0638,0.0171
-0.0637,0.0171
-0.0637,0.0171
-0.0637,0.0171
-0.0636,0.0171
-0.0636,0.0171
-0.0635,0.0171
-0.0635,0.0171
-0.0635,0.0170
-0.0634,0.0170
-0.0634,0.0170
-0.0633,0.0170
-0.0633,0.0170
-0.0632,0.0170
-0.0632,0.0170
-0.0632,0.0169
-0.0631,0.0169
-0.0631,0.0169
-0.0630,0.0169
-0.0630,0.0169
-0.0630,0.0169
-0.0629,0.0169
-0.0629,0.0169
-0.0628,0.0168
-0.0628,0.0168
-0.0628,0.0168
-0.0627,0.0168
-0.0627,0.0168
-0.0626,0.0168
-0.0626,0.0168
-0.0626,0.0168
-0.0625,0.0167
-0.0625,0.0167
-0.0624,0.0167
-0.0624,0.0167
-0.0624,0.0167
-0.0623,0.0167
-0.0623,0.0167
-0.0622,0.0167
-0.0622,0.0166
-0.0622,0.0166
-0.0621,0.0166
-0.0621,0.0166
-0.0620,0.0166
-0.0620,0.0166
-0.0620,0.0166
-0.0619,0.0166
-0.0619,0.0165
-0.0618,0.0165
-0.0618,0.0165
-0.0618,0.0165
-0.0617,0.0165
-0.0617,0.0165
-0.0616,0.0165
-0.0616,0.0165
-0.0616,0.0164
-0.0615,0.0164
-0.0615,0.0164
-0.0615,0.0164
-0.0614,0.0164
-0.0614,0.0164
-0.0613,0.0164
-0.0613,0.0164
-0.0613,0.0163
-0.0612,0.0163
-0.0612,0.0163
-0.0611,0.0163
-0.0611,0.0163
-0.0611,0.0163
-0.0610,0.0163
-0.0610,0.0163
-0.0610,0.0163
-0.0609,0.0162
-0.0609,0.0162
-0.0608,0.0162
-0.0608,0.0162
-0.0608,0.0162
-0.0607,0.0162
-0.0607,0.0162
-0.0607,0.0162
-0.0606,0.0161
-0.0606,0.0161
-0.0605,0.0161
-0.0605,0.0161
-0.0605,0.0161
-0.0604,0.0161
-0.0604,0.0161
-0.0604,0.0161
-0.0603,0.0160
-0.0603,0.0160
-0.0602,0.0160
-0.0602,0.0160
-0.0602,0.0160
-0.0601,0.0160
-0.0601,0.0160
-0.0601,0.0160
-0.0600,0.0160
-0.0600,0.0159
-0.0600,0.0159
-0.0599,0.0159
-0.0599,0.0159
-0.2657
-0.1050
-0.0962
-0.0576
-0.0540
0.0111
0.0230
0.0251
0.0297
0.0349
0.0400
0.0751
0.0828
0.0868
0.1210
0.1212
0.1415
0.1440
0.1911
0.2082
0.2149
0.2193
0.2212
0.2284
0.2438
0.2462
0.2578
0.2874
0.2954
0.3036
0.3224
0.3431
0.3466
0.3470
0.3474
0.3495
0.3515
0.3698
0.3729
0.3729
0.3802
0.3922
0.3933
0.3974
0.4029
0.4096
0.4163
0.4167
0.4221
0.4255
0.4313
0.4314
0.4391
0.4416
0.4446
0.4469
0.4527
0.4553
0.4564
0.4675
0.4689
0.4722
0.4723
0.4733
0.4739
0.4748
0.4796
0.4797
0.4871
0.4882
0.4945
0.4955
0.4960
0.5056
0.5100
0.5107
0.5176
0.5261
0.5269
0.5436
0.5442
0.5507
0.5536
0.5659
0.5686
0.5686
0.5688
0.5701
0.5730
0.5849
0.5902
0.5935
0.6007
0.6045
0.6046
0.6174
0.6195
0.6231
0.6262
0.6338
0.6344
0.6414
0.6440
0.6456
0.6462
0.6491
0.6497
0.6553
0.6562
0.6588
0.6624
0.6633
0.6686
0.6694
0.6705
0.6711
0.6746
0.6752
0.6779
0.6788
0.6832
0.6841
0.6851
0.6886
0.6930
0.6930
0.6975
0.7000
0.7014
0.7020
0.7037
0.7070
0.7104
0.7110
0.7124
0.7146
0.7169
0.7170
0.7175
0.7202
0.7214
0.7230
0.7264
0.7273
0.7279
0.7316
0.7328
0.7410
0.7414
0.7437
0.7457
0.7505
0.7547
0.7554
0.7554
0.7565
0.7570
0.7587
0.7660
0.7662
0.7676
0.7683
0.7688
0.7698
0.7709
0.7768
0.7769
0.7773
0.7777
0.7780
0.7801
0.7808
0.7810
0.7831
0.7845
0.7860
0.7863
0.7887
0.7956
0.7979
0.7997
0.8006
0.8024
0.8063
0.8063
0.8080
0.8152
0.8190
0.8199
0.8205
0.8232
0.8244
0.8289
0.8297
0.8328
0.8387
0.8403
0.8459
0.8509
0.8547
0.8608
0.8631
0.8663
0.8681
0.8699
0.8710
0.8714
0.8728
0.8743
0.8800
0.8816
0.8821
0.8865
0.8892
0.8915
0.8963
0.8977
0.9011
0.9015
0.9024
0.9127
0.9152
0.9171
0.9226
0.9251
0.9260
0.9388
0.9406
0.9425
0.9438
0.9449
0.9462
0.9471
0.9490
0.9523
0.9550
0.9553
0.9555
0.9580
0.9636
0.9663
0.9671
0.9685
0.9751
0.9762
0.9767
0.9770
0.9772
0.9777
0.9779
0.9815
0.9834
0.9844
0.9870
0.9893
0.9909
0.9943
0.9944
0.9970
0.9984
1.0015
1.0053
1.0056
1.0106
1.0111
1.0111
1.0121
1.0124
1.0156
1.0163
1.0175
1.0190
1.0197
1.0219
1.0230
1.0243
1.0263
1.0275
1.0307
1.0309
1.0332
1.0337
1.0375
1.0375
1.0386
1.0410
1.0439
1.0469
1.0470
1.0514
1.0521
1.0546
1.0553
1.0589
1.0591
1.0613
1.0621
1.0624
1.0639
1.0665
1.0672
1.0691
1.0713
1.0718
1.0745
1.0790
1.0808
1.0810
1.0834
1.0839
1.0851
1.0868
1.0900
1.0986
1.0991
1.1026
1.1028
1.1085
1.1098
1.1109
1.1202
1.1231
1.1256
1.1269
1.1271
1.1299
1.1303
1.1335
1.1340
1.1342
1.1355
1.1364
1.1376
1.1442
1.1448
1.1459
1.1472
1.1510
1.1521
1.1528
1.1532
1.1580
1.1592
1.1616
1.1626
1.1628
1.1637
1.1656
1.1658
1.1684
1.1721
1.1722
1.1725
1.1733
1.1796
1.1800
1.1839
1.1843
1.1877
1.1906
1.1912
1.1945
1.1957
1.1960
1.1968
1.1988
1.1993
1.2007
1.2025
1.2027
1.2048
1.2093
1.2126
1.2167
1.2199
1.2232
1.2254
1.2281
1.2289
1.2294
1.2308
1.2323
1.2326
1.2341
1.2360
1.2423
1.2458
1.2468
1.2502
1.2511
1.2522
1.2551
1.2601
1.2603
1.2618
1.2639
1.2640
1.2643
1.2686
1.2689
1.2706
1.2711
1.2724
1.2743
1.2745
1.2777
1.2788
1.2813
1.2822
1.2896
1.2899
1.2933
1.2948
1.2970
1.3003
1.3009
1.3023
1.3034
1.3036
1.3059
1.3070
1.3093
1.3097
1.3100
1.3137
1.3152
1.3157
1.3194
1.3203
1.3212
1.3220
1.3221
1.3231
1.3250
1.3251
1.3254
1.3362
1.3396
1.3457
1.3463
1.3471
1.3495
1.3511
1.3514
1.3552
1.3599
1.3649
1.3655
1.3688
1.3692
1.3695
1.3704
1.3719
1.3731
1.3738
1.3768
1.3769
1.3816
1.3817
1.3820
1.3824
1.3832
1.3839
1.3851
1.3862
1.3882
1.3887
1.3918
1.3926
1.3938
1.3958
1.3965
1.3971
1.3983
1.3998
1.4000
1.4039
1.4062
1.4068
1.4075
1.4084
1.4098
1.4105
1.4116
1.4153
1.4170
1.4186
1.4196
1.4200
1.4224
1.4243
1.4245
1.4253
1.4257
1.4276
1.4287
1.4295
1.4298
1.4313
1.4314
1.4345
1.4357
1.4366
1.4381
1.4388
1.4395
1.4421
1.4427
1.4458
1.4493
1.4504
1.4518
1.4542
1.4569
1.4573
1.4581
1.4625
1.4644
1.4648
1.4651
1.4658
1.4659
1.4668
1.4669
1.4671
1.4720
1.4778
1.4780
1.4782
1.4802
1.4818
1.4820
1.4835
1.4858
1.4872
1.4873
1.4902
1.4919
1.4929
1.4931
1.4976
1.5000
1.5005
1.5019
1.5039
1.5044
1.5104
1.5117
1.5134
1.5175
1.5194
1.5199
1.5208
1.5212
1.5253
1.5270
1.5272
1.5272
1.5281
1.5287
1.5292
1.5300
1.5329
1.5330
1.5342
1.5348
1.5385
1.5391
1.5393
1.5397
1.5406
1.5442
1.5442
1.5478
1.5491
1.5570
1.5570
1.5595
1.5598
1.5626
1.5698
1.5713
1.5733
1.5756
1.5762
1.5765
1.5804
1.5839
1.5852
1.5866
1.5876
1.5904
1.5920
1.5943
1.5948
1.5968
1.5987
1.6007
1.6025
1.6030
1.6033
1.6033
1.6035
1.6043
1.6045
1.6096
1.6125
1.6126
1.6133
1.6154
1.6180
1.6203
1.6204
1.6220
1.6224
1.6246
1.6247
1.6260
1.6318
1.6322
1.6325
1.6326
1.6344
1.6360
1.6370
1.6422
1.6426
1.6432
1.6457
1.6466
1.6483
1.6509
1.6523
1.6547
1.6581
1.6581
1.6606
1.6625
1.6659
1.6686
1.6691
1.6691
1.6695
1.6696
1.6719
1.6730
1.6752
1.6794
1.6801
1.6825
1.6838
1.6841
1.6854
1.6866
1.6881
1.6891
1.6897
1.6940
1.6979
1.6987
1.6990
1.7005
1.7024
1.7027
1.7040
1.7076
1.7109
1.7148
1.7171
1.7180
1.7182
1.7247
1.7250
1.7290
1.7298
1.7311
1.7348
1.7359
1.7381
1.7399
1.7400
1.7460
1.7539
1.7540
1.7563
1.7582
1.7588
1.7604
1.7663
1.7730
1.7752
1.7763
1.7811
1.7838
1.7842
1.7843
1.7847
1.7886
1.7911
1.7912
1.7937
1.7937
1.7944
1.7957
1.7961
1.8039
1.8044
1.8094
1.8137
1.8140
1.8179
1.8190
1.8195
1.8229
1.8230
1.8232
1.8278
1.8285
1.8341
1.8366
1.8424
1.8426
1.8459
1.8471
1.8547
1.8548
1.8558
1.8571
1.8609
1.8656
1.8675
1.8716
1.8788
1.8817
1.8823
1.8837
1.8872
1.8880
1.8896
1.8948
1.8955
1.8985
1.8992
1.9025
1.9059
1.9117
1.9145
1.9187
1.9271
1.9272
1.9283
1.9353
1.9383
1.9410
1.9500
1.9529
1.9542
1.9550
1.9558
1.9565
1.9595
1.9608
1.9628
1.9636
1.9643
1.9645
1.9699
1.9741
1.9744
1.9755
1.9773
1.9773
1.9777
1.9802
1.9816
1.9819
1.9827
1.9829
1.9876
1.9981
1.9990
1.9992
2.0053
2.0060
2.0070
2.0081
2.0085
2.0115
2.0120
2.0152
2.0212
2.0247
2.0275
2.0286
2.0305
2.0313
2.0314
2.0335
2.0373
2.0464
2.0469
2.0491
2.0543
2.0642
2.0652
2.0693
2.0701
2.0712
2.0741
2.0750
2.0812
2.0817
2.0836
2.0876
2.0935
2.0943
2.1057
2.1092
2.1108
2.1127
2.1155
2.1167
2.1188
2.1198
2.1350
2.1421
2.1428
2.1431
2.1446
2.1462
2.1498
2.1531
2.1539
2.1715
2.1733
2.1860
2.1911
2.1914
2.1921
2.1923
2.1963
2.1969
2.1984
2.2219
2.2297
2.2324
2.2364
2.2410
2.2413
2.2447
2.2487
2.2493
2.2518
2.2544
2.2545
2.2589
2.2606
2.2627
2.2662
2.2717
2.2737
2.2744
2.2773
2.2815
2.2821
2.2886
2.2900
2.2942
2.3136
2.3150
2.3155
2.3177
2.3244
2.3253
2.3279
2.3351
2.3444
2.3454
2.3457
2.3492
2.3573
2.3614
2.3658
2.3764
2.3812
2.3851
2.3911
2.3937
2.4008
2.4022
2.4096
2.4200
2.4234
2.4315
2.4361
2.4384
2.4439
2.4457
2.4458
2.4481
2.4509
2.4539
2.4660
2.4664
2.4688
2.4737
2.4756
2.4802
2.4829
2.4830
2.4856
2.4884
2.4884
2.4954
2.4980
2.4993
2.5067
2.5102
2.5296
2.5379
2.5498
2.5511
2.5528
2.5641
2.5794
2.5797
2.5885
2.5943
2.5963
2.5988
2.6098
2.6115
2.6126
2.6186
2.6186
2.6309
2.6334
2.6404
2.6579
2.6601
2.6628
2.6823
2.6846
2.7068
2.7070
2.7148
2.7258
2.7277
2.7302
2.7363
2.7481
2.7623
2.7770
2.7791
2.7793
2.7828
2.8040
2.8060
2.8623
2.8689
2.8703
2.8847
2.8903
2.8927
2.8994
2.9311
2.9387
2.9605
2.9656
2.9817
3.0216
3.0298
3.0617
3.0656
3.0744
3.0789
3.0899
3.1155
3.1366
3.1586
3.1586
3.1633
3.1845
3.2142
3.3059
3.3833
3.4347
3.4510
3.4586
3.5493
3.5805
3.6192
3.7177
3.8899
3.8999
3.9540
4.1005
4.2011
4.5513
4.7876
