1000
1000
-1.5837,0.1959
-1.4909,0.1926
-1.2734,0.1456
-1.1270,0.1344
-1.0181,0.1281
-0.9338,0.1261
-0.8660,0.1238
-0.8106,0.1219
-0.7643,0.1203
-0.7247,0.1185
-0.6907,0.1168
-0.6607,0.1148
-0.6341,0.1127
-0.6104,0.1107
-0.5892,0.1090
-0.5699,0.1072
-0.5522,0.1054
-0.5359,0.1036
-0.5209,0.1017
-0.5070,0.1000
-0.4943,0.0984
-0.4824,0.0969
-0.4712,0.0955
-0.4608,0.0942
-0.4510,0.0929
-0.4418,0.0916
-0.4331,0.0904
-0.4248,0.0892
-0.4170,0.0882
-0.4095,0.0871
-0.4025,0.0862
-0.3958,0.0853
-0.3895,0.0845
-0.3834,0.0836
-0.3776,0.0828
-0.3720,0.0820
-0.3667,0.0813
-0.3615,0.0805
-0.3566,0.0797
-0.3518,0.0790
-0.3472,0.0783
-0.3428,0.0776
-0.3385,0.0768
-0.3343,0.0761
-0.3303,0.0754
-0.3264,0.0747
-0.3226,0.0741
-0.3190,0.0734
-0.3154,0.0728
-0.3120,0.0722
-0.3086,0.0715
-0.3054,0.0710
-0.3023,0.0704
-0.2992,0.0698
-0.2963,0.0693
-0.2934,0.0688
-0.2906,0.0683
-0.2879,0.0678
-0.2852,0.0672
-0.2826,0.0667
-0.2800,0.0662
-0.2775,0.0658
-0.2751,0.0653
-0.2728,0.0648
-0.2704,0.0644
-0.2682,0.0640
-0.2660,0.0636
-0.2639,0.0632
-0.2618,0.0628
-0.2597,0.0624
-0.2577,0.0620
-0.2557,0.0616
-0.2538,0.0613
-0.2519,0.0609
-0.2501,0.0606
-0.2483,0.0602
-0.2465,0.0599
-0.2448,0.0596
-0.2430,0.0592
-0.2414,0.0589
-0.2397,0.0586
-0.2381,0.0583
-0.2365,0.0580
-0.2349,0.0576
-0.2334,0.0573
-0.2319,0.0570
-0.2304,0.0567
-0.2290,0.0564
-0.2276,0.0562
-0.2262,0.0559
-0.2248,0.0556
-0.2234,0.0554
-0.2221,0.0551
-0.2208,0.0548
-0.2195,0.0546
-0.2183,0.0543
-0.2170,0.0541
-0.2158,0.0539
-0.2146,0.0536
-0.2134,0.0534
-0.2123,0.0532
-0.2111,0.0530
-0.2100,0.0527
-0.2089,0.0525
-0.2078,0.0523
-0.2067,0.0521
-0.2056,0.0519
-0.2046,0.0517
-0.2035,0.0515
-0.2025,0.0513
-0.2015,0.0511
-0.2005,0.0509
-0.1995,0.0507
-0.1985,0.0505
-0.1976,0.0503
-0.1966,0.0501
-0.1957,0.0499
-0.1948,0.0497
-0.1939,0.0496
-0.1930,0.0494
-0.1921,0.0492
-0.1912,0.0490
-0.1903,0.0488
-0.1895,0.0487
-0.1886,0.0485
-0.1878,0.0483
-0.1870,0.0482
-0.1862,0.0480
-0.1854,0.0478
-0.1846,0.0477
-0.1838,0.0475
-0.1830,0.0473
-0.1823,0.0472
-0.1815,0.0470
-0.1807,0.0469
-0.1800,0.0467
-0.1793,0.0465
-0.1785,0.0464
-0.1778,0.0462
-0.1771,0.0461
-0.1764,0.0459
-0.1757,0.0458
-0.1750,0.0456
-0.1743,0.0454
-0.1737,0.0453
-0.1730,0.0452
-0.1724,0.0450
-0.1717,0.0449
-0.1711,0.0447
-0.1704,0.0446
-0.1698,0.0444
-0.1692,0.0443
-0.1686,0.0442
-0.1679,0.0440
-0.1673,0.0439
-0.1667,0.0438
-0.1662,0.0436
-0.1656,0.0435
-0.1650,0.0434
-0.1644,0.0432
-0.1638,0.0431
-0.1633,0.0430
-0.1627,0.0429
-0.1622,0.0427
-0.1616,0.0426
-0.1611,0.0425
-0.1605,0.0424
-0.1600,0.0423
-0.1594,0.0421
-0.1589,0.0420
-0.1584,0.0419
-0.1579,0.0418
-0.1574,0.0417
-0.1569,0.0416
-0.1564,0.0414
-0.1559,0.0413
-0.1554,0.0412
-0.1549,0.0411
-0.1544,0.0410
-0.1539,0.0409
-0.1534,0.0408
-0.1529,0.0407
-0.1525,0.0406
-0.1520,0.0405
-0.1515,0.0404
-0.1511,0.0403
-0.1506,0.0402
-0.1502,0.0401
-0.1497,0.0400
-0.1493,0.0399
-0.1489,0.0398
-0.1484,0.0397
-0.1480,0.0396
-0.1476,0.0395
-0.1471,0.0394
-0.1467,0.0393
-0.1463,0.0392
-0.1459,0.0391
-0.1455,0.0390
-0.1451,0.0389
-0.1447,0.0388
-0.1443,0.0388
-0.1439,0.0387
-0.1435,0.0386
-0.1431,0.0385
-0.1427,0.0384
-0.1423,0.0383
-0.1419,0.0382
-0.1415,0.0381
-0.1412,0.0380
-0.1408,0.0379
-0.1404,0.0378
-0.1400,0.0377
-0.1397,0.0377
-0.1393,0.0376
-0.1389,0.0375
-0.1386,0.0374
-0.1382,0.0373
-0.1379,0.0372
-0.1375,0.0372
-0.1372,0.0371
-0.1368,0.0370
-0.1365,0.0369
-0.1361,0.0368
-0.1358,0.0368
-0.1355,0.0367
-0.1351,0.0366
-0.1348,0.0365
-0.1345,0.0364
-0.1341,0.0364
-0.1338,0.0363
-0.1335,0.0362
-0.1332,0.0361
-0.1328,0.0361
-0.1325,0.0360
-0.1322,0.0359
-0.1319,0.0358
-0.1316,0.0358
-0.1313,0.0357
-0.1310,0.0356
-0.1307,0.0355
-0.1304,0.0355
-0.1301,0.0354
-0.1298,0.0353
-0.1295,0.0352
-0.1292,0.0352
-0.1289,0.0351
-0.1286,0.0350
-0.1283,0.0349
-0.1280,0.0349
-0.1277,0.0348
-0.1274,0.0347
-0.1271,0.0347
-0.1269,0.0346
-0.1266,0.0345
-0.1263,0.0344
-0.1260,0.0344
-0.1257,0.0343
-0.1255,0.0342
-0.1252,0.0342
-0.1249,0.0341
-0.1247,0.0340
-0.1244,0.0340
-0.1241,0.0339
-0.1239,0.0338
-0.1236,0.0338
-0.1233,0.0337
-0.1231,0.0336
-0.1228,0.0336
-0.1226,0.0335
-0.1223,0.0335
-0.1221,0.0334
-0.1218,0.0333
-0.1216,0.0333
-0.1213,0.0332
-0.1211,0.0331
-0.1208,0.0331
-0.1206,0.0330
-0.1204,0.0330
-0.1201,0.0329
-0.1199,0.0328
-0.1196,0.0328
-0.1194,0.0327
-0.1192,0.0327
-0.1189,0.0326
-0.1187,0.0326
-0.1185,0.0325
-0.1182,0.0324
-0.1180,0.0324
-0.1178,0.0323
-0.1176,0.0323
-0.1173,0.0322
-0.1171,0.0322
-0.1169,0.0321
-0.1167,0.0320
-0.1164,0.0320
-0.1162,0.0319
-0.1160,0.0319
-0.1158,0.0318
-0.1156,0.0318
-0.1154,0.0317
-0.1151,0.0317
-0.1149,0.0316
-0.1147,0.0316
-0.1145,0.0315
-0.1143,0.0315
-0.1141,0.0314
-0.1139,0.0314
-0.1137,0.0313
-0.1135,0.0313
-0.1133,0.0312
-0.1131,0.0312
-0.1129,0.0311
-0.1127,0.0311
-0.1125,0.0310
-0.1123,0.0310
-0.1121,0.0309
-0.1119,0.0309
-0.1117,0.0308
-0.1115,0.0308
-0.1113,0.0307
-0.1111,0.0307
-0.1109,0.0307
-0.1108,0.0306
-0.1106,0.0306
-0.1104,0.0305
-0.1102,0.0305
-0.1100,0.0304
-0.1098,0.0304
-0.1096,0.0303
-0.1095,0.0303
-0.1093,0.0302
-0.1091,0.0302
-0.1089,0.0302
-0.1087,0.0301
-0.1086,0.0301
-0.1084,0.0300
-0.1082,0.0300
-0.1080,0.0299
-0.1079,0.0299
-0.1077,0.0299
-0.1075,0.0298
-0.1073,0.0298
-0.1072,0.0297
-0.1070,0.0297
-0.1068,0.0296
-0.1067,0.0296
-0.1065,0.0296
-0.1063,0.0295
-0.1061,0.0295
-0.1060,0.0294
-0.1058,0.0294
-0.1056,0.0294
-0.1055,0.0293
-0.1053,0.0293
-0.1052,0.0292
-0.1050,0.0292
-0.1048,0.0291
-0.1047,0.0291
-0.1045,0.0291
-0.1044,0.0290
-0.1042,0.0290
-0.1040,0.0289
-0.1039,0.0289
-0.1037,0.0289
-0.1036,0.0288
-0.1034,0.0288
-0.1033,0.0288
-0.1031,0.0287
-0.1030,0.0287
-0.1028,0.0286
-0.1027,0.0286
-0.1025,0.0286
-0.1024,0.0285
-0.1022,0.0285
-0.1021,0.0285
-0.1019,0.0284
-0.1018,0.0284
-0.1016,0.0283
-0.1015,0.0283
-0.1013,0.0283
-0.1012,0.0282
-0.1010,0.0282
-0.1009,0.0282
-0.1007,0.0281
-0.1006,0.0281
-0.1005,0.0281
-0.1003,0.0280
-0.1002,0.0280
-0.1000,0.0280
-0.0999,0.0279
-0.0997,0.0279
-0.0996,0.0279
-0.0995,0.0278
-0.0993,0.0278
-0.0992,0.0277
-0.0991,0.0277
-0.0989,0.0277
-0.0988,0.0276
-0.0986,0.0276
-0.0985,0.0276
-0.0984,0.0275
-0.0982,0.0275
-0.0981,0.0275
-0.0980,0.0274
-0.0978,0.0274
-0.0977,0.0274
-0.0976,0.0273
-0.0974,0.0273
-0.0973,0.0273
-0.0972,0.0272
-0.0971,0.0272
-0.0969,0.0272
-0.0968,0.0271
-0.0967,0.0271
-0.0965,0.0271
-0.0964,0.0270
-0.0963,0.0270
-0.0962,0.0270
-0.0960,0.0269
-0.0959,0.0269
-0.0958,0.0269
-0.0957,0.0268
-0.0955,0.0268
-0.0954,0.0268
-0.0953,0.0267
-0.0952,0.0267
-0.0950,0.0267
-0.0949,0.0266
-0.0948,0.0266
-0.0947,0.0266
-0.0946,0.0265
-0.0944,0.0265
-0.0943,0.0265
-0.0942,0.0265
-0.0941,0.0264
-0.0940,0.0264
-0.0938,0.0264
-0.0937,0.0263
-0.0936,0.0263
-0.0935,0.0263
-0.0934,0.0262
-0.0932,0.0262
-0.0931,0.0262
-0.0930,0.0261
-0.0929,0.0261
-0.0928,0.0261
-0.0927,0.0261
-0.0926,0.0260
-0.0924,0.0260
-0.0923,0.0260
-0.0922,0.0259
-0.0921,0.0259
-0.0920,0.0259
-0.0919,0.0258
-0.0918,0.0258
-0.0917,0.0258
-0.0915,0.0258
-0.0914,0.0257
-0.0913,0.0257
-0.0912,0.0257
-0.0911,0.0256
-0.0910,0.0256
-0.0909,0.0256
-0.0908,0.0255
-0.0907,0.0255
-0.0906,0.0255
-0.0905,0.0255
-0.0904,0.0254
-0.0902,0.0254
-0.0901,0.0254
-0.0900,0.0253
-0.0899,0.0253
-0.0898,0.0253
-0.0897,0.0253
-0.0896,0.0252
-0.0895,0.0252
-0.0894,0.0252
-0.0893,0.0251
-0.0892,0.0251
-0.0891,0.0251
-0.0890,0.0251
-0.0889,0.0250
-0.0888,0.0250
-0.0887,0.0250
-0.0886,0.0249
-0.0885,0.0249
-0.0884,0.0249
-0.0883,0.0249
-0.0882,0.0248
-0.0881,0.0248
-0.0880,0.0248
-0.0879,0.0247
-0.0878,0.0247
-0.0877,0.0247
-0.0876,0.0247
-0.0875,0.0246
-0.0874,0.0246
-0.0873,0.0246
-0.0872,0.0246
-0.0871,0.0245
-0.0870,0.0245
-0.0869,0.0245
-0.0868,0.0244
-0.0867,0.0244
-0.0866,0.0244
-0.0865,0.0244
-0.0864,0.0243
-0.0863,0.0243
-0.0862,0.0243
-0.0861,0.0243
-0.0860,0.0242
-0.0859,0.0242
-0.0858,0.0242
-0.0857,0.0241
-0.0856,0.0241
-0.0856,0.0241
-0.0855,0.0241
-0.0854,0.0240
-0.0853,0.0240
-0.0852,0.0240
-0.0851,0.0240
-0.0850,0.0239
-0.0849,0.0239
-0.0848,0.0239
-0.0847,0.0238
-0.0846,0.0238
-0.0845,0.0238
-0.0845,0.0238
-0.0844,0.0237
-0.0843,0.0237
-0.0842,0.0237
-0.0841,0.0237
-0.0840,0.0236
-0.0839,0.0236
-0.0838,0.0236
-0.0837,0.0236
-0.0837,0.0235
-0.0836,0.0235
-0.0835,0.0235
-0.0834,0.0235
-0.0833,0.0234
-0.0832,0.0234
-0.0831,0.0234
-0.0830,0.0234
-0.0830,0.0233
-0.0829,0.0233
-0.0828,0.0233
-0.0827,0.0233
-0.0826,0.0232
-0.0825,0.0232
-0.0824,0.0232
-0.0824,0.0232
-0.0823,0.0231
-0.0822,0.0231
-0.0821,0.0231
-0.0820,0.0231
-0.0819,0.0230
-0.0819,0.0230
-0.0818,0.0230
-0.0817,0.0230
-0.0816,0.0229
-0.0815,0.0229
-0.0814,0.0229
-0.0814,0.0229
-0.0813,0.0228
-0.0812,0.0228
-0.0811,0.0228
-0.0810,0.0228
-0.0810,0.0227
-0.0809,0.0227
-0.0808,0.0227
-0.0807,0.0227
-0.0806,0.0226
-0.0806,0.0226
-0.0805,0.0226
-0.0804,0.0226
-0.0803,0.0225
-0.0802,0.0225
-0.0802,0.0225
-0.0801,0.0225
-0.0800,0.0224
-0.0799,0.0224
-0.0798,0.0224
-0.0798,0.0224
-0.0797,0.0223
-0.0796,0.0223
-0.0795,0.0223
-0.0795,0.0223
-0.0794,0.0223
-0.0793,0.0222
-0.0792,0.0222
-0.0791,0.0222
-0.0791,0.0222
-0.0790,0.0221
-0.0789,0.0221
-0.0788,0.0221
-0.0788,0.0221
-0.0787,0.0220
-0.0786,0.0220
-0.0785,0.0220
-0.0785,0.0220
-0.0784,0.0219
-0.0783,0.0219
-0.0782,0.0219
-0.0782,0.0219
-0.0781,0.0219
-0.0780,0.0218
-0.0779,0.0218
-0.0779,0.0218
-0.0778,0.0218
-0.0777,0.0217
-0.0776,0.0217
-0.0776,0.0217
-0.0775,0.0217
-0.0774,0.0216
-0.0774,0.0216
-0.0773,0.0216
-0.0772,0.0216
-0.0771,0.0216
-0.0771,0.0215
-0.0770,0.0215
-0.0769,0.0215
-0.0769,0.0215
-0.0768,0.0214
-0.0767,0.0214
-0.0766,0.0214
-0.0766,0.0214
-0.0765,0.0214
-0.0764,0.0213
-0.0764,0.0213
-0.0763,0.0213
-0.0762,0.0213
-0.0762,0.0213
-0.0761,0.0212
-0.0760,0.0212
-0.0760,0.0212
-0.0759,0.0212
-0.0758,0.0211
-0.0757,0.0211
-0.0757,0.0211
-0.0756,0.0211
-0.0755,0.0211
-0.0755,0.0210
-0.0754,0.0210
-0.0753,0.0210
-0.0753,0.0210
-0.0752,0.0210
-0.0751,0.0209
-0.0751,0.0209
-0.0750,0.0209
-0.0749,0.0209
-0.0749,0.0208
-0.0748,0.0208
-0.0747,0.0208
-0.0747,0.0208
-0.0746,0.0208
-0.0745,0.0207
-0.0745,0.0207
-0.0744,0.0207
-0.0744,0.0207
-0.0743,0.0207
-0.0742,0.0206
-0.0742,0.0206
-0.0741,0.0206
-0.0740,0.0206
-0.0740,0.0206
-0.0739,0.0205
-0.0738,0.0205
-0.0738,0.0205
-0.0737,0.0205
-0.0736,0.0205
-0.0736,0.0204
-0.0735,0.0204
-0.0735,0.0204
-0.0734,0.0204
-0.0733,0.0204
-0.0733,0.0204
-0.0732,0.0203
-0.0731,0.0203
-0.0731,0.0203
-0.0730,0.0203
-0.0730,0.0203
-0.0729,0.0202
-0.0728,0.0202
-0.0728,0.0202
-0.0727,0.0202
-0.0727,0.0202
-0.0726,0.0201
-0.0725,0.0201
-0.0725,0.0201
-0.0724,0.0201
-0.0724,0.0201
-0.0723,0.0201
-0.0722,0.0200
-0.0722,0.0200
-0.0721,0.0200
-0.0721,0.0200
-0.0720,0.0200
-0.0719,0.0199
-0.0719,0.0199
-0.0718,0.0199
-0.0718,0.0199
-0.0717,0.0199
-0.0716,0.0199
-0.0716,0.0198
-0.0715,0.0198
-0.0715,0.0198
-0.0714,0.0198
-0.0713,0.0198
-0.0713,0.0198
-0.0712,0.0197
-0.0712,0.0197
-0.0711,0.0197
-0.0710,0.0197
-0.0710,0.0197
-0.0709,0.0196
-0.0709,0.0196
-0.0708,0.0196
-0.0708,0.0196
-0.0707,0.0196
-0.0706,0.0196
-0.0706,0.0195
-0.0705,0.0195
-0.0705,0.0195
-0.0704,0.0195
-0.0704,0.0195
-0.0703,0.0195
-0.0702,0.0194
-0.0702,0.0194
-0.0701,0.0194
-0.0701,0.0194
-0.0700,0.0194
-0.0700,0.0194
-0.0699,0.0193
-0.0699,0.0193
-0.0698,0.0193
-0.0697,0.0193
-0.0697,0.0193
-0.0696,0.0193
-0.0696,0.0192
-0.0695,0.0192
-0.0695,0.0192
-0.0694,0.0192
-0.0694,0.0192
-0.0693,0.0192
-0.0692,0.0191
-0.0692,0.0191
-0.0691,0.0191
-0.0691,0.0191
-0.0690,0.0191
-0.0690,0.0191
-0.0689,0.0190
-0.0689,0.0190
-0.0688,0.0190
-0.0688,0.0190
-0.0687,0.0190
-0.0687,0.0190
-0.0686,0.0189
-0.0685,0.0189
-0.0685,0.0189
-0.0684,0.0189
-0.0684,0.0189
-0.0683,0.0189
-0.0683,0.0188
-0.0682,0.0188
-0.0682,0.0188
-0.0681,0.0188
-0.0681,0.0188
-0.0680,0.0188
-0.0680,0.0188
-0.0679,0.0187
-0.0679,0.0187
-0.0678,0.0187
-0.0678,0.0187
-0.0677,0.0187
-0.0677,0.0187
-0.0676,0.0186
-0.0676,0.0186
-0.0675,0.0186
-0.0675,0.0186
-0.0674,0.0186
-0.0673,0.0186
-0.0673,0.0186
-0.0672,0.0185
-0.0672,0.0185
-0.0671,0.0185
-0.0671,0.0185
-0.0670,0.0185
-0.0670,0.0185
-0.0669,0.0184
-0.0669,0.0184
-0.0668,0.0184
-0.0668,0.0184
-0.0667,0.0184
-0.0667,0.0184
-0.0666,0.0184
-0.0666,0.0183
-0.0665,0.0183
-0.0665,0.0183
-0.0664,0.0183
-0.0664,0.0183
-0.0663,0.0183
-0.0663,0.0182
-0.0662,0.0182
-0.0662,0.0182
-0.0661,0.0182
-0.0661,0.0182
-0.0660,0.0182
-0.0660,0.0182
-0.0659,0.0181
-0.0659,0.0181
-0.0659,0.0181
-0.0658,0.0181
-0.0658,0.0181
-0.0657,0.0181
-0.0657,0.0181
-0.0656,0.0180
-0.0656,0.0180
-0.0655,0.0180
-0.0655,0.0180
-0.0654,0.0180
-0.0654,0.0180
-0.0653,0.0179
-0.0653,0.0179
-0.0652,0.0179
-0.0652,0.0179
-0.0651,0.0179
-0.0651,0.0179
-0.0650,0.0179
-0.0650,0.0178
-0.0649,0.0178
-0.0649,0.0178
-0.0648,0.0178
-0.0648,0.0178
-0.0648,0.0178
-0.0647,0.0178
-0.0647,0.0177
-0.0646,0.0177
-0.0646,0.0177
-0.0645,0.0177
-0.0645,0.0177
-0.0644,0.0177
-0.0644,0.0177
-0.0643,0.0176
-0.0643,0.0176
-0.0642,0.0176
-0.0642,0.0176
-0.0641,0.0176
-0.0641,0.0176
-0.0641,0.0176
-0.0640,0.0175
-0.0640,0.0175
-0.0639,0.0175
-0.0639,0.0175
-0.0638,0.0175
-0.0638,0.0175
-0.0637,0.0175
-0.0637,0.0174
-0.0636,0.0174
-0.0636,0.0174
-0.0636,0.0174
-0.0635,0.0174
-0.0635,0.0174
-0.0634,0.0174
-0.0634,0.0173
-0.0633,0.0173
-0.0633,0.0173
-0.0632,0.0173
-0.0632,0.0173
-0.0632,0.0173
-0.0631,0.0173
-0.0631,0.0172
-0.0630,0.0172
-0.0630,0.0172
-0.0629,0.0172
-0.0629,0.0172
-0.0628,0.0172
-0.0628,0.0172
-0.0628,0.0171
-0.0627,0.0171
-0.0627,0.0171
-0.0626,0.0171
-0.0626,0.0171
-0.0625,0.0171
-0.0625,0.0171
-0.0624,0.0170
-0.0624,0.0170
-0.0624,0.0170
-0.0623,0.0170
-0.0623,0.0170
-0.0622,0.0170
-0.0622,0.0170
-0.0621,0.0169
-0.0621,0.0169
-0.0621,0.0169
-0.0620,0.0169
-0.0620,0.0169
-0.0619,0.0169
-0.0619,0.0169
-0.0618,0.0168
-0.0618,0.0168
-0.0618,0.0168
-0.0617,0.0168
-0.0617,0.0168
-0.0616,0.0168
-0.0616,0.0168
-0.0615,0.0168
-0.0615,0.0167
-0.0615,0.0167
-0.0614,0.0167
-0.0614,0.0167
-0.0613,0.0167
-0.0613,0.0167
-0.0612,0.0167
-0.0612,0.0166
-0.0612,0.0166
-0.0611,0.0166
-0.0611,0.0166
-0.0610,0.0166
-0.0610,0.0166
-0.0610,0.0166
-0.0609,0.0166
-0.0609,0.0165
-0.0608,0.0165
-0.0608,0.0165
-0.0607,0.0165
-0.0607,0.0165
-0.0607,0.0165
-0.0606,0.0165
-0.0606,0.0165
-0.0605,0.0164
-0.0605,0.0164
-0.0605,0.0164
-0.0604,0.0164
-0.0604,0.0164
-0.0603,0.0164
-0.0603,0.0164
-0.0603,0.0163
-0.0602,0.0163
-0.0602,0.0163
-0.0601,0.0163
-0.0601,0.0163
-0.0601,0.0163
-0.0600,0.0163
-0.0600,0.0163
-0.0599,0.0162
-0.0599,0.0162
-0.0599,0.0162
-0.0598,0.0162
-0.0598,0.0162
-0.0597,0.0162
-0.0597,0.0162
-0.0597,0.0162
-0.0596,0.0161
-0.0596,0.0161
-0.0595,0.0161
-0.0595,0.0161
-0.0595,0.0161
-0.0594,0.0161
-0.0594,0.0161
-0.0593,0.0161
-0.0593,0.0160
-0.0593,0.0160
-0.0592,0.0160
-0.0592,0.0160
-0.0591,0.0160
-0.0591,0.0160
-0.0591,0.0160
-0.0590,0.0160
-0.0590,0.0159
-0.0589,0.0159
-0.0589,0.0159
-0.0589,0.0159
-0.0588,0.0159
-0.0588,0.0159
-0.0588,0.0159
-0.0587,0.0159
-0.0587,0.0158
-0.0586,0.0158
-0.0586,0.0158
-0.0586,0.0158
-0.0585,0.0158
-0.0585,0.0158
-0.0584,0.0158
-0.0584,0.0158
-0.0584,0.0157
-0.0583,0.0157
-0.0583,0.0157
-0.0583,0.0157
-0.0582,0.0157
-0.0582,0.0157
-0.0581,0.0157
-0.0581,0.0157
-0.0581,0.0156
-0.0580,0.0156
-0.0580,0.0156
-0.0579,0.0156
-0.0579,0.0156
-0.0579,0.0156
-0.2195
-0.1841
-0.1835
-0.1753
-0.1602
-0.1156
-0.0382
-0.0279
-0.0243
0.0015
0.0086
0.0261
0.0323
0.0426
0.0750
0.0941
0.0968
0.0992
0.1062
0.1313
0.1332
0.1355
0.1400
0.1407
0.1462
0.1467
0.1486
0.1533
0.1570
0.1709
0.1849
0.1934
0.2010
0.2222
0.2271
0.2352
0.2355
0.2370
0.2413
0.2428
0.2518
0.2518
0.2603
0.2747
0.2761
0.2767
0.2804
0.2811
0.2855
0.3018
0.3207
0.3404
0.3448
0.3504
0.3548
0.3597
0.3747
0.3759
0.3842
0.3914
0.3950
0.3973
0.4018
0.4055
0.4091
0.4189
0.4307
0.4338
0.4347
0.4372
0.4413
0.4422
0.4579
0.4592
0.4599
0.4649
0.4786
0.4858
0.4957
0.5038
0.5042
0.5056
0.5143
0.5241
0.5276
0.5347
0.5375
0.5391
0.5427
0.5433
0.5453
0.5474
0.5513
0.5540
0.5543
0.5571
0.5612
0.5623
0.5624
0.5628
0.5686
0.5693
0.5700
0.5729
0.5756
0.5789
0.5796
0.5815
0.5826
0.5830
0.5851
0.5869
0.5914
0.5942
0.5997
0.6025
0.6038
0.6081
0.6137
0.6146
0.6222
0.6240
0.6290
0.6299
0.6339
0.6358
0.6398
0.6403
0.6433
0.6457
0.6516
0.6530
0.6535
0.6573
0.6590
0.6594
0.6601
0.6649
0.6667
0.6719
0.6779
0.6805
0.6818
0.6872
0.6929
0.6982
0.7005
0.7014
0.7037
0.7037
0.7072
0.7095
0.7123
0.7126
0.7175
0.7202
0.7276
0.7313
0.7335
0.7365
0.7384
0.7413
0.7423
0.7489
0.7504
0.7511
0.7542
0.7622
0.7623
0.7657
0.7702
0.7734
0.7788
0.7801
0.7860
0.7867
0.7879
0.7884
0.7979
0.7993
0.8000
0.8006
0.8044
0.8066
0.8106
0.8149
0.8177
0.8199
0.8218
0.8223
0.8233
0.8286
0.8294
0.8297
0.8335
0.8337
0.8344
0.8356
0.8358
0.8386
0.8386
0.8415
0.8446
0.8522
0.8530
0.8559
0.8564
0.8565
0.8605
0.8606
0.8623
0.8665
0.8671
0.8745
0.8769
0.8833
0.8847
0.8869
0.8884
0.8939
0.8940
0.8945
0.8999
0.9016
0.9060
0.9085
0.9097
0.9143
0.9148
0.9213
0.9252
0.9269
0.9272
0.9290
0.9296
0.9304
0.9345
0.9348
0.9352
0.9368
0.9415
0.9455
0.9474
0.9476
0.9564
0.9623
0.9661
0.9715
0.9723
0.9753
0.9762
0.9779
0.9803
0.9816
0.9824
0.9826
0.9854
0.9863
0.9874
0.9882
0.9885
0.9891
0.9916
0.9927
0.9972
0.9977
0.9994
1.0030
1.0077
1.0087
1.0098
1.0111
1.0130
1.0143
1.0173
1.0173
1.0215
1.0244
1.0263
1.0281
1.0281
1.0319
1.0329
1.0333
1.0343
1.0353
1.0366
1.0370
1.0382
1.0390
1.0424
1.0467
1.0476
1.0483
1.0488
1.0513
1.0519
1.0587
1.0644
1.0650
1.0676
1.0678
1.0691
1.0702
1.0709
1.0720
1.0743
1.0757
1.0778
1.0802
1.0804
1.0827
1.0828
1.0841
1.0887
1.0912
1.0926
1.0948
1.0989
1.0990
1.0995
1.1025
1.1038
1.1043
1.1076
1.1077
1.1108
1.1113
1.1132
1.1144
1.1171
1.1186
1.1198
1.1205
1.1222
1.1222
1.1226
1.1263
1.1275
1.1277
1.1281
1.1307
1.1310
1.1334
1.1342
1.1362
1.1388
1.1392
1.1395
1.1413
1.1415
1.1426
1.1447
1.1467
1.1476
1.1490
1.1492
1.1504
1.1512
1.1521
1.1530
1.1536
1.1544
1.1574
1.1583
1.1595
1.1626
1.1627
1.1660
1.1681
1.1684
1.1695
1.1728
1.1729
1.1737
1.1765
1.1772
1.1792
1.1808
1.1809
1.1811
1.1817
1.1839
1.1848
1.1877
1.1885
1.1907
1.1918
1.1933
1.1950
1.1960
1.1961
1.1985
1.2011
1.2050
1.2050
1.2065
1.2086
1.2130
1.2130
1.2145
1.2162
1.2174
1.2227
1.2228
1.2331
1.2348
1.2386
1.2407
1.2447
1.2475
1.2512
1.2516
1.2520
1.2554
1.2628
1.2654
1.2677
1.2703
1.2711
1.2719
1.2766
1.2772
1.2791
1.2810
1.2812
1.2836
1.2840
1.2843
1.2855
1.2873
1.2881
1.2926
1.2950
1.2954
1.2977
1.2991
1.3004
1.3012
1.3018
1.3057
1.3059
1.3076
1.3097
1.3136
1.3204
1.3217
1.3257
1.3258
1.3283
1.3293
1.3307
1.3309
1.3313
1.3314
1.3316
1.3321
1.3322
1.3347
1.3392
1.3418
1.3439
1.3496
1.3535
1.3553
1.3591
1.3662
1.3673
1.3702
1.3771
1.3772
1.3775
1.3813
1.3815
1.3883
1.3883
1.3890
1.3928
1.3932
1.3971
1.3987
1.3995
1.4010
1.4013
1.4019
1.4019
1.4031
1.4031
1.4050
1.4057
1.4111
1.4132
1.4177
1.4188
1.4197
1.4242
1.4244
1.4259
1.4261
1.4269
1.4278
1.4301
1.4308
1.4314
1.4314
1.4318
1.4343
1.4347
1.4361
1.4373
1.4385
1.4388
1.4408
1.4430
1.4454
1.4483
1.4500
1.4501
1.4505
1.4506
1.4510
1.4514
1.4523
1.4534
1.4535
1.4548
1.4553
1.4590
1.4592
1.4592
1.4638
1.4643
1.4644
1.4656
1.4662
1.4690
1.4744
1.4756
1.4765
1.4771
1.4780
1.4802
1.4815
1.4818
1.4827
1.4833
1.4836
1.4865
1.4874
1.4889
1.4896
1.4906
1.4939
1.4941
1.4964
1.4994
1.5005
1.5012
1.5012
1.5014
1.5019
1.5035
1.5042
1.5044
1.5053
1.5066
1.5094
1.5102
1.5119
1.5136
1.5169
1.5217
1.5329
1.5331
1.5362
1.5441
1.5443
1.5445
1.5464
1.5466
1.5468
1.5475
1.5481
1.5483
1.5515
1.5523
1.5581
1.5584
1.5608
1.5618
1.5648
1.5649
1.5670
1.5690
1.5696
1.5707
1.5750
1.5755
1.5848
1.5855
1.5918
1.5928
1.5993
1.6004
1.6030
1.6056
1.6070
1.6081
1.6084
1.6087
1.6141
1.6177
1.6186
1.6204
1.6210
1.6218
1.6240
1.6259
1.6294
1.6314
1.6315
1.6322
1.6356
1.6383
1.6410
1.6466
1.6478
1.6507
1.6518
1.6529
1.6532
1.6549
1.6612
1.6616
1.6632
1.6734
1.6736
1.6741
1.6822
1.6824
1.6827
1.6850
1.6872
1.6898
1.6902
1.6903
1.6949
1.6958
1.6971
1.7039
1.7086
1.7128
1.7166
1.7172
1.7198
1.7206
1.7259
1.7318
1.7357
1.7376
1.7377
1.7384
1.7407
1.7419
1.7434
1.7470
1.7470
1.7490
1.7526
1.7565
1.7594
1.7594
1.7596
1.7653
1.7680
1.7681
1.7682
1.7705
1.7721
1.7731
1.7748
1.7792
1.7793
1.7812
1.7815
1.7838
1.7849
1.7852
1.7855
1.7861
1.7893
1.7895
1.7924
1.7949
1.7956
1.7979
1.7995
1.8002
1.8011
1.8086
1.8149
1.8171
1.8171
1.8173
1.8175
1.8199
1.8242
1.8254
1.8265
1.8285
1.8286
1.8296
1.8306
1.8310
1.8332
1.8339
1.8341
1.8357
1.8367
1.8379
1.8400
1.8463
1.8495
1.8522
1.8578
1.8582
1.8590
1.8637
1.8641
1.8641
1.8643
1.8661
1.8661
1.8756
1.8775
1.8807
1.8824
1.8834
1.8836
1.8926
1.8931
1.8958
1.8971
1.9015
1.9091
1.9127
1.9127
1.9133
1.9166
1.9166
1.9200
1.9262
1.9267
1.9296
1.9296
1.9327
1.9337
1.9377
1.9417
1.9439
1.9454
1.9460
1.9477
1.9484
1.9490
1.9514
1.9534
1.9548
1.9595
1.9644
1.9687
1.9737
1.9757
1.9792
1.9817
1.9827
1.9834
1.9872
1.9874
1.9875
1.9914
1.9962
1.9971
1.9995
2.0003
2.0033
2.0061
2.0067
2.0112
2.0118
2.0145
2.0155
2.0187
2.0197
2.0221
2.0245
2.0270
2.0287
2.0354
2.0373
2.0481
2.0537
2.0551
2.0614
2.0715
2.0740
2.0746
2.0753
2.0854
2.0892
2.0902
2.0905
2.0908
2.0932
2.0983
2.1001
2.1024
2.1083
2.1090
2.1122
2.1138
2.1155
2.1279
2.1371
2.1410
2.1580
2.1589
2.1606
2.1638
2.1675
2.1701
2.1728
2.1728
2.1744
2.1748
2.1807
2.1831
2.1976
2.2023
2.2047
2.2127
2.2132
2.2144
2.2146
2.2193
2.2208
2.2247
2.2355
2.2408
2.2423
2.2492
2.2512
2.2543
2.2591
2.2681
2.2720
2.2772
2.2840
2.2857
2.2862
2.2866
2.2872
2.2889
2.2910
2.2970
2.3037
2.3038
2.3127
2.3138
2.3159
2.3210
2.3241
2.3261
2.3360
2.3423
2.3439
2.3466
2.3519
2.3540
2.3547
2.3634
2.3642
2.3669
2.3680
2.3722
2.3746
2.3795
2.3818
2.3923
2.4029
2.4154
2.4248
2.4254
2.4285
2.4333
2.4336
2.4483
2.4492
2.4503
2.4615
2.4768
2.4786
2.4805
2.4871
2.4889
2.4898
2.4997
2.5021
2.5098
2.5213
2.5222
2.5262
2.5305
2.5320
2.5513
2.5572
2.5726
2.5790
2.5863
2.6071
2.6127
2.6222
2.6257
2.6307
2.6346
2.6969
2.6982
2.6990
2.7141
2.7208
2.7216
2.7252
2.7261
2.7340
2.7363
2.7619
2.7782
2.7787
2.7858
2.7878
2.7882
2.7920
2.7936
2.8020
2.8115
2.8247
2.8252
2.8329
2.8459
2.8546
2.8560
2.8590
2.8629
2.8645
2.8753
2.8821
2.9020
2.9144
2.9179
2.9226
2.9251
2.9328
2.9331
2.9407
2.9420
2.9481
2.9509
2.9540
2.9594
2.9684
2.9781
2.9863
2.9881
2.9913
2.9955
3.0153
3.0339
3.0403
3.0517
3.0625
3.1067
3.1301
3.1331
3.1694
3.2126
3.2577
3.3294
3.3376
3.3476
3.3790
3.4481
3.4812
3.5219
3.5279
3.6274
3.6680
3.8396
4.2546
4.3604
4.6145
