1000
1000
-1.5680,0.1934
-1.4755,0.1927
-1.2592,0.1440
-1.1108,0.1369
-1.0016,0.1351
-0.9176,0.1341
-0.8492,0.1309
-0.7931,0.1283
-0.7466,0.1263
-0.7072,0.1243
-0.6732,0.1219
-0.6436,0.1195
-0.6175,0.1172
-0.5940,0.1146
-0.5729,0.1122
-0.5538,0.1099
-0.5365,0.1079
-0.5207,0.1061
-0.5060,0.1041
-0.4925,0.1023
-0.4799,0.1005
-0.4681,0.0987
-0.4572,0.0970
-0.4470,0.0954
-0.4374,0.0938
-0.4284,0.0924
-0.4199,0.0911
-0.4119,0.0898
-0.4043,0.0887
-0.3971,0.0876
-0.3903,0.0865
-0.3838,0.0854
-0.3775,0.0844
-0.3715,0.0834
-0.3658,0.0825
-0.3604,0.0815
-0.3551,0.0806
-0.3501,0.0796
-0.3452,0.0788
-0.3406,0.0779
-0.3361,0.0771
-0.3318,0.0764
-0.3276,0.0756
-0.3236,0.0749
-0.3197,0.0743
-0.3160,0.0736
-0.3124,0.0730
-0.3089,0.0724
-0.3055,0.0718
-0.3022,0.0713
-0.2990,0.0707
-0.2959,0.0701
-0.2929,0.0696
-0.2899,0.0690
-0.2870,0.0685
-0.2842,0.0679
-0.2815,0.0674
-0.2789,0.0669
-0.2763,0.0664
-0.2737,0.0658
-0.2713,0.0653
-0.2689,0.0649
-0.2665,0.0644
-0.2642,0.0639
-0.2620,0.0635
-0.2598,0.0630
-0.2577,0.0626
-0.2556,0.0621
-0.2535,0.0617
-0.2515,0.0613
-0.2496,0.0609
-0.2476,0.0604
-0.2457,0.0600
-0.2439,0.0596
-0.2421,0.0592
-0.2403,0.0589
-0.2386,0.0585
-0.2369,0.0581
-0.2352,0.0578
-0.2336,0.0574
-0.2320,0.0571
-0.2304,0.0568
-0.2288,0.0564
-0.2273,0.0561
-0.2258,0.0557
-0.2244,0.0554
-0.2229,0.0551
-0.2215,0.0548
-0.2201,0.0544
-0.2188,0.0541
-0.2174,0.0538
-0.2161,0.0535
-0.2148,0.0532
-0.2135,0.0530
-0.2123,0.0527
-0.2110,0.0524
-0.2098,0.0522
-0.2086,0.0519
-0.2075,0.0517
-0.2063,0.0514
-0.2052,0.0512
-0.2041,0.0509
-0.2030,0.0507
-0.2019,0.0505
-0.2009,0.0502
-0.1998,0.0500
-0.1988,0.0498
-0.1978,0.0496
-0.1968,0.0494
-0.1958,0.0492
-0.1948,0.0489
-0.1939,0.0487
-0.1929,0.0485
-0.1920,0.0484
-0.1911,0.0482
-0.1902,0.0480
-0.1893,0.0478
-0.1884,0.0476
-0.1876,0.0474
-0.1867,0.0472
-0.1858,0.0471
-0.1850,0.0469
-0.1842,0.0467
-0.1834,0.0465
-0.1826,0.0463
-0.1818,0.0462
-0.1810,0.0460
-0.1802,0.0458
-0.1795,0.0457
-0.1787,0.0455
-0.1780,0.0453
-0.1772,0.0452
-0.1765,0.0450
-0.1758,0.0449
-0.1750,0.0447
-0.1743,0.0445
-0.1736,0.0444
-0.1730,0.0442
-0.1723,0.0441
-0.1716,0.0439
-0.1709,0.0438
-0.1703,0.0436
-0.1696,0.0435
-0.1690,0.0433
-0.1683,0.0432
-0.1677,0.0430
-0.1671,0.0429
-0.1664,0.0427
-0.1658,0.0426
-0.1652,0.0424
-0.1646,0.0423
-0.1640,0.0422
-0.1634,0.0420
-0.1629,0.0419
-0.1623,0.0418
-0.1617,0.0416
-0.1612,0.0415
-0.1606,0.0414
-0.1600,0.0412
-0.1595,0.0411
-0.1589,0.0410
-0.1584,0.0409
-0.1579,0.0407
-0.1574,0.0406
-0.1568,0.0405
-0.1563,0.0404
-0.1558,0.0402
-0.1553,0.0401
-0.1548,0.0400
-0.1543,0.0399
-0.1538,0.0398
-0.1533,0.0397
-0.1529,0.0396
-0.1524,0.0395
-0.1519,0.0393
-0.1514,0.0392
-0.1510,0.0391
-0.1505,0.0390
-0.1501,0.0389
-0.1496,0.0388
-0.1492,0.0387
-0.1487,0.0386
-0.1483,0.0385
-0.1478,0.0384
-0.1474,0.0383
-0.1470,0.0382
-0.1466,0.0381
-0.1461,0.0380
-0.1457,0.0379
-0.1453,0.0378
-0.1449,0.0377
-0.1445,0.0376
-0.1441,0.0375
-0.1437,0.0374
-0.1433,0.0373
-0.1429,0.0372
-0.1425,0.0371
-0.1421,0.0370
-0.1417,0.0370
-0.1413,0.0369
-0.1409,0.0368
-0.1405,0.0367
-0.1402,0.0366
-0.1398,0.0365
-0.1394,0.0364
-0.1390,0.0363
-0.1387,0.0362
-0.1383,0.0361
-0.1380,0.0361
-0.1376,0.0360
-0.1372,0.0359
-0.1369,0.0358
-0.1365,0.0357
-0.1362,0.0356
-0.1358,0.0355
-0.1355,0.0355
-0.1352,0.0354
-0.1348,0.0353
-0.1345,0.0352
-0.1342,0.0351
-0.1338,0.0350
-0.1335,0.0350
-0.1332,0.0349
-0.1328,0.0348
-0.1325,0.0347
-0.1322,0.0346
-0.1319,0.0346
-0.1316,0.0345
-0.1313,0.0344
-0.1309,0.0343
-0.1306,0.0342
-0.1303,0.0342
-0.1300,0.0341
-0.1297,0.0340
-0.1294,0.0339
-0.1291,0.0339
-0.1288,0.0338
-0.1285,0.0337
-0.1282,0.0336
-0.1279,0.0336
-0.1277,0.0335
-0.1274,0.0334
-0.1271,0.0334
-0.1268,0.0333
-0.1265,0.0332
-0.1262,0.0332
-0.1260,0.0331
-0.1257,0.0330
-0.1254,0.0329
-0.1251,0.0329
-0.1249,0.0328
-0.1246,0.0327
-0.1243,0.0327
-0.1240,0.0326
-0.1238,0.0325
-0.1235,0.0325
-0.1233,0.0324
-0.1230,0.0323
-0.1227,0.0323
-0.1225,0.0322
-0.1222,0.0322
-0.1220,0.0321
-0.1217,0.0320
-0.1215,0.0320
-0.1212,0.0319
-0.1210,0.0318
-0.1207,0.0318
-0.1205,0.0317
-0.1202,0.0317
-0.1200,0.0316
-0.1198,0.0315
-0.1195,0.0315
-0.1193,0.0314
-0.1190,0.0314
-0.1188,0.0313
-0.1186,0.0312
-0.1183,0.0312
-0.1181,0.0311
-0.1179,0.0311
-0.1176,0.0310
-0.1174,0.0310
-0.1172,0.0309
-0.1170,0.0308
-0.1167,0.0308
-0.1165,0.0307
-0.1163,0.0307
-0.1161,0.0306
-0.1159,0.0306
-0.1156,0.0305
-0.1154,0.0305
-0.1152,0.0304
-0.1150,0.0303
-0.1148,0.0303
-0.1146,0.0302
-0.1144,0.0302
-0.1142,0.0301
-0.1139,0.0301
-0.1137,0.0300
-0.1135,0.0300
-0.1133,0.0299
-0.1131,0.0299
-0.1129,0.0298
-0.1127,0.0298
-0.1125,0.0297
-0.1123,0.0297
-0.1121,0.0296
-0.1119,0.0296
-0.1117,0.0295
-0.1115,0.0295
-0.1113,0.0294
-0.1111,0.0294
-0.1109,0.0293
-0.1108,0.0293
-0.1106,0.0292
-0.1104,0.0292
-0.1102,0.0291
-0.1100,0.0291
-0.1098,0.0290
-0.1096,0.0290
-0.1094,0.0289
-0.1092,0.0289
-0.1091,0.0288
-0.1089,0.0288
-0.1087,0.0287
-0.1085,0.0287
-0.1083,0.0286
-0.1081,0.0286
-0.1080,0.0285
-0.1078,0.0285
-0.1076,0.0285
-0.1074,0.0284
-0.1073,0.0284
-0.1071,0.0283
-0.1069,0.0283
-0.1067,0.0282
-0.1066,0.0282
-0.1064,0.0281
-0.1062,0.0281
-0.1060,0.0280
-0.1059,0.0280
-0.1057,0.0280
-0.1055,0.0279
-0.1054,0.0279
-0.1052,0.0278
-0.1050,0.0278
-0.1049,0.0277
-0.1047,0.0277
-0.1045,0.0276
-0.1044,0.0276
-0.1042,0.0276
-0.1040,0.0275
-0.1039,0.0275
-0.1037,0.0274
-0.1036,0.0274
-0.1034,0.0273
-0.1032,0.0273
-0.1031,0.0273
-0.1029,0.0272
-0.1028,0.0272
-0.1026,0.0271
-0.1025,0.0271
-0.1023,0.0271
-0.1022,0.0270
-0.1020,0.0270
-0.1018,0.0269
-0.1017,0.0269
-0.1015,0.0269
-0.1014,0.0268
-0.1012,0.0268
-0.1011,0.0267
-0.1009,0.0267
-0.1008,0.0267
-0.1006,0.0266
-0.1005,0.0266
-0.1004,0.0265
-0.1002,0.0265
-0.1001,0.0265
-0.0999,0.0264
-0.0998,0.0264
-0.0996,0.0264
-0.0995,0.0263
-0.0993,0.0263
-0.0992,0.0263
-0.0991,0.0262
-0.0989,0.0262
-0.0988,0.0261
-0.0986,0.0261
-0.0985,0.0261
-0.0984,0.0260
-0.0982,0.0260
-0.0981,0.0260
-0.0979,0.0259
-0.0978,0.0259
-0.0977,0.0259
-0.0975,0.0258
-0.0974,0.0258
-0.0973,0.0257
-0.0971,0.0257
-0.0970,0.0257
-0.0969,0.0256
-0.0967,0.0256
-0.0966,0.0256
-0.0965,0.0255
-0.0963,0.0255
-0.0962,0.0255
-0.0961,0.0254
-0.0960,0.0254
-0.0958,0.0254
-0.0957,0.0253
-0.0956,0.0253
-0.0954,0.0253
-0.0953,0.0252
-0.0952,0.0252
-0.0951,0.0252
-0.0949,0.0251
-0.0948,0.0251
-0.0947,0.0251
-0.0946,0.0251
-0.0944,0.0250
-0.0943,0.0250
-0.0942,0.0250
-0.0941,0.0249
-0.0940,0.0249
-0.0938,0.0249
-0.0937,0.0248
-0.0936,0.0248
-0.0935,0.0248
-0.0934,0.0247
-0.0932,0.0247
-0.0931,0.0247
-0.0930,0.0246
-0.0929,0.0246
-0.0928,0.0246
-0.0926,0.0245
-0.0925,0.0245
-0.0924,0.0245
-0.0923,0.0245
-0.0922,0.0244
-0.0921,0.0244
-0.0919,0.0244
-0.0918,0.0243
-0.0917,0.0243
-0.0916,0.0243
-0.0915,0.0242
-0.0914,0.0242
-0.0913,0.0242
-0.0912,0.0242
-0.0910,0.0241
-0.0909,0.0241
-0.0908,0.0241
-0.0907,0.0240
-0.0906,0.0240
-0.0905,0.0240
-0.0904,0.0239
-0.0903,0.0239
-0.0902,0.0239
-0.0901,0.0239
-0.0900,0.0238
-0.0898,0.0238
-0.0897,0.0238
-0.0896,0.0238
-0.0895,0.0237
-0.0894,0.0237
-0.0893,0.0237
-0.0892,0.0236
-0.0891,0.0236
-0.0890,0.0236
-0.0889,0.0236
-0.0888,0.0235
-0.0887,0.0235
-0.0886,0.0235
-0.0885,0.0235
-0.0884,0.0234
-0.0883,0.0234
-0.0882,0.0234
-0.0881,0.0233
-0.0880,0.0233
-0.0879,0.0233
-0.0878,0.0233
-0.0877,0.0232
-0.0876,0.0232
-0.0875,0.0232
-0.0874,0.0232
-0.0873,0.0231
-0.0872,0.0231
-0.0871,0.0231
-0.0870,0.0231
-0.0869,0.0230
-0.0868,0.0230
-0.0867,0.0230
-0.0866,0.0230
-0.0865,0.0229
-0.0864,0.0229
-0.0863,0.0229
-0.0862,0.0229
-0.0861,0.0228
-0.0860,0.0228
-0.0859,0.0228
-0.0858,0.0228
-0.0857,0.0227
-0.0856,0.0227
-0.0855,0.0227
-0.0854,0.0227
-0.0853,0.0226
-0.0853,0.0226
-0.0852,0.0226
-0.0851,0.0226
-0.0850,0.0225
-0.0849,0.0225
-0.0848,0.0225
-0.0847,0.0225
-0.0846,0.0224
-0.0845,0.0224
-0.0844,0.0224
-0.0843,0.0224
-0.0842,0.0223
-0.0842,0.0223
-0.0841,0.0223
-0.0840,0.0223
-0.0839,0.0222
-0.0838,0.0222
-0.0837,0.0222
-0.0836,0.0222
-0.0835,0.0221
-0.0834,0.0221
-0.0834,0.0221
-0.0833,0.0221
-0.0832,0.0221
-0.0831,0.0220
-0.0830,0.0220
-0.0829,0.0220
-0.0828,0.0220
-0.0827,0.0219
-0.0827,0.0219
-0.0826,0.0219
-0.0825,0.0219
-0.0824,0.0218
-0.0823,0.0218
-0.0822,0.0218
-0.0822,0.0218
-0.0821,0.0217
-0.0820,0.0217
-0.0819,0.0217
-0.0818,0.0217
-0.0817,0.0217
-0.0816,0.0216
-0.0816,0.0216
-0.0815,0.0216
-0.0814,0.0216
-0.0813,0.0215
-0.0812,0.0215
-0.0812,0.0215
-0.0811,0.0215
-0.0810,0.0214
-0.0809,0.0214
-0.0808,0.0214
-0.0807,0.0214
-0.0807,0.0214
-0.0806,0.0213
-0.0805,0.0213
-0.0804,0.0213
-0.0803,0.0213
-0.0803,0.0212
-0.0802,0.0212
-0.0801,0.0212
-0.0800,0.0212
-0.0799,0.0211
-0.0799,0.0211
-0.0798,0.0211
-0.0797,0.0211
-0.0796,0.0211
-0.0795,0.0210
-0.0795,0.0210
-0.0794,0.0210
-0.0793,0.0210
-0.0792,0.0209
-0.0791,0.0209
-0.0791,0.0209
-0.0790,0.0209
-0.0789,0.0208
-0.0788,0.0208
-0.0788,0.0208
-0.0787,0.0208
-0.0786,0.0208
-0.0785,0.0207
-0.0785,0.0207
-0.0784,0.0207
-0.0783,0.0207
-0.0782,0.0206
-0.0781,0.0206
-0.0781,0.0206
-0.0780,0.0206
-0.0779,0.0205
-0.0778,0.0205
-0.0778,0.0205
-0.0777,0.0205
-0.0776,0.0205
-0.0775,0.0204
-0.0775,0.0204
-0.0774,0.0204
-0.0773,0.0204
-0.0773,0.0203
-0.0772,0.0203
-0.0771,0.0203
-0.0770,0.0203
-0.0770,0.0203
-0.0769,0.0202
-0.0768,0.0202
-0.0767,0.0202
-0.0767,0.0202
-0.0766,0.0201
-0.0765,0.0201
-0.0764,0.0201
-0.0764,0.0201
-0.0763,0.0201
-0.0762,0.0200
-0.0762,0.0200
-0.0761,0.0200
-0.0760,0.0200
-0.0759,0.0199
-0.0759,0.0199
-0.0758,0.0199
-0.0757,0.0199
-0.0757,0.0199
-0.0756,0.0198
-0.0755,0.0198
-0.0755,0.0198
-0.0754,0.0198
-0.0753,0.0198
-0.0752,0.0197
-0.0752,0.0197
-0.0751,0.0197
-0.0750,0.0197
-0.0750,0.0196
-0.0749,0.0196
-0.0748,0.0196
-0.0748,0.0196
-0.0747,0.0196
-0.0746,0.0195
-0.0746,0.0195
-0.0745,0.0195
-0.0744,0.0195
-0.0744,0.0195
-0.0743,0.0194
-0.0742,0.0194
-0.0741,0.0194
-0.0741,0.0194
-0.0740,0.0193
-0.0739,0.0193
-0.0739,0.0193
-0.0738,0.0193
-0.0737,0.0193
-0.0737,0.0192
-0.0736,0.0192
-0.0735,0.0192
-0.0735,0.0192
-0.0734,0.0192
-0.0733,0.0191
-0.0733,0.0191
-0.0732,0.0191
-0.0732,0.0191
-0.0731,0.0191
-0.0730,0.0190
-0.0730,0.0190
-0.0729,0.0190
-0.0728,0.0190
-0.0728,0.0190
-0.0727,0.0189
-0.0726,0.0189
-0.0726,0.0189
-0.0725,0.0189
-0.0724,0.0189
-0.0724,0.0188
-0.0723,0.0188
-0.0722,0.0188
-0.0722,0.0188
-0.0721,0.0188
-0.0721,0.0187
-0.0720,0.0187
-0.0719,0.0187
-0.0719,0.0187
-0.0718,0.0187
-0.0717,0.0186
-0.0717,0.0186
-0.0716,0.0186
-0.0716,0.0186
-0.0715,0.0186
-0.0714,0.0185
-0.0714,0.0185
-0.0713,0.0185
-0.0712,0.0185
-0.0712,0.0185
-0.0711,0.0184
-0.0711,0.0184
-0.0710,0.0184
-0.0709,0.0184
-0.0709,0.0184
-0.0708,0.0183
-0.0708,0.0183
-0.0707,0.0183
-0.0706,0.0183
-0.0706,0.0183
-0.0705,0.0182
-0.0705,0.0182
-0.0704,0.0182
-0.0703,0.0182
-0.0703,0.0182
-0.0702,0.0182
-0.0702,0.0181
-0.0701,0.0181
-0.0700,0.0181
-0.0700,0.0181
-0.0699,0.0181
-0.0699,0.0180
-0.0698,0.0180
-0.0697,0.0180
-0.0697,0.0180
-0.0696,0.0180
-0.0696,0.0179
-0.0695,0.0179
-0.0694,0.0179
-0.0694,0.0179
-0.0693,0.0179
-0.0693,0.0179
-0.0692,0.0178
-0.0691,0.0178
-0.0691,0.0178
-0.0690,0.0178
-0.0690,0.0178
-0.0689,0.0177
-0.0689,0.0177
-0.0688,0.0177
-0.0687,0.0177
-0.0687,0.0177
-0.0686,0.0176
-0.0686,0.0176
-0.0685,0.0176
-0.0685,0.0176
-0.0684,0.0176
-0.0683,0.0176
-0.0683,0.0175
-0.0682,0.0175
-0.0682,0.0175
-0.0681,0.0175
-0.0681,0.0175
-0.0680,0.0174
-0.0680,0.0174
-0.0679,0.0174
-0.0678,0.0174
-0.0678,0.0174
-0.0677,0.0174
-0.0677,0.0173
-0.0676,0.0173
-0.0676,0.0173
-0.0675,0.0173
-0.0675,0.0173
-0.0674,0.0173
-0.0673,0.0172
-0.0673,0.0172
-0.0672,0.0172
-0.0672,0.0172
-0.0671,0.0172
-0.0671,0.0172
-0.0670,0.0171
-0.0670,0.0171
-0.0669,0.0171
-0.0669,0.0171
-0.0668,0.0171
-0.0667,0.0171
-0.0667,0.0170
-0.0666,0.0170
-0.0666,0.0170
-0.0665,0.0170
-0.0665,0.0170
-0.0664,0.0170
-0.0664,0.0169
-0.0663,0.0169
-0.0663,0.0169
-0.0662,0.0169
-0.0662,0.0169
-0.0661,0.0169
-0.0661,0.0168
-0.0660,0.0168
-0.0660,0.0168
-0.0659,0.0168
-0.0658,0.0168
-0.0658,0.0168
-0.0657,0.0167
-0.0657,0.0167
-0.0656,0.0167
-0.0656,0.0167
-0.0655,0.0167
-0.0655,0.0167
-0.0654,0.0167
-0.0654,0.0166
-0.0653,0.0166
-0.0653,0.0166
-0.0652,0.0166
-0.0652,0.0166
-0.0651,0.0166
-0.0651,0.0165
-0.0650,0.0165
-0.0650,0.0165
-0.0649,0.0165
-0.0649,0.0165
-0.0648,0.0165
-0.0648,0.0165
-0.0647,0.0164
-0.0647,0.0164
-0.0646,0.0164
-0.0646,0.0164
-0.0645,0.0164
-0.0645,0.0164
-0.0644,0.0164
-0.0644,0.0163
-0.0643,0.0163
-0.0643,0.0163
-0.0642,0.0163
-0.0642,0.0163
-0.0641,0.0163
-0.0641,0.0162
-0.0640,0.0162
-0.0640,0.0162
-0.0639,0.0162
-0.0639,0.0162
-0.0638,0.0162
-0.0638,0.0162
-0.0637,0.0161
-0.0637,0.0161
-0.0636,0.0161
-0.0636,0.0161
-0.0635,0.0161
-0.0635,0.0161
-0.0634,0.0161
-0.0634,0.0160
-0.0633,0.0160
-0.0633,0.0160
-0.0633,0.0160
-0.0632,0.0160
-0.0632,0.0160
-0.0631,0.0160
-0.0631,0.0159
-0.0630,0.0159
-0.0630,0.0159
-0.0629,0.0159
-0.0629,0.0159
-0.0628,0.0159
-0.0628,0.0159
-0.0627,0.0158
-0.0627,0.0158
-0.0626,0.0158
-0.0626,0.0158
-0.0625,0.0158
-0.0625,0.0158
-0.0624,0.0158
-0.0624,0.0157
-0.0624,0.0157
-0.0623,0.0157
-0.0623,0.0157
-0.0622,0.0157
-0.0622,0.0157
-0.0621,0.0157
-0.0621,0.0156
-0.0620,0.0156
-0.0620,0.0156
-0.0619,0.0156
-0.0619,0.0156
-0.0618,0.0156
-0.0618,0.0156
-0.0618,0.0155
-0.0617,0.0155
-0.0617,0.0155
-0.0616,0.0155
-0.0616,0.0155
-0.0615,0.0155
-0.0615,0.0155
-0.0614,0.0155
-0.0614,0.0154
-0.0613,0.0154
-0.0613,0.0154
-0.0613,0.0154
-0.0612,0.0154
-0.0612,0.0154
-0.0611,0.0154
-0.0611,0.0153
-0.0610,0.0153
-0.0610,0.0153
-0.0609,0.0153
-0.0609,0.0153
-0.0609,0.0153
-0.0608,0.0153
-0.0608,0.0153
-0.0607,0.0152
-0.0607,0.0152
-0.0606,0.0152
-0.0606,0.0152
-0.0605,0.0152
-0.0605,0.0152
-0.0605,0.0152
-0.0604,0.0151
-0.0604,0.0151
-0.0603,0.0151
-0.0603,0.0151
-0.0602,0.0151
-0.0602,0.0151
-0.0601,0.0151
-0.0601,0.0151
-0.0601,0.0150
-0.0600,0.0150
-0.0600,0.0150
-0.0599,0.0150
-0.0599,0.0150
-0.0598,0.0150
-0.0598,0.0150
-0.0598,0.0150
-0.0597,0.0149
-0.0597,0.0149
-0.0596,0.0149
-0.0596,0.0149
-0.0595,0.0149
-0.0595,0.0149
-0.0595,0.0149
-0.0594,0.0149
-0.0594,0.0148
-0.0593,0.0148
-0.0593,0.0148
-0.0593,0.0148
-0.0592,0.0148
-0.0592,0.0148
-0.0591,0.0148
-0.0591,0.0148
-0.0590,0.0147
-0.0590,0.0147
-0.0590,0.0147
-0.0589,0.0147
-0.0589,0.0147
-0.0588,0.0147
-0.0588,0.0147
-0.0587,0.0147
-0.0587,0.0147
-0.0587,0.0146
-0.0586,0.0146
-0.0586,0.0146
-0.0585,0.0146
-0.0585,0.0146
-0.0585,0.0146
-0.0584,0.0146
-0.0584,0.0146
-0.0583,0.0145
-0.0583,0.0145
-0.0583,0.0145
-0.0582,0.0145
-0.0582,0.0145
-0.0581,0.0145
-0.0581,0.0145
-0.0580,0.0145
-0.0580,0.0144
-0.0580,0.0144
-0.0579,0.0144
-0.0579,0.0144
-0.0578,0.0144
-0.0578,0.0144
-0.0578,0.0144
-0.0577,0.0144
-0.0577,0.0144
-0.0576,0.0143
-0.0576,0.0143
-0.0576,0.0143
-0.0575,0.0143
-0.0575,0.0143
-0.0574,0.0143
-0.0574,0.0143
-0.0574,0.0143
-0.0573,0.0142
-0.0573,0.0142
-0.0572,0.0142
-0.0572,0.0142
-0.0572,0.0142
-0.0571,0.0142
-0.0571,0.0142
-0.0570,0.0142
-0.0570,0.0142
-0.0570,0.0141
-0.0569,0.0141
-0.0569,0.0141
-0.0568,0.0141
-0.0568,0.0141
-0.0568,0.0141
-0.0567,0.0141
-0.0567,0.0141
-0.0567,0.0141
-0.0566,0.0140
-0.0566,0.0140
-0.0565,0.0140
-0.0565,0.0140
-0.0565,0.0140
-0.0564,0.0140
-0.0564,0.0140
-0.0563,0.0140
-0.0563,0.0140
-0.3558
-0.1939
-0.1600
-0.0504
-0.0021
-0.0015
0.0028
0.0112
0.0235
0.0322
0.0491
0.0711
0.0865
0.0958
0.1012
0.1053
0.1077
0.1374
0.1446
0.1571
0.1628
0.1646
0.1698
0.1777
0.1943
0.2218
0.2292
0.2329
0.2434
0.2515
0.2639
0.2674
0.2731
0.2844
0.2844
0.2882
0.2956
0.2966
0.3041
0.3083
0.3295
0.3364
0.3421
0.3426
0.3458
0.3507
0.3549
0.3566
0.3727
0.3785
0.3822
0.3826
0.3831
0.3855
0.3896
0.3910
0.3917
0.3936
0.3940
0.3952
0.4023
0.4094
0.4118
0.4118
0.4147
0.4337
0.4342
0.4470
0.4530
0.4574
0.4577
0.4594
0.4632
0.4665
0.4741
0.4744
0.4775
0.4832
0.4835
0.4902
0.4908
0.4954
0.4988
0.5000
0.5083
0.5096
0.5120
0.5139
0.5167
0.5172
0.5179
0.5373
0.5392
0.5527
0.5542
0.5586
0.5589
0.5656
0.5661
0.5663
0.5708
0.5737
0.5752
0.5769
0.5795
0.5819
0.5827
0.5833
0.5896
0.5925
0.5955
0.5958
0.6008
0.6019
0.6025
0.6038
0.6055
0.6080
0.6112
0.6137
0.6153
0.6251
0.6265
0.6272
0.6326
0.6341
0.6345
0.6345
0.6371
0.6428
0.6466
0.6467
0.6472
0.6472
0.6556
0.6565
0.6590
0.6621
0.6621
0.6630
0.6711
0.6772
0.6777
0.6783
0.6798
0.6859
0.6873
0.6892
0.6899
0.6927
0.6929
0.6954
0.6977
0.7004
0.7004
0.7011
0.7037
0.7156
0.7188
0.7190
0.7233
0.7240
0.7303
0.7317
0.7331
0.7336
0.7340
0.7361
0.7366
0.7397
0.7438
0.7465
0.7481
0.7487
0.7500
0.7561
0.7606
0.7665
0.7699
0.7731
0.7749
0.7758
0.7804
0.7818
0.7819
0.7870
0.7883
0.7895
0.7922
0.7932
0.7941
0.7960
0.8018
0.8046
0.8065
0.8103
0.8128
0.8151
0.8207
0.8230
0.8232
0.8244
0.8351
0.8354
0.8382
0.8478
0.8498
0.8525
0.8538
0.8541
0.8550
0.8595
0.8597
0.8608
0.8617
0.8625
0.8648
0.8662
0.8666
0.8715
0.8716
0.8743
0.8785
0.8786
0.8802
0.8803
0.8809
0.8834
0.8837
0.8877
0.8885
0.8892
0.8931
0.8969
0.9033
0.9091
0.9101
0.9110
0.9117
0.9160
0.9191
0.9229
0.9248
0.9284
0.9288
0.9293
0.9303
0.9314
0.9329
0.9335
0.9378
0.9403
0.9406
0.9412
0.9412
0.9426
0.9435
0.9483
0.9497
0.9501
0.9541
0.9545
0.9593
0.9602
0.9623
0.9629
0.9684
0.9747
0.9768
0.9781
0.9796
0.9829
0.9875
0.9880
0.9926
0.9937
0.9956
0.9959
0.9984
1.0047
1.0067
1.0099
1.0126
1.0129
1.0148
1.0157
1.0174
1.0187
1.0206
1.0234
1.0280
1.0324
1.0350
1.0366
1.0375
1.0450
1.0465
1.0477
1.0579
1.0598
1.0599
1.0620
1.0625
1.0670
1.0673
1.0689
1.0694
1.0700
1.0723
1.0733
1.0746
1.0788
1.0800
1.0822
1.0830
1.0871
1.0887
1.0894
1.0894
1.0917
1.0942
1.0949
1.0961
1.0977
1.1004
1.1011
1.1035
1.1045
1.1048
1.1064
1.1081
1.1085
1.1111
1.1127
1.1127
1.1146
1.1150
1.1182
1.1198
1.1207
1.1224
1.1238
1.1251
1.1272
1.1286
1.1290
1.1314
1.1322
1.1341
1.1347
1.1353
1.1359
1.1367
1.1378
1.1409
1.1453
1.1456
1.1489
1.1537
1.1588
1.1607
1.1629
1.1637
1.1695
1.1707
1.1734
1.1764
1.1851
1.1854
1.1862
1.1866
1.1887
1.1897
1.1934
1.1960
1.2036
1.2054
1.2068
1.2109
1.2126
1.2148
1.2168
1.2178
1.2184
1.2189
1.2249
1.2290
1.2293
1.2306
1.2368
1.2383
1.2385
1.2426
1.2427
1.2466
1.2496
1.2501
1.2551
1.2555
1.2583
1.2597
1.2604
1.2606
1.2625
1.2625
1.2723
1.2733
1.2741
1.2743
1.2747
1.2758
1.2769
1.2812
1.2815
1.2828
1.2842
1.2852
1.2860
1.2861
1.2875
1.2904
1.2936
1.2936
1.2937
1.2938
1.2939
1.2963
1.2967
1.3026
1.3037
1.3059
1.3065
1.3092
1.3094
1.3124
1.3133
1.3151
1.3159
1.3173
1.3185
1.3203
1.3216
1.3250
1.3252
1.3255
1.3288
1.3328
1.3334
1.3360
1.3415
1.3420
1.3423
1.3430
1.3444
1.3463
1.3479
1.3494
1.3539
1.3558
1.3582
1.3621
1.3628
1.3633
1.3643
1.3665
1.3673
1.3702
1.3734
1.3743
1.3750
1.3783
1.3817
1.3837
1.3838
1.3856
1.3874
1.3892
1.3900
1.3947
1.3960
1.3969
1.3971
1.4055
1.4092
1.4118
1.4130
1.4149
1.4163
1.4176
1.4231
1.4274
1.4297
1.4302
1.4365
1.4380
1.4396
1.4405
1.4407
1.4418
1.4422
1.4430
1.4459
1.4490
1.4500
1.4559
1.4585
1.4638
1.4666
1.4671
1.4684
1.4686
1.4706
1.4745
1.4745
1.4752
1.4766
1.4774
1.4780
1.4799
1.4808
1.4906
1.4928
1.5000
1.5011
1.5020
1.5046
1.5057
1.5118
1.5143
1.5146
1.5151
1.5160
1.5192
1.5211
1.5237
1.5240
1.5257
1.5273
1.5285
1.5291
1.5366
1.5380
1.5388
1.5397
1.5403
1.5481
1.5517
1.5524
1.5537
1.5565
1.5581
1.5599
1.5623
1.5631
1.5651
1.5655
1.5673
1.5677
1.5692
1.5726
1.5731
1.5768
1.5779
1.5786
1.5786
1.5796
1.5809
1.5831
1.5838
1.5841
1.5858
1.5870
1.5876
1.5894
1.5905
1.5944
1.5948
1.5969
1.5985
1.6093
1.6098
1.6206
1.6213
1.6260
1.6283
1.6296
1.6320
1.6337
1.6394
1.6403
1.6410
1.6415
1.6421
1.6481
1.6521
1.6547
1.6550
1.6551
1.6558
1.6567
1.6578
1.6605
1.6632
1.6678
1.6688
1.6732
1.6742
1.6787
1.6796
1.6806
1.6808
1.6828
1.6837
1.6888
1.6998
1.7006
1.7033
1.7046
1.7130
1.7177
1.7184
1.7209
1.7237
1.7271
1.7286
1.7293
1.7300
1.7308
1.7334
1.7346
1.7357
1.7364
1.7379
1.7428
1.7442
1.7453
1.7467
1.7480
1.7519
1.7523
1.7543
1.7547
1.7565
1.7586
1.7604
1.7636
1.7654
1.7655
1.7675
1.7677
1.7679
1.7696
1.7698
1.7745
1.7776
1.7781
1.7794
1.7809
1.7816
1.7849
1.7852
1.7873
1.7967
1.8001
1.8041
1.8091
1.8106
1.8182
1.8204
1.8221
1.8271
1.8272
1.8277
1.8277
1.8287
1.8298
1.8323
1.8333
1.8335
1.8389
1.8389
1.8398
1.8398
1.8432
1.8448
1.8463
1.8479
1.8536
1.8551
1.8551
1.8573
1.8607
1.8620
1.8624
1.8631
1.8640
1.8683
1.8699
1.8716
1.8722
1.8747
1.8788
1.8811
1.8818
1.8826
1.8826
1.8872
1.8913
1.8917
1.8921
1.8968
1.9017
1.9019
1.9056
1.9063
1.9085
1.9096
1.9126
1.9148
1.9150
1.9167
1.9170
1.9191
1.9201
1.9220
1.9228
1.9267
1.9276
1.9348
1.9361
1.9362
1.9383
1.9410
1.9435
1.9442
1.9466
1.9467
1.9473
1.9480
1.9485
1.9494
1.9508
1.9515
1.9521
1.9540
1.9560
1.9565
1.9612
1.9615
1.9736
1.9739
1.9756
1.9769
1.9779
1.9782
1.9786
1.9823
1.9919
1.9921
1.9972
2.0020
2.0030
2.0040
2.0042
2.0111
2.0121
2.0127
2.0172
2.0200
2.0262
2.0314
2.0321
2.0338
2.0369
2.0446
2.0483
2.0497
2.0538
2.0614
2.0618
2.0624
2.0666
2.0715
2.0731
2.0734
2.0739
2.0743
2.0775
2.0825
2.0826
2.0841
2.0853
2.0878
2.0917
2.0963
2.0971
2.0992
2.0995
2.1028
2.1029
2.1038
2.1061
2.1067
2.1073
2.1082
2.1104
2.1204
2.1233
2.1246
2.1281
2.1286
2.1292
2.1321
2.1403
2.1404
2.1451
2.1534
2.1564
2.1595
2.1622
2.1649
2.1682
2.1698
2.1754
2.1776
2.1784
2.1802
2.1860
2.1901
2.2164
2.2239
2.2283
2.2315
2.2349
2.2358
2.2397
2.2417
2.2423
2.2438
2.2448
2.2519
2.2535
2.2536
2.2600
2.2702
2.2704
2.2707
2.2710
2.2718
2.2733
2.2738
2.2744
2.2771
2.2774
2.2831
2.2872
2.2927
2.3038
2.3086
2.3113
2.3307
2.3367
2.3425
2.3449
2.3469
2.3473
2.3482
2.3518
2.3522
2.3550
2.3597
2.3737
2.3758
2.3764
2.3814
2.3818
2.3843
2.3879
2.3910
2.3947
2.3950
2.3988
2.4007
2.4024
2.4034
2.4037
2.4096
2.4099
2.4171
2.4322
2.4345
2.4435
2.4453
2.4486
2.4490
2.4520
2.4532
2.4549
2.4553
2.4663
2.4745
2.4752
2.4781
2.4872
2.4897
2.4926
2.4928
2.4940
2.4941
2.5132
2.5220
2.5319
2.5329
2.5351
2.5379
2.5438
2.5507
2.5510
2.5597
2.5820
2.5839
2.5883
2.5896
2.5898
2.5930
2.6071
2.6072
2.6085
2.6098
2.6107
2.6200
2.6227
2.6305
2.6319
2.6359
2.6397
2.6402
2.6444
2.6678
2.6795
2.6830
2.6863
2.6932
2.7184
2.7192
2.7508
2.7547
2.7550
2.7588
2.7633
2.7800
2.8034
2.8066
2.8158
2.8264
2.8337
2.8386
2.8419
2.8469
2.8613
2.8984
2.9195
2.9211
2.9258
2.9425
2.9570
2.9932
3.0024
3.0046
3.0195
3.0344
3.0365
3.0690
3.0778
3.0819
3.0893
3.1121
3.1442
3.1451
3.1643
3.1901
3.2085
3.2126
3.2545
3.2882
3.2924
3.2967
3.3354
3.3750
3.3797
3.4189
3.5260
3.5769
3.6256
3.6530
3.7574
3.7659
3.8257
3.9409
3.9717
