1000
1000
-1.7544,0.2186
-1.6606,0.2166
-1.4352,0.1645
-1.2803,0.1519
-1.1680,0.1460
-1.0830,0.1441
-1.0141,0.1411
-0.9569,0.1388
-0.9086,0.1367
-0.8668,0.1340
-0.8301,0.1315
-0.7975,0.1286
-0.7686,0.1261
-0.7425,0.1236
-0.7187,0.1211
-0.6970,0.1189
-0.6771,0.1168
-0.6587,0.1149
-0.6417,0.1132
-0.6260,0.1116
-0.6113,0.1100
-0.5976,0.1084
-0.5848,0.1070
-0.5729,0.1057
-0.5616,0.1043
-0.5509,0.1029
-0.5409,0.1016
-0.5314,0.1005
-0.5225,0.0994
-0.5140,0.0983
-0.5058,0.0972
-0.4980,0.0962
-0.4905,0.0951
-0.4834,0.0941
-0.4766,0.0931
-0.4700,0.0921
-0.4636,0.0911
-0.4575,0.0902
-0.4517,0.0894
-0.4461,0.0885
-0.4407,0.0877
-0.4354,0.0870
-0.4304,0.0862
-0.4255,0.0854
-0.4208,0.0847
-0.4162,0.0839
-0.4118,0.0832
-0.4075,0.0824
-0.4033,0.0818
-0.3993,0.0811
-0.3953,0.0804
-0.3915,0.0798
-0.3878,0.0792
-0.3842,0.0786
-0.3807,0.0780
-0.3773,0.0774
-0.3740,0.0769
-0.3708,0.0763
-0.3676,0.0758
-0.3645,0.0752
-0.3615,0.0747
-0.3586,0.0742
-0.3558,0.0737
-0.3530,0.0732
-0.3503,0.0727
-0.3476,0.0722
-0.3450,0.0717
-0.3424,0.0713
-0.3399,0.0708
-0.3375,0.0704
-0.3351,0.0700
-0.3327,0.0695
-0.3304,0.0691
-0.3282,0.0687
-0.3260,0.0683
-0.3238,0.0679
-0.3217,0.0675
-0.3196,0.0671
-0.3176,0.0668
-0.3156,0.0664
-0.3136,0.0660
-0.3117,0.0657
-0.3098,0.0653
-0.3079,0.0650
-0.3061,0.0646
-0.3043,0.0643
-0.3025,0.0639
-0.3007,0.0636
-0.2990,0.0633
-0.2974,0.0630
-0.2957,0.0627
-0.2941,0.0623
-0.2925,0.0621
-0.2909,0.0618
-0.2894,0.0615
-0.2879,0.0612
-0.2864,0.0610
-0.2849,0.0607
-0.2835,0.0604
-0.2820,0.0602
-0.2806,0.0599
-0.2792,0.0597
-0.2779,0.0594
-0.2765,0.0592
-0.2752,0.0590
-0.2739,0.0587
-0.2726,0.0585
-0.2713,0.0583
-0.2701,0.0581
-0.2688,0.0578
-0.2676,0.0576
-0.2664,0.0574
-0.2652,0.0572
-0.2640,0.0570
-0.2629,0.0568
-0.2617,0.0566
-0.2606,0.0564
-0.2595,0.0562
-0.2584,0.0560
-0.2573,0.0558
-0.2562,0.0556
-0.2551,0.0555
-0.2541,0.0553
-0.2530,0.0551
-0.2520,0.0549
-0.2510,0.0547
-0.2500,0.0546
-0.2490,0.0544
-0.2480,0.0542
-0.2470,0.0541
-0.2461,0.0539
-0.2451,0.0537
-0.2442,0.0536
-0.2432,0.0534
-0.2423,0.0533
-0.2414,0.0531
-0.2405,0.0530
-0.2396,0.0528
-0.2387,0.0527
-0.2379,0.0525
-0.2370,0.0524
-0.2362,0.0522
-0.2353,0.0521
-0.2345,0.0519
-0.2337,0.0518
-0.2329,0.0517
-0.2321,0.0515
-0.2313,0.0514
-0.2305,0.0513
-0.2297,0.0512
-0.2290,0.0510
-0.2282,0.0509
-0.2274,0.0508
-0.2267,0.0507
-0.2259,0.0505
-0.2252,0.0504
-0.2245,0.0503
-0.2238,0.0502
-0.2230,0.0500
-0.2223,0.0499
-0.2216,0.0498
-0.2210,0.0497
-0.2203,0.0496
-0.2196,0.0495
-0.2189,0.0494
-0.2182,0.0492
-0.2176,0.0491
-0.2169,0.0490
-0.2163,0.0489
-0.2156,0.0488
-0.2150,0.0487
-0.2143,0.0486
-0.2137,0.0485
-0.2131,0.0484
-0.2124,0.0482
-0.2118,0.0481
-0.2112,0.0480
-0.2106,0.0479
-0.2100,0.0478
-0.2094,0.0477
-0.2088,0.0476
-0.2082,0.0475
-0.2077,0.0474
-0.2071,0.0473
-0.2065,0.0472
-0.2059,0.0470
-0.2054,0.0469
-0.2048,0.0468
-0.2043,0.0467
-0.2037,0.0466
-0.2032,0.0465
-0.2026,0.0464
-0.2021,0.0463
-0.2015,0.0462
-0.2010,0.0461
-0.2005,0.0460
-0.2000,0.0459
-0.1994,0.0459
-0.1989,0.0458
-0.1984,0.0457
-0.1979,0.0456
-0.1974,0.0455
-0.1969,0.0454
-0.1964,0.0453
-0.1959,0.0452
-0.1954,0.0451
-0.1949,0.0450
-0.1944,0.0449
-0.1940,0.0448
-0.1935,0.0447
-0.1930,0.0447
-0.1925,0.0446
-0.1921,0.0445
-0.1916,0.0444
-0.1911,0.0443
-0.1907,0.0442
-0.1902,0.0441
-0.1898,0.0441
-0.1893,0.0440
-0.1889,0.0439
-0.1884,0.0438
-0.1880,0.0437
-0.1876,0.0436
-0.1871,0.0435
-0.1867,0.0435
-0.1863,0.0434
-0.1858,0.0433
-0.1854,0.0432
-0.1850,0.0431
-0.1846,0.0431
-0.1842,0.0430
-0.1838,0.0429
-0.1833,0.0428
-0.1829,0.0427
-0.1825,0.0426
-0.1821,0.0426
-0.1817,0.0425
-0.1813,0.0424
-0.1809,0.0423
-0.1805,0.0422
-0.1801,0.0422
-0.1798,0.0421
-0.1794,0.0420
-0.1790,0.0419
-0.1786,0.0419
-0.1782,0.0418
-0.1779,0.0417
-0.1775,0.0416
-0.1771,0.0416
-0.1767,0.0415
-0.1764,0.0414
-0.1760,0.0413
-0.1756,0.0413
-0.1753,0.0412
-0.1749,0.0411
-0.1746,0.0410
-0.1742,0.0410
-0.1738,0.0409
-0.1735,0.0408
-0.1731,0.0407
-0.1728,0.0407
-0.1724,0.0406
-0.1721,0.0405
-0.1718,0.0405
-0.1714,0.0404
-0.1711,0.0403
-0.1707,0.0402
-0.1704,0.0402
-0.1701,0.0401
-0.1697,0.0400
-0.1694,0.0400
-0.1691,0.0399
-0.1687,0.0398
-0.1684,0.0397
-0.1681,0.0397
-0.1678,0.0396
-0.1675,0.0395
-0.1671,0.0395
-0.1668,0.0394
-0.1665,0.0394
-0.1662,0.0393
-0.1659,0.0392
-0.1656,0.0392
-0.1653,0.0391
-0.1650,0.0390
-0.1647,0.0390
-0.1644,0.0389
-0.1641,0.0388
-0.1638,0.0388
-0.1635,0.0387
-0.1632,0.0387
-0.1629,0.0386
-0.1626,0.0385
-0.1623,0.0385
-0.1620,0.0384
-0.1617,0.0383
-0.1614,0.0383
-0.1611,0.0382
-0.1609,0.0382
-0.1606,0.0381
-0.1603,0.0381
-0.1600,0.0380
-0.1597,0.0379
-0.1595,0.0379
-0.1592,0.0378
-0.1589,0.0378
-0.1586,0.0377
-0.1584,0.0377
-0.1581,0.0376
-0.1578,0.0375
-0.1576,0.0375
-0.1573,0.0374
-0.1570,0.0374
-0.1568,0.0373
-0.1565,0.0373
-0.1562,0.0372
-0.1560,0.0372
-0.1557,0.0371
-0.1555,0.0371
-0.1552,0.0370
-0.1550,0.0370
-0.1547,0.0369
-0.1545,0.0369
-0.1542,0.0368
-0.1540,0.0368
-0.1537,0.0367
-0.1535,0.0367
-0.1532,0.0366
-0.1530,0.0366
-0.1527,0.0365
-0.1525,0.0365
-0.1522,0.0364
-0.1520,0.0364
-0.1518,0.0363
-0.1515,0.0363
-0.1513,0.0362
-0.1510,0.0362
-0.1508,0.0361
-0.1506,0.0361
-0.1503,0.0360
-0.1501,0.0360
-0.1499,0.0359
-0.1496,0.0359
-0.1494,0.0358
-0.1492,0.0358
-0.1490,0.0358
-0.1487,0.0357
-0.1485,0.0357
-0.1483,0.0356
-0.1480,0.0356
-0.1478,0.0355
-0.1476,0.0355
-0.1474,0.0354
-0.1472,0.0354
-0.1469,0.0353
-0.1467,0.0353
-0.1465,0.0353
-0.1463,0.0352
-0.1461,0.0352
-0.1459,0.0351
-0.1456,0.0351
-0.1454,0.0350
-0.1452,0.0350
-0.1450,0.0349
-0.1448,0.0349
-0.1446,0.0349
-0.1444,0.0348
-0.1442,0.0348
-0.1440,0.0347
-0.1437,0.0347
-0.1435,0.0346
-0.1433,0.0346
-0.1431,0.0346
-0.1429,0.0345
-0.1427,0.0345
-0.1425,0.0344
-0.1423,0.0344
-0.1421,0.0343
-0.1419,0.0343
-0.1417,0.0343
-0.1415,0.0342
-0.1413,0.0342
-0.1411,0.0342
-0.1409,0.0341
-0.1407,0.0341
-0.1405,0.0340
-0.1403,0.0340
-0.1402,0.0340
-0.1400,0.0339
-0.1398,0.0339
-0.1396,0.0338
-0.1394,0.0338
-0.1392,0.0338
-0.1390,0.0337
-0.1388,0.0337
-0.1386,0.0336
-0.1385,0.0336
-0.1383,0.0336
-0.1381,0.0335
-0.1379,0.0335
-0.1377,0.0335
-0.1375,0.0334
-0.1373,0.0334
-0.1372,0.0333
-0.1370,0.0333
-0.1368,0.0333
-0.1366,0.0332
-0.1364,0.0332
-0.1363,0.0331
-0.1361,0.0331
-0.1359,0.0331
-0.1357,0.0330
-0.1356,0.0330
-0.1354,0.0330
-0.1352,0.0329
-0.1350,0.0329
-0.1349,0.0328
-0.1347,0.0328
-0.1345,0.0328
-0.1343,0.0327
-0.1342,0.0327
-0.1340,0.0327
-0.1338,0.0326
-0.1336,0.0326
-0.1335,0.0326
-0.1333,0.0325
-0.1331,0.0325
-0.1330,0.0324
-0.1328,0.0324
-0.1326,0.0324
-0.1325,0.0323
-0.1323,0.0323
-0.1321,0.0323
-0.1320,0.0322
-0.1318,0.0322
-0.1317,0.0322
-0.1315,0.0321
-0.1313,0.0321
-0.1312,0.0321
-0.1310,0.0320
-0.1309,0.0320
-0.1307,0.0320
-0.1305,0.0319
-0.1304,0.0319
-0.1302,0.0319
-0.1301,0.0318
-0.1299,0.0318
-0.1298,0.0318
-0.1296,0.0317
-0.1294,0.0317
-0.1293,0.0317
-0.1291,0.0317
-0.1290,0.0316
-0.1288,0.0316
-0.1287,0.0316
-0.1285,0.0315
-0.1284,0.0315
-0.1282,0.0315
-0.1281,0.0314
-0.1279,0.0314
-0.1278,0.0314
-0.1276,0.0313
-0.1275,0.0313
-0.1273,0.0313
-0.1272,0.0312
-0.1270,0.0312
-0.1269,0.0312
-0.1267,0.0312
-0.1266,0.0311
-0.1264,0.0311
-0.1263,0.0311
-0.1262,0.0310
-0.1260,0.0310
-0.1259,0.0310
-0.1257,0.0310
-0.1256,0.0309
-0.1254,0.0309
-0.1253,0.0309
-0.1252,0.0308
-0.1250,0.0308
-0.1249,0.0308
-0.1247,0.0308
-0.1246,0.0307
-0.1245,0.0307
-0.1243,0.0307
-0.1242,0.0306
-0.1240,0.0306
-0.1239,0.0306
-0.1238,0.0306
-0.1236,0.0305
-0.1235,0.0305
-0.1234,0.0305
-0.1232,0.0304
-0.1231,0.0304
-0.1230,0.0304
-0.1228,0.0303
-0.1227,0.0303
-0.1226,0.0303
-0.1224,0.0303
-0.1223,0.0302
-0.1222,0.0302
-0.1220,0.0302
-0.1219,0.0301
-0.1218,0.0301
-0.1216,0.0301
-0.1215,0.0301
-0.1214,0.0300
-0.1212,0.0300
-0.1211,0.0300
-0.1210,0.0299
-0.1208,0.0299
-0.1207,0.0299
-0.1206,0.0298
-0.1205,0.0298
-0.1203,0.0298
-0.1202,0.0298
-0.1201,0.0297
-0.1199,0.0297
-0.1198,0.0297
-0.1197,0.0296
-0.1196,0.0296
-0.1194,0.0296
-0.1193,0.0296
-0.1192,0.0295
-0.1191,0.0295
-0.1189,0.0295
-0.1188,0.0294
-0.1187,0.0294
-0.1186,0.0294
-0.1185,0.0294
-0.1183,0.0293
-0.1182,0.0293
-0.1181,0.0293
-0.1180,0.0292
-0.1179,0.0292
-0.1177,0.0292
-0.1176,0.0292
-0.1175,0.0291
-0.1174,0.0291
-0.1173,0.0291
-0.1171,0.0291
-0.1170,0.0290
-0.1169,0.0290
-0.1168,0.0290
-0.1167,0.0289
-0.1166,0.0289
-0.1164,0.0289
-0.1163,0.0289
-0.1162,0.0288
-0.1161,0.0288
-0.1160,0.0288
-0.1159,0.0288
-0.1158,0.0287
-0.1156,0.0287
-0.1155,0.0287
-0.1154,0.0287
-0.1153,0.0286
-0.1152,0.0286
-0.1151,0.0286
-0.1150,0.0286
-0.1148,0.0285
-0.1147,0.0285
-0.1146,0.0285
-0.1145,0.0285
-0.1144,0.0284
-0.1143,0.0284
-0.1142,0.0284
-0.1141,0.0284
-0.1140,0.0283
-0.1139,0.0283
-0.1137,0.0283
-0.1136,0.0283
-0.1135,0.0282
-0.1134,0.0282
-0.1133,0.0282
-0.1132,0.0281
-0.1131,0.0281
-0.1130,0.0281
-0.1129,0.0281
-0.1128,0.0280
-0.1127,0.0280
-0.1126,0.0280
-0.1125,0.0280
-0.1124,0.0279
-0.1123,0.0279
-0.1121,0.0279
-0.1120,0.0279
-0.1119,0.0278
-0.1118,0.0278
-0.1117,0.0278
-0.1116,0.0278
-0.1115,0.0277
-0.1114,0.0277
-0.1113,0.0277
-0.1112,0.0277
-0.1111,0.0277
-0.1110,0.0276
-0.1109,0.0276
-0.1108,0.0276
-0.1107,0.0276
-0.1106,0.0275
-0.1105,0.0275
-0.1104,0.0275
-0.1103,0.0275
-0.1102,0.0274
-0.1101,0.0274
-0.1100,0.0274
-0.1099,0.0274
-0.1098,0.0273
-0.1097,0.0273
-0.1096,0.0273
-0.1095,0.0273
-0.1094,0.0272
-0.1093,0.0272
-0.1092,0.0272
-0.1091,0.0272
-0.1090,0.0271
-0.1089,0.0271
-0.1088,0.0271
-0.1087,0.0271
-0.1087,0.0271
-0.1086,0.0270
-0.1085,0.0270
-0.1084,0.0270
-0.1083,0.0270
-0.1082,0.0269
-0.1081,0.0269
-0.1080,0.0269
-0.1079,0.0269
-0.1078,0.0269
-0.1077,0.0268
-0.1076,0.0268
-0.1075,0.0268
-0.1074,0.0268
-0.1073,0.0267
-0.1073,0.0267
-0.1072,0.0267
-0.1071,0.0267
-0.1070,0.0266
-0.1069,0.0266
-0.1068,0.0266
-0.1067,0.0266
-0.1066,0.0266
-0.1065,0.0265
-0.1064,0.0265
-0.1063,0.0265
-0.1063,0.0265
-0.1062,0.0265
-0.1061,0.0264
-0.1060,0.0264
-0.1059,0.0264
-0.1058,0.0264
-0.1057,0.0263
-0.1056,0.0263
-0.1055,0.0263
-0.1055,0.0263
-0.1054,0.0263
-0.1053,0.0262
-0.1052,0.0262
-0.1051,0.0262
-0.1050,0.0262
-0.1049,0.0261
-0.1048,0.0261
-0.1048,0.0261
-0.1047,0.0261
-0.1046,0.0261
-0.1045,0.0260
-0.1044,0.0260
-0.1043,0.0260
-0.1042,0.0260
-0.1042,0.0260
-0.1041,0.0259
-0.1040,0.0259
-0.1039,0.0259
-0.1038,0.0259
-0.1037,0.0259
-0.1037,0.0258
-0.1036,0.0258
-0.1035,0.0258
-0.1034,0.0258
-0.1033,0.0258
-0.1032,0.0257
-0.1032,0.0257
-0.1031,0.0257
-0.1030,0.0257
-0.1029,0.0257
-0.1028,0.0256
-0.1028,0.0256
-0.1027,0.0256
-0.1026,0.0256
-0.1025,0.0256
-0.1024,0.0255
-0.1024,0.0255
-0.1023,0.0255
-0.1022,0.0255
-0.1021,0.0255
-0.1020,0.0254
-0.1020,0.0254
-0.1019,0.0254
-0.1018,0.0254
-0.1017,0.0254
-0.1016,0.0253
-0.1016,0.0253
-0.1015,0.0253
-0.1014,0.0253
-0.1013,0.0253
-0.1012,0.0253
-0.1012,0.0252
-0.1011,0.0252
-0.1010,0.0252
-0.1009,0.0252
-0.1009,0.0252
-0.1008,0.0251
-0.1007,0.0251
-0.1006,0.0251
-0.1006,0.0251
-0.1005,0.0251
-0.1004,0.0251
-0.1003,0.0250
-0.1003,0.0250
-0.1002,0.0250
-0.1001,0.0250
-0.1000,0.0250
-0.0999,0.0249
-0.0999,0.0249
-0.0998,0.0249
-0.0997,0.0249
-0.0997,0.0249
-0.0996,0.0249
-0.0995,0.0248
-0.0994,0.0248
-0.0994,0.0248
-0.0993,0.0248
-0.0992,0.0248
-0.0991,0.0248
-0.0991,0.0247
-0.0990,0.0247
-0.0989,0.0247
-0.0988,0.0247
-0.0988,0.0247
-0.0987,0.0246
-0.0986,0.0246
-0.0986,0.0246
-0.0985,0.0246
-0.0984,0.0246
-0.0983,0.0246
-0.0983,0.0245
-0.0982,0.0245
-0.0981,0.0245
-0.0981,0.0245
-0.0980,0.0245
-0.0979,0.0245
-0.0978,0.0244
-0.0978,0.0244
-0.0977,0.0244
-0.0976,0.0244
-0.0976,0.0244
-0.0975,0.0244
-0.0974,0.0244
-0.0974,0.0243
-0.0973,0.0243
-0.0972,0.0243
-0.0972,0.0243
-0.0971,0.0243
-0.0970,0.0243
-0.0969,0.0242
-0.0969,0.0242
-0.0968,0.0242
-0.0967,0.0242
-0.0967,0.0242
-0.0966,0.0242
-0.0965,0.0241
-0.0965,0.0241
-0.0964,0.0241
-0.0963,0.0241
-0.0963,0.0241
-0.0962,0.0241
-0.0961,0.0241
-0.0961,0.0240
-0.0960,0.0240
-0.0959,0.0240
-0.0959,0.0240
-0.0958,0.0240
-0.0957,0.0240
-0.0957,0.0239
-0.0956,0.0239
-0.0955,0.0239
-0.0955,0.0239
-0.0954,0.0239
-0.0953,0.0239
-0.0953,0.0239
-0.0952,0.0238
-0.0952,0.0238
-0.0951,0.0238
-0.0950,0.0238
-0.0950,0.0238
-0.0949,0.0238
-0.0948,0.0237
-0.0948,0.0237
-0.0947,0.0237
-0.0946,0.0237
-0.0946,0.0237
-0.0945,0.0237
-0.0945,0.0237
-0.0944,0.0236
-0.0943,0.0236
-0.0943,0.0236
-0.0942,0.0236
-0.0941,0.0236
-0.0941,0.0236
-0.0940,0.0236
-0.0940,0.0235
-0.0939,0.0235
-0.0938,0.0235
-0.0938,0.0235
-0.0937,0.0235
-0.0936,0.0235
-0.0936,0.0235
-0.0935,0.0234
-0.0935,0.0234
-0.0934,0.0234
-0.0933,0.0234
-0.0933,0.0234
-0.0932,0.0234
-0.0932,0.0234
-0.0931,0.0233
-0.0930,0.0233
-0.0930,0.0233
-0.0929,0.0233
-0.0929,0.0233
-0.0928,0.0233
-0.0927,0.0233
-0.0927,0.0232
-0.0926,0.0232
-0.0926,0.0232
-0.0925,0.0232
-0.0924,0.0232
-0.0924,0.0232
-0.0923,0.0232
-0.0923,0.0232
-0.0922,0.0231
-0.0921,0.0231
-0.0921,0.0231
-0.0920,0.0231
-0.0920,0.0231
-0.0919,0.0231
-0.0918,0.0231
-0.0918,0.0230
-0.0917,0.0230
-0.0917,0.0230
-0.0916,0.0230
-0.0916,0.0230
-0.0915,0.0230
-0.0914,0.0230
-0.0914,0.0229
-0.0913,0.0229
-0.0913,0.0229
-0.0912,0.0229
-0.0912,0.0229
-0.0911,0.0229
-0.0910,0.0229
-0.0910,0.0229
-0.0909,0.0228
-0.0909,0.0228
-0.0908,0.0228
-0.0908,0.0228
-0.0907,0.0228
-0.0906,0.0228
-0.0906,0.0228
-0.0905,0.0227
-0.0905,0.0227
-0.0904,0.0227
-0.0904,0.0227
-0.0903,0.0227
-0.0903,0.0227
-0.0902,0.0227
-0.0901,0.0227
-0.0901,0.0226
-0.0900,0.0226
-0.0900,0.0226
-0.0899,0.0226
-0.0899,0.0226
-0.0898,0.0226
-0.0898,0.0226
-0.0897,0.0225
-0.0897,0.0225
-0.0896,0.0225
-0.0895,0.0225
-0.0895,0.0225
-0.0894,0.0225
-0.0894,0.0225
-0.0893,0.0225
-0.0893,0.0224
-0.0892,0.0224
-0.0892,0.0224
-0.0891,0.0224
-0.0891,0.0224
-0.0890,0.0224
-0.0890,0.0224
-0.0889,0.0224
-0.0888,0.0223
-0.0888,0.0223
-0.0887,0.0223
-0.0887,0.0223
-0.0886,0.0223
-0.0886,0.0223
-0.0885,0.0223
-0.0885,0.0223
-0.0884,0.0222
-0.0884,0.0222
-0.0883,0.0222
-0.0883,0.0222
-0.0882,0.0222
-0.0882,0.0222
-0.0881,0.0222
-0.0881,0.0222
-0.0880,0.0222
-0.0880,0.0221
-0.0879,0.0221
-0.0879,0.0221
-0.0878,0.0221
-0.0878,0.0221
-0.0877,0.0221
-0.0877,0.0221
-0.0876,0.0221
-0.0876,0.0220
-0.0875,0.0220
-0.0875,0.0220
-0.0874,0.0220
-0.0874,0.0220
-0.0873,0.0220
-0.0872,0.0220
-0.0872,0.0220
-0.0871,0.0219
-0.0871,0.0219
-0.0870,0.0219
-0.0870,0.0219
-0.0869,0.0219
-0.0869,0.0219
-0.0869,0.0219
-0.0868,0.0219
-0.0868,0.0219
-0.0867,0.0218
-0.0867,0.0218
-0.0866,0.0218
-0.0866,0.0218
-0.0865,0.0218
-0.0865,0.0218
-0.0864,0.0218
-0.0864,0.0218
-0.0863,0.0218
-0.0863,0.0217
-0.0862,0.0217
-0.0862,0.0217
-0.0861,0.0217
-0.0861,0.0217
-0.0860,0.0217
-0.0860,0.0217
-0.0859,0.0217
-0.0859,0.0217
-0.0858,0.0216
-0.0858,0.0216
-0.0857,0.0216
-0.0857,0.0216
-0.0856,0.0216
-0.0856,0.0216
-0.0855,0.0216
-0.0855,0.0216
-0.0854,0.0216
-0.0854,0.0215
-0.0854,0.0215
-0.0853,0.0215
-0.0853,0.0215
-0.0852,0.0215
-0.0852,0.0215
-0.0851,0.0215
-0.0851,0.0215
-0.0850,0.0215
-0.0850,0.0214
-0.0849,0.0214
-0.0849,0.0214
-0.0848,0.0214
-0.0848,0.0214
-0.0847,0.0214
-0.0847,0.0214
-0.0847,0.0214
-0.0846,0.0214
-0.0846,0.0213
-0.0845,0.0213
-0.0845,0.0213
-0.0844,0.0213
-0.0844,0.0213
-0.0843,0.0213
-0.0843,0.0213
-0.0842,0.0213
-0.0842,0.0213
-0.0841,0.0212
-0.0841,0.0212
-0.0841,0.0212
-0.0840,0.0212
0.1422
0.2387
0.2589
0.3427
0.3647
0.3910
0.4032
0.4186
0.4231
0.4240
0.4303
0.4399
0.4468
0.4617
0.4772
0.4779
0.4821
0.4970
0.5028
0.5127
0.5137
0.5178
0.5529
0.5560
0.5658
0.5666
0.5718
0.5734
0.5895
0.5996
0.6004
0.6325
0.6452
0.6458
0.6458
0.6465
0.6601
0.6625
0.6736
0.6737
0.6806
0.6872
0.6970
0.6988
0.6999
0.7094
0.7325
0.7330
0.7465
0.7468
0.7578
0.7580
0.7605
0.7667
0.7706
0.7754
0.7785
0.7796
0.7925
0.7963
0.8006
0.8025
0.8036
0.8039
0.8061
0.8081
0.8085
0.8155
0.8174
0.8177
0.8228
0.8247
0.8264
0.8274
0.8284
0.8321
0.8406
0.8409
0.8447
0.8494
0.8501
0.8517
0.8520
0.8591
0.8628
0.8628
0.8649
0.8659
0.8659
0.8664
0.8664
0.8731
0.8767
0.8767
0.8780
0.8785
0.8787
0.8793
0.8795
0.8804
0.8821
0.8821
0.8851
0.8862
0.8862
0.8920
0.8931
0.8972
0.8979
0.8983
0.9010
0.9033
0.9075
0.9077
0.9078
0.9086
0.9095
0.9119
0.9139
0.9141
0.9147
0.9196
0.9217
0.9268
0.9283
0.9286
0.9361
0.9366
0.9371
0.9400
0.9408
0.9437
0.9441
0.9445
0.9455
0.9527
0.9538
0.9632
0.9638
0.9649
0.9650
0.9658
0.9711
0.9756
0.9761
0.9769
0.9787
0.9800
0.9827
0.9830
0.9831
0.9840
0.9872
0.9884
0.9905
0.9914
0.9951
0.9981
0.9981
0.9987
0.9995
1.0002
1.0014
1.0025
1.0079
1.0096
1.0106
1.0112
1.0118
1.0132
1.0140
1.0156
1.0163
1.0185
1.0216
1.0246
1.0270
1.0274
1.0276
1.0286
1.0377
1.0413
1.0436
1.0517
1.0522
1.0589
1.0609
1.0642
1.0653
1.0659
1.0704
1.0725
1.0768
1.0835
1.0865
1.0867
1.0894
1.0903
1.0922
1.0939
1.0978
1.0999
1.1005
1.1006
1.1032
1.1035
1.1043
1.1061
1.1072
1.1076
1.1082
1.1083
1.1083
1.1101
1.1111
1.1112
1.1185
1.1187
1.1222
1.1227
1.1250
1.1274
1.1280
1.1288
1.1390
1.1418
1.1421
1.1424
1.1431
1.1518
1.1572
1.1584
1.1637
1.1661
1.1683
1.1683
1.1711
1.1716
1.1730
1.1733
1.1743
1.1782
1.1818
1.1820
1.1823
1.1826
1.1843
1.1861
1.1866
1.1866
1.1870
1.1871
1.1879
1.1881
1.1949
1.1977
1.1978
1.1989
1.1998
1.2003
1.2036
1.2043
1.2057
1.2109
1.2127
1.2129
1.2132
1.2136
1.2150
1.2169
1.2248
1.2277
1.2305
1.2310
1.2311
1.2327
1.2377
1.2406
1.2418
1.2420
1.2430
1.2435
1.2454
1.2457
1.2466
1.2481
1.2481
1.2505
1.2522
1.2523
1.2532
1.2539
1.2570
1.2570
1.2572
1.2573
1.2574
1.2617
1.2617
1.2628
1.2632
1.2666
1.2690
1.2718
1.2797
1.2807
1.2810
1.2878
1.2925
1.2927
1.2960
1.2966
1.2980
1.2991
1.3005
1.3008
1.3011
1.3011
1.3014
1.3017
1.3022
1.3074
1.3086
1.3093
1.3099
1.3135
1.3154
1.3154
1.3164
1.3172
1.3180
1.3181
1.3200
1.3207
1.3210
1.3247
1.3261
1.3262
1.3263
1.3286
1.3289
1.3295
1.3296
1.3298
1.3302
1.3311
1.3401
1.3403
1.3420
1.3446
1.3477
1.3482
1.3483
1.3491
1.3502
1.3510
1.3532
1.3593
1.3603
1.3634
1.3635
1.3639
1.3661
1.3708
1.3711
1.3753
1.3756
1.3765
1.3775
1.3775
1.3784
1.3786
1.3800
1.3814
1.3826
1.3832
1.3837
1.3848
1.3898
1.3914
1.3921
1.3925
1.3933
1.3935
1.3957
1.3991
1.4005
1.4011
1.4025
1.4033
1.4035
1.4048
1.4058
1.4059
1.4060
1.4089
1.4100
1.4117
1.4120
1.4122
1.4133
1.4144
1.4162
1.4165
1.4165
1.4189
1.4195
1.4208
1.4211
1.4252
1.4261
1.4281
1.4282
1.4293
1.4325
1.4349
1.4358
1.4358
1.4381
1.4393
1.4431
1.4448
1.4453
1.4477
1.4482
1.4516
1.4542
1.4585
1.4611
1.4637
1.4653
1.4658
1.4660
1.4672
1.4690
1.4712
1.4718
1.4726
1.4746
1.4760
1.4773
1.4773
1.4781
1.4803
1.4815
1.4819
1.4832
1.4836
1.4851
1.4854
1.4859
1.4869
1.4870
1.4871
1.4908
1.4926
1.4939
1.4942
1.4943
1.4944
1.4965
1.4970
1.4988
1.4999
1.5000
1.5016
1.5025
1.5039
1.5051
1.5054
1.5071
1.5093
1.5104
1.5120
1.5160
1.5160
1.5168
1.5177
1.5182
1.5190
1.5199
1.5202
1.5211
1.5237
1.5298
1.5317
1.5322
1.5340
1.5350
1.5353
1.5373
1.5377
1.5408
1.5422
1.5438
1.5447
1.5450
1.5456
1.5468
1.5480
1.5495
1.5555
1.5582
1.5593
1.5612
1.5614
1.5633
1.5633
1.5646
1.5648
1.5651
1.5709
1.5715
1.5717
1.5733
1.5738
1.5741
1.5775
1.5779
1.5785
1.5788
1.5808
1.5825
1.5829
1.5839
1.5839
1.5855
1.5904
1.5909
1.5910
1.5930
1.5973
1.5976
1.5989
1.6006
1.6013
1.6021
1.6049
1.6060
1.6077
1.6079
1.6086
1.6096
1.6107
1.6153
1.6158
1.6173
1.6176
1.6195
1.6211
1.6218
1.6241
1.6252
1.6255
1.6256
1.6258
1.6299
1.6301
1.6328
1.6355
1.6356
1.6359
1.6363
1.6371
1.6381
1.6390
1.6421
1.6424
1.6429
1.6431
1.6432
1.6442
1.6443
1.6467
1.6479
1.6485
1.6494
1.6512
1.6520
1.6526
1.6536
1.6537
1.6571
1.6580
1.6594
1.6631
1.6694
1.6747
1.6758
1.6759
1.6772
1.6779
1.6796
1.6850
1.6912
1.6912
1.6918
1.6942
1.6948
1.6976
1.6986
1.7016
1.7024
1.7079
1.7088
1.7095
1.7128
1.7129
1.7130
1.7160
1.7165
1.7175
1.7181
1.7183
1.7187
1.7192
1.7198
1.7211
1.7213
1.7222
1.7256
1.7258
1.7308
1.7313
1.7337
1.7371
1.7390
1.7394
1.7405
1.7426
1.7445
1.7455
1.7496
1.7497
1.7502
1.7518
1.7577
1.7577
1.7579
1.7590
1.7698
1.7702
1.7717
1.7752
1.7757
1.7772
1.7780
1.7844
1.7873
1.7875
1.7889
1.7903
1.7907
1.7945
1.7968
1.7983
1.7992
1.7994
1.8024
1.8066
1.8084
1.8093
1.8151
1.8154
1.8174
1.8175
1.8236
1.8244
1.8250
1.8360
1.8376
1.8397
1.8403
1.8409
1.8433
1.8465
1.8511
1.8528
1.8545
1.8578
1.8631
1.8641
1.8647
1.8677
1.8688
1.8694
1.8702
1.8721
1.8727
1.8743
1.8764
1.8773
1.8774
1.8777
1.8835
1.8838
1.8847
1.8875
1.8922
1.8932
1.8945
1.8946
1.8954
1.8987
1.8990
1.9002
1.9034
1.9045
1.9052
1.9055
1.9056
1.9092
1.9114
1.9150
1.9154
1.9155
1.9196
1.9223
1.9244
1.9260
1.9267
1.9274
1.9275
1.9335
1.9349
1.9351
1.9367
1.9385
1.9407
1.9429
1.9451
1.9467
1.9485
1.9487
1.9579
1.9585
1.9589
1.9590
1.9644
1.9669
1.9747
1.9759
1.9760
1.9775
1.9802
1.9804
1.9870
1.9888
1.9889
1.9896
1.9903
1.9921
1.9922
1.9951
1.9975
1.9986
1.9995
2.0011
2.0033
2.0053
2.0054
2.0085
2.0108
2.0142
2.0157
2.0162
2.0217
2.0228
2.0240
2.0246
2.0285
2.0325
2.0332
2.0341
2.0396
2.0409
2.0441
2.0453
2.0504
2.0558
2.0567
2.0609
2.0644
2.0657
2.0669
2.0698
2.0698
2.0752
2.0758
2.0782
2.0818
2.0855
2.0866
2.0918
2.0941
2.0955
2.0964
2.0969
2.0971
2.0977
2.0980
2.0981
2.1073
2.1090
2.1125
2.1146
2.1172
2.1202
2.1210
2.1252
2.1374
2.1383
2.1389
2.1396
2.1401
2.1469
2.1475
2.1481
2.1491
2.1522
2.1547
2.1565
2.1582
2.1610
2.1629
2.1649
2.1657
2.1658
2.1677
2.1697
2.1736
2.1801
2.1838
2.1840
2.1848
2.1881
2.1978
2.1980
2.2004
2.2016
2.2019
2.2029
2.2045
2.2046
2.2051
2.2074
2.2126
2.2172
2.2204
2.2211
2.2216
2.2277
2.2309
2.2321
2.2350
2.2372
2.2396
2.2415
2.2424
2.2481
2.2490
2.2536
2.2576
2.2668
2.2676
2.2687
2.2698
2.2740
2.2742
2.2825
2.2838
2.2840
2.2875
2.2938
2.2987
2.3018
2.3115
2.3134
2.3147
2.3183
2.3215
2.3251
2.3260
2.3264
2.3283
2.3295
2.3331
2.3349
2.3391
2.3429
2.3608
2.3624
2.3676
2.3704
2.3711
2.3724
2.3758
2.3816
2.3829
2.3845
2.3893
2.3896
2.3967
2.4007
2.4023
2.4063
2.4126
2.4145
2.4164
2.4170
2.4202
2.4271
2.4360
2.4402
2.4449
2.4499
2.4550
2.4610
2.4681
2.4787
2.4809
2.4809
2.4895
2.4923
2.4957
2.4964
2.4983
2.5048
2.5123
2.5133
2.5152
2.5261
2.5363
2.5419
2.5419
2.5428
2.5467
2.5602
2.5661
2.5701
2.5716
2.5845
2.5845
2.5921
2.5980
2.6190
2.6217
2.6221
2.6354
2.6402
2.6422
2.6453
2.6495
2.6530
2.6538
2.6569
2.6577
2.6902
2.6930
2.6955
2.6966
2.6975
2.7005
2.7164
2.7191
2.7247
2.7263
2.7589
2.7759
2.7790
2.7858
2.7921
2.7937
2.8181
2.8204
2.8388
2.8489
2.8685
2.8807
2.9056
2.9255
2.9276
2.9367
2.9382
2.9470
2.9866
3.0627
3.0640
3.0873
3.0987
3.1328
3.1596
3.1603
3.1737
3.2264
3.2806
3.3401
3.4906
3.6559
3.6985
