1000
1000
-1.5877,0.1909
-1.4951,0.1888
-1.2796,0.1413
-1.1338,0.1342
-1.0261,0.1323
-0.9434,0.1311
-0.8772,0.1288
-0.8231,0.1268
-0.7780,0.1246
-0.7393,0.1219
-0.7054,0.1187
-0.6756,0.1162
-0.6494,0.1141
-0.6258,0.1123
-0.6045,0.1104
-0.5849,0.1085
-0.5671,0.1066
-0.5507,0.1048
-0.5355,0.1029
-0.5215,0.1013
-0.5084,0.0996
-0.4963,0.0981
-0.4848,0.0966
-0.4741,0.0951
-0.4639,0.0936
-0.4544,0.0923
-0.4454,0.0910
-0.4368,0.0897
-0.4288,0.0886
-0.4211,0.0874
-0.4138,0.0863
-0.4068,0.0852
-0.4002,0.0841
-0.3938,0.0831
-0.3877,0.0821
-0.3819,0.0812
-0.3763,0.0802
-0.3709,0.0793
-0.3658,0.0785
-0.3608,0.0776
-0.3560,0.0768
-0.3514,0.0760
-0.3470,0.0752
-0.3427,0.0745
-0.3385,0.0738
-0.3345,0.0731
-0.3306,0.0724
-0.3269,0.0717
-0.3233,0.0711
-0.3197,0.0705
-0.3163,0.0699
-0.3130,0.0693
-0.3097,0.0687
-0.3066,0.0682
-0.3036,0.0676
-0.3006,0.0671
-0.2977,0.0666
-0.2949,0.0661
-0.2921,0.0656
-0.2894,0.0651
-0.2869,0.0646
-0.2843,0.0642
-0.2818,0.0637
-0.2794,0.0633
-0.2771,0.0629
-0.2748,0.0624
-0.2725,0.0620
-0.2704,0.0616
-0.2682,0.0613
-0.2661,0.0609
-0.2641,0.0605
-0.2621,0.0601
-0.2601,0.0598
-0.2582,0.0595
-0.2564,0.0592
-0.2546,0.0589
-0.2528,0.0585
-0.2510,0.0582
-0.2493,0.0579
-0.2476,0.0576
-0.2459,0.0573
-0.2443,0.0570
-0.2427,0.0567
-0.2411,0.0564
-0.2396,0.0561
-0.2381,0.0559
-0.2366,0.0556
-0.2351,0.0553
-0.2337,0.0551
-0.2323,0.0548
-0.2309,0.0545
-0.2295,0.0543
-0.2282,0.0540
-0.2269,0.0538
-0.2256,0.0536
-0.2243,0.0534
-0.2231,0.0531
-0.2219,0.0529
-0.2207,0.0527
-0.2195,0.0525
-0.2183,0.0523
-0.2171,0.0521
-0.2160,0.0518
-0.2149,0.0516
-0.2138,0.0514
-0.2127,0.0512
-0.2116,0.0510
-0.2105,0.0507
-0.2095,0.0505
-0.2085,0.0503
-0.2074,0.0501
-0.2064,0.0499
-0.2054,0.0497
-0.2045,0.0495
-0.2035,0.0493
-0.2025,0.0491
-0.2016,0.0489
-0.2007,0.0487
-0.1997,0.0485
-0.1988,0.0483
-0.1979,0.0482
-0.1970,0.0480
-0.1962,0.0478
-0.1953,0.0476
-0.1944,0.0474
-0.1936,0.0473
-0.1928,0.0471
-0.1919,0.0469
-0.1911,0.0467
-0.1903,0.0466
-0.1895,0.0464
-0.1887,0.0463
-0.1880,0.0461
-0.1872,0.0459
-0.1865,0.0458
-0.1857,0.0456
-0.1850,0.0455
-0.1842,0.0453
-0.1835,0.0452
-0.1828,0.0450
-0.1821,0.0448
-0.1814,0.0447
-0.1807,0.0445
-0.1800,0.0444
-0.1793,0.0442
-0.1786,0.0441
-0.1780,0.0439
-0.1773,0.0438
-0.1766,0.0437
-0.1760,0.0435
-0.1754,0.0434
-0.1747,0.0432
-0.1741,0.0431
-0.1735,0.0430
-0.1729,0.0428
-0.1723,0.0427
-0.1717,0.0426
-0.1711,0.0424
-0.1705,0.0423
-0.1699,0.0422
-0.1693,0.0420
-0.1688,0.0419
-0.1682,0.0418
-0.1676,0.0417
-0.1671,0.0415
-0.1665,0.0414
-0.1660,0.0413
-0.1654,0.0412
-0.1649,0.0411
-0.1644,0.0409
-0.1639,0.0408
-0.1633,0.0407
-0.1628,0.0406
-0.1623,0.0405
-0.1618,0.0404
-0.1613,0.0403
-0.1608,0.0401
-0.1603,0.0400
-0.1598,0.0399
-0.1593,0.0398
-0.1588,0.0397
-0.1584,0.0396
-0.1579,0.0395
-0.1574,0.0394
-0.1570,0.0393
-0.1565,0.0392
-0.1561,0.0391
-0.1556,0.0390
-0.1551,0.0389
-0.1547,0.0388
-0.1543,0.0387
-0.1538,0.0386
-0.1534,0.0385
-0.1529,0.0384
-0.1525,0.0383
-0.1521,0.0382
-0.1517,0.0381
-0.1513,0.0380
-0.1508,0.0379
-0.1504,0.0378
-0.1500,0.0377
-0.1496,0.0376
-0.1492,0.0376
-0.1488,0.0375
-0.1484,0.0374
-0.1480,0.0373
-0.1476,0.0372
-0.1472,0.0371
-0.1468,0.0370
-0.1465,0.0369
-0.1461,0.0369
-0.1457,0.0368
-0.1453,0.0367
-0.1450,0.0366
-0.1446,0.0365
-0.1442,0.0364
-0.1439,0.0364
-0.1435,0.0363
-0.1431,0.0362
-0.1428,0.0361
-0.1424,0.0360
-0.1421,0.0360
-0.1417,0.0359
-0.1414,0.0358
-0.1410,0.0357
-0.1407,0.0356
-0.1404,0.0356
-0.1400,0.0355
-0.1397,0.0354
-0.1394,0.0353
-0.1390,0.0353
-0.1387,0.0352
-0.1384,0.0351
-0.1380,0.0350
-0.1377,0.0350
-0.1374,0.0349
-0.1371,0.0348
-0.1368,0.0348
-0.1365,0.0347
-0.1362,0.0346
-0.1358,0.0346
-0.1355,0.0345
-0.1352,0.0344
-0.1349,0.0344
-0.1346,0.0343
-0.1343,0.0342
-0.1340,0.0342
-0.1337,0.0341
-0.1334,0.0340
-0.1332,0.0340
-0.1329,0.0339
-0.1326,0.0338
-0.1323,0.0338
-0.1320,0.0337
-0.1317,0.0337
-0.1314,0.0336
-0.1312,0.0335
-0.1309,0.0335
-0.1306,0.0334
-0.1303,0.0333
-0.1301,0.0333
-0.1298,0.0332
-0.1295,0.0331
-0.1293,0.0331
-0.1290,0.0330
-0.1287,0.0330
-0.1285,0.0329
-0.1282,0.0328
-0.1279,0.0328
-0.1277,0.0327
-0.1274,0.0327
-0.1272,0.0326
-0.1269,0.0326
-0.1267,0.0325
-0.1264,0.0324
-0.1262,0.0324
-0.1259,0.0323
-0.1257,0.0323
-0.1254,0.0322
-0.1252,0.0322
-0.1249,0.0321
-0.1247,0.0321
-0.1245,0.0320
-0.1242,0.0320
-0.1240,0.0319
-0.1237,0.0319
-0.1235,0.0318
-0.1233,0.0318
-0.1230,0.0317
-0.1228,0.0317
-0.1226,0.0316
-0.1224,0.0316
-0.1221,0.0315
-0.1219,0.0315
-0.1217,0.0314
-0.1215,0.0314
-0.1212,0.0313
-0.1210,0.0313
-0.1208,0.0312
-0.1206,0.0312
-0.1203,0.0311
-0.1201,0.0311
-0.1199,0.0310
-0.1197,0.0310
-0.1195,0.0309
-0.1193,0.0309
-0.1191,0.0308
-0.1189,0.0308
-0.1186,0.0307
-0.1184,0.0307
-0.1182,0.0306
-0.1180,0.0306
-0.1178,0.0306
-0.1176,0.0305
-0.1174,0.0305
-0.1172,0.0304
-0.1170,0.0304
-0.1168,0.0303
-0.1166,0.0303
-0.1164,0.0302
-0.1162,0.0302
-0.1160,0.0302
-0.1158,0.0301
-0.1156,0.0301
-0.1154,0.0300
-0.1152,0.0300
-0.1150,0.0299
-0.1149,0.0299
-0.1147,0.0299
-0.1145,0.0298
-0.1143,0.0298
-0.1141,0.0297
-0.1139,0.0297
-0.1137,0.0296
-0.1135,0.0296
-0.1133,0.0296
-0.1132,0.0295
-0.1130,0.0295
-0.1128,0.0294
-0.1126,0.0294
-0.1124,0.0294
-0.1123,0.0293
-0.1121,0.0293
-0.1119,0.0292
-0.1117,0.0292
-0.1115,0.0292
-0.1114,0.0291
-0.1112,0.0291
-0.1110,0.0290
-0.1108,0.0290
-0.1107,0.0290
-0.1105,0.0289
-0.1103,0.0289
-0.1102,0.0288
-0.1100,0.0288
-0.1098,0.0288
-0.1096,0.0287
-0.1095,0.0287
-0.1093,0.0287
-0.1091,0.0286
-0.1090,0.0286
-0.1088,0.0285
-0.1086,0.0285
-0.1085,0.0285
-0.1083,0.0284
-0.1082,0.0284
-0.1080,0.0283
-0.1078,0.0283
-0.1077,0.0283
-0.1075,0.0282
-0.1073,0.0282
-0.1072,0.0282
-0.1070,0.0281
-0.1069,0.0281
-0.1067,0.0281
-0.1066,0.0280
-0.1064,0.0280
-0.1062,0.0279
-0.1061,0.0279
-0.1059,0.0279
-0.1058,0.0278
-0.1056,0.0278
-0.1055,0.0278
-0.1053,0.0277
-0.1052,0.0277
-0.1050,0.0277
-0.1049,0.0276
-0.1047,0.0276
-0.1046,0.0275
-0.1044,0.0275
-0.1043,0.0275
-0.1041,0.0274
-0.1040,0.0274
-0.1038,0.0274
-0.1037,0.0273
-0.1035,0.0273
-0.1034,0.0273
-0.1032,0.0272
-0.1031,0.0272
-0.1030,0.0272
-0.1028,0.0271
-0.1027,0.0271
-0.1025,0.0271
-0.1024,0.0270
-0.1022,0.0270
-0.1021,0.0269
-0.1020,0.0269
-0.1018,0.0269
-0.1017,0.0268
-0.1015,0.0268
-0.1014,0.0268
-0.1013,0.0267
-0.1011,0.0267
-0.1010,0.0267
-0.1009,0.0266
-0.1007,0.0266
-0.1006,0.0266
-0.1005,0.0266
-0.1003,0.0265
-0.1002,0.0265
-0.1001,0.0265
-0.0999,0.0264
-0.0998,0.0264
-0.0997,0.0264
-0.0995,0.0263
-0.0994,0.0263
-0.0993,0.0263
-0.0991,0.0262
-0.0990,0.0262
-0.0989,0.0262
-0.0988,0.0261
-0.0986,0.0261
-0.0985,0.0261
-0.0984,0.0260
-0.0982,0.0260
-0.0981,0.0260
-0.0980,0.0259
-0.0979,0.0259
-0.0977,0.0259
-0.0976,0.0258
-0.0975,0.0258
-0.0974,0.0258
-0.0972,0.0257
-0.0971,0.0257
-0.0970,0.0257
-0.0969,0.0256
-0.0968,0.0256
-0.0966,0.0256
-0.0965,0.0255
-0.0964,0.0255
-0.0963,0.0255
-0.0962,0.0255
-0.0960,0.0254
-0.0959,0.0254
-0.0958,0.0254
-0.0957,0.0253
-0.0956,0.0253
-0.0954,0.0253
-0.0953,0.0252
-0.0952,0.0252
-0.0951,0.0252
-0.0950,0.0251
-0.0949,0.0251
-0.0947,0.0251
-0.0946,0.0251
-0.0945,0.0250
-0.0944,0.0250
-0.0943,0.0250
-0.0942,0.0249
-0.0941,0.0249
-0.0939,0.0249
-0.0938,0.0248
-0.0937,0.0248
-0.0936,0.0248
-0.0935,0.0247
-0.0934,0.0247
-0.0933,0.0247
-0.0932,0.0247
-0.0931,0.0246
-0.0929,0.0246
-0.0928,0.0246
-0.0927,0.0245
-0.0926,0.0245
-0.0925,0.0245
-0.0924,0.0245
-0.0923,0.0244
-0.0922,0.0244
-0.0921,0.0244
-0.0920,0.0243
-0.0919,0.0243
-0.0918,0.0243
-0.0917,0.0242
-0.0916,0.0242
-0.0915,0.0242
-0.0913,0.0242
-0.0912,0.0241
-0.0911,0.0241
-0.0910,0.0241
-0.0909,0.0240
-0.0908,0.0240
-0.0907,0.0240
-0.0906,0.0240
-0.0905,0.0239
-0.0904,0.0239
-0.0903,0.0239
-0.0902,0.0239
-0.0901,0.0238
-0.0900,0.0238
-0.0899,0.0238
-0.0898,0.0237
-0.0897,0.0237
-0.0896,0.0237
-0.0895,0.0237
-0.0894,0.0236
-0.0893,0.0236
-0.0892,0.0236
-0.0891,0.0236
-0.0890,0.0235
-0.0889,0.0235
-0.0889,0.0235
-0.0888,0.0235
-0.0887,0.0234
-0.0886,0.0234
-0.0885,0.0234
-0.0884,0.0234
-0.0883,0.0233
-0.0882,0.0233
-0.0881,0.0233
-0.0880,0.0233
-0.0879,0.0232
-0.0878,0.0232
-0.0877,0.0232
-0.0876,0.0231
-0.0875,0.0231
-0.0874,0.0231
-0.0874,0.0231
-0.0873,0.0230
-0.0872,0.0230
-0.0871,0.0230
-0.0870,0.0230
-0.0869,0.0229
-0.0868,0.0229
-0.0867,0.0229
-0.0866,0.0229
-0.0865,0.0228
-0.0865,0.0228
-0.0864,0.0228
-0.0863,0.0228
-0.0862,0.0228
-0.0861,0.0227
-0.0860,0.0227
-0.0859,0.0227
-0.0858,0.0227
-0.0857,0.0226
-0.0857,0.0226
-0.0856,0.0226
-0.0855,0.0226
-0.0854,0.0225
-0.0853,0.0225
-0.0852,0.0225
-0.0851,0.0225
-0.0851,0.0224
-0.0850,0.0224
-0.0849,0.0224
-0.0848,0.0224
-0.0847,0.0223
-0.0846,0.0223
-0.0846,0.0223
-0.0845,0.0223
-0.0844,0.0222
-0.0843,0.0222
-0.0842,0.0222
-0.0841,0.0222
-0.0841,0.0222
-0.0840,0.0221
-0.0839,0.0221
-0.0838,0.0221
-0.0837,0.0221
-0.0836,0.0220
-0.0836,0.0220
-0.0835,0.0220
-0.0834,0.0220
-0.0833,0.0219
-0.0832,0.0219
-0.0832,0.0219
-0.0831,0.0219
-0.0830,0.0219
-0.0829,0.0218
-0.0829,0.0218
-0.0828,0.0218
-0.0827,0.0218
-0.0826,0.0218
-0.0825,0.0217
-0.0825,0.0217
-0.0824,0.0217
-0.0823,0.0217
-0.0822,0.0216
-0.0821,0.0216
-0.0821,0.0216
-0.0820,0.0216
-0.0819,0.0216
-0.0818,0.0215
-0.0818,0.0215
-0.0817,0.0215
-0.0816,0.0215
-0.0815,0.0215
-0.0815,0.0214
-0.0814,0.0214
-0.0813,0.0214
-0.0812,0.0214
-0.0812,0.0213
-0.0811,0.0213
-0.0810,0.0213
-0.0809,0.0213
-0.0809,0.0213
-0.0808,0.0212
-0.0807,0.0212
-0.0806,0.0212
-0.0806,0.0212
-0.0805,0.0212
-0.0804,0.0211
-0.0804,0.0211
-0.0803,0.0211
-0.0802,0.0211
-0.0801,0.0211
-0.0801,0.0210
-0.0800,0.0210
-0.0799,0.0210
-0.0799,0.0210
-0.0798,0.0209
-0.0797,0.0209
-0.0796,0.0209
-0.0796,0.0209
-0.0795,0.0209
-0.0794,0.0208
-0.0794,0.0208
-0.0793,0.0208
-0.0792,0.0208
-0.0791,0.0208
-0.0791,0.0207
-0.0790,0.0207
-0.0789,0.0207
-0.0789,0.0207
-0.0788,0.0207
-0.0787,0.0206
-0.0787,0.0206
-0.0786,0.0206
-0.0785,0.0206
-0.0785,0.0206
-0.0784,0.0205
-0.0783,0.0205
-0.0783,0.0205
-0.0782,0.0205
-0.0781,0.0205
-0.0780,0.0204
-0.0780,0.0204
-0.0779,0.0204
-0.0778,0.0204
-0.0778,0.0204
-0.0777,0.0203
-0.0776,0.0203
-0.0776,0.0203
-0.0775,0.0203
-0.0774,0.0203
-0.0774,0.0203
-0.0773,0.0202
-0.0772,0.0202
-0.0772,0.0202
-0.0771,0.0202
-0.0771,0.0202
-0.0770,0.0201
-0.0769,0.0201
-0.0769,0.0201
-0.0768,0.0201
-0.0767,0.0201
-0.0767,0.0200
-0.0766,0.0200
-0.0765,0.0200
-0.0765,0.0200
-0.0764,0.0200
-0.0763,0.0199
-0.0763,0.0199
-0.0762,0.0199
-0.0762,0.0199
-0.0761,0.0199
-0.0760,0.0199
-0.0760,0.0198
-0.0759,0.0198
-0.0758,0.0198
-0.0758,0.0198
-0.0757,0.0198
-0.0756,0.0197
-0.0756,0.0197
-0.0755,0.0197
-0.0755,0.0197
-0.0754,0.0197
-0.0753,0.0197
-0.0753,0.0196
-0.0752,0.0196
-0.0752,0.0196
-0.0751,0.0196
-0.0750,0.0196
-0.0750,0.0196
-0.0749,0.0195
-0.0749,0.0195
-0.0748,0.0195
-0.0747,0.0195
-0.0747,0.0195
-0.0746,0.0195
-0.0746,0.0194
-0.0745,0.0194
-0.0744,0.0194
-0.0744,0.0194
-0.0743,0.0194
-0.0743,0.0193
-0.0742,0.0193
-0.0741,0.0193
-0.0741,0.0193
-0.0740,0.0193
-0.0740,0.0193
-0.0739,0.0192
-0.0738,0.0192
-0.0738,0.0192
-0.0737,0.0192
-0.0737,0.0192
-0.0736,0.0192
-0.0736,0.0191
-0.0735,0.0191
-0.0734,0.0191
-0.0734,0.0191
-0.0733,0.0191
-0.0733,0.0191
-0.0732,0.0191
-0.0732,0.0190
-0.0731,0.0190
-0.0730,0.0190
-0.0730,0.0190
-0.0729,0.0190
-0.0729,0.0190
-0.0728,0.0189
-0.0728,0.0189
-0.0727,0.0189
-0.0727,0.0189
-0.0726,0.0189
-0.0725,0.0189
-0.0725,0.0188
-0.0724,0.0188
-0.0724,0.0188
-0.0723,0.0188
-0.0723,0.0188
-0.0722,0.0188
-0.0722,0.0188
-0.0721,0.0187
-0.0720,0.0187
-0.0720,0.0187
-0.0719,0.0187
-0.0719,0.0187
-0.0718,0.0187
-0.0718,0.0186
-0.0717,0.0186
-0.0717,0.0186
-0.0716,0.0186
-0.0716,0.0186
-0.0715,0.0186
-0.0715,0.0186
-0.0714,0.0185
-0.0714,0.0185
-0.0713,0.0185
-0.0712,0.0185
-0.0712,0.0185
-0.0711,0.0185
-0.0711,0.0184
-0.0710,0.0184
-0.0710,0.0184
-0.0709,0.0184
-0.0709,0.0184
-0.0708,0.0184
-0.0708,0.0184
-0.0707,0.0183
-0.0707,0.0183
-0.0706,0.0183
-0.0706,0.0183
-0.0705,0.0183
-0.0705,0.0183
-0.0704,0.0183
-0.0704,0.0182
-0.0703,0.0182
-0.0703,0.0182
-0.0702,0.0182
-0.0702,0.0182
-0.0701,0.0182
-0.0701,0.0182
-0.0700,0.0181
-0.0700,0.0181
-0.0699,0.0181
-0.0699,0.0181
-0.0698,0.0181
-0.0698,0.0181
-0.0697,0.0181
-0.0697,0.0180
-0.0696,0.0180
-0.0696,0.0180
-0.0695,0.0180
-0.0695,0.0180
-0.0694,0.0180
-0.0694,0.0180
-0.0693,0.0179
-0.0693,0.0179
-0.0692,0.0179
-0.0692,0.0179
-0.0691,0.0179
-0.0691,0.0179
-0.0690,0.0179
-0.0690,0.0178
-0.0689,0.0178
-0.0689,0.0178
-0.0688,0.0178
-0.0688,0.0178
-0.0687,0.0178
-0.0687,0.0178
-0.0686,0.0177
-0.0686,0.0177
-0.0685,0.0177
-0.0685,0.0177
-0.0684,0.0177
-0.0684,0.0177
-0.0683,0.0177
-0.0683,0.0176
-0.0682,0.0176
-0.0682,0.0176
-0.0681,0.0176
-0.0681,0.0176
-0.0680,0.0176
-0.0680,0.0176
-0.0680,0.0176
-0.0679,0.0175
-0.0679,0.0175
-0.0678,0.0175
-0.0678,0.0175
-0.0677,0.0175
-0.0677,0.0175
-0.0676,0.0175
-0.0676,0.0174
-0.0675,0.0174
-0.0675,0.0174
-0.0674,0.0174
-0.0674,0.0174
-0.0674,0.0174
-0.0673,0.0174
-0.0673,0.0174
-0.0672,0.0173
-0.0672,0.0173
-0.0671,0.0173
-0.0671,0.0173
-0.0670,0.0173
-0.0670,0.0173
-0.0669,0.0173
-0.0669,0.0173
-0.0668,0.0172
-0.0668,0.0172
-0.0668,0.0172
-0.0667,0.0172
-0.0667,0.0172
-0.0666,0.0172
-0.0666,0.0172
-0.0665,0.0171
-0.0665,0.0171
-0.0664,0.0171
-0.0664,0.0171
-0.0664,0.0171
-0.0663,0.0171
-0.0663,0.0171
-0.0662,0.0171
-0.0662,0.0170
-0.0661,0.0170
-0.0661,0.0170
-0.0660,0.0170
-0.0660,0.0170
-0.0660,0.0170
-0.0659,0.0170
-0.0659,0.0170
-0.0658,0.0169
-0.0658,0.0169
-0.0657,0.0169
-0.0657,0.0169
-0.0657,0.0169
-0.0656,0.0169
-0.0656,0.0169
-0.0655,0.0169
-0.0655,0.0168
-0.0654,0.0168
-0.0654,0.0168
-0.0653,0.0168
-0.0653,0.0168
-0.0653,0.0168
-0.0652,0.0168
-0.0652,0.0168
-0.0651,0.0167
-0.0651,0.0167
-0.0651,0.0167
-0.0650,0.0167
-0.0650,0.0167
-0.0649,0.0167
-0.0649,0.0167
-0.0648,0.0167
-0.0648,0.0166
-0.0648,0.0166
-0.0647,0.0166
-0.0647,0.0166
-0.0646,0.0166
-0.0646,0.0166
-0.0645,0.0166
-0.0645,0.0166
-0.0645,0.0165
-0.0644,0.0165
-0.0644,0.0165
-0.0643,0.0165
-0.0643,0.0165
-0.0643,0.0165
-0.0642,0.0165
-0.0642,0.0165
-0.0641,0.0164
-0.0641,0.0164
-0.0640,0.0164
-0.0640,0.0164
-0.0640,0.0164
-0.0639,0.0164
-0.0639,0.0164
-0.0638,0.0164
-0.0638,0.0163
-0.0638,0.0163
-0.0637,0.0163
-0.0637,0.0163
-0.0636,0.0163
-0.0636,0.0163
-0.0636,0.0163
-0.0635,0.0163
-0.0635,0.0162
-0.0634,0.0162
-0.0634,0.0162
-0.0634,0.0162
-0.0633,0.0162
-0.0633,0.0162
-0.0632,0.0162
-0.0632,0.0162
-0.0632,0.0162
-0.0631,0.0161
-0.0631,0.0161
-0.0630,0.0161
-0.0630,0.0161
-0.0630,0.0161
-0.0629,0.0161
-0.0629,0.0161
-0.0628,0.0161
-0.0628,0.0160
-0.0628,0.0160
-0.0627,0.0160
-0.0627,0.0160
-0.0626,0.0160
-0.0626,0.0160
-0.0626,0.0160
-0.0625,0.0160
-0.0625,0.0160
-0.0625,0.0159
-0.0624,0.0159
-0.0624,0.0159
-0.0623,0.0159
-0.0623,0.0159
-0.0623,0.0159
-0.0622,0.0159
-0.0622,0.0159
-0.0621,0.0158
-0.0621,0.0158
-0.0621,0.0158
-0.0620,0.0158
-0.0620,0.0158
-0.0620,0.0158
-0.0619,0.0158
-0.0619,0.0158
-0.0618,0.0158
-0.0618,0.0157
-0.0618,0.0157
-0.0617,0.0157
-0.0617,0.0157
-0.0616,0.0157
-0.0616,0.0157
-0.0616,0.0157
-0.0615,0.0157
-0.0615,0.0157
-0.0615,0.0156
-0.0614,0.0156
-0.0614,0.0156
-0.0613,0.0156
-0.0613,0.0156
-0.0613,0.0156
-0.0612,0.0156
-0.0612,0.0156
-0.0612,0.0156
-0.0611,0.0155
-0.0611,0.0155
-0.2381
-0.2349
-0.1307
-0.0975
-0.0902
-0.0198
-0.0190
0.0016
0.0122
0.0499
0.0582
0.0834
0.0885
0.0953
0.0957
0.1023
0.1196
0.1490
0.1494
0.1508
0.1522
0.1551
0.1669
0.2284
0.2408
0.2535
0.2634
0.2690
0.2770
0.2819
0.3094
0.3101
0.3205
0.3243
0.3250
0.3262
0.3372
0.3535
0.3565
0.3617
0.3620
0.3634
0.3652
0.3671
0.3702
0.3734
0.3888
0.4069
0.4113
0.4134
0.4166
0.4184
0.4197
0.4210
0.4220
0.4227
0.4230
0.4267
0.4286
0.4473
0.4555
0.4658
0.4725
0.4772
0.4808
0.4880
0.4926
0.5011
0.5063
0.5136
0.5189
0.5341
0.5355
0.5384
0.5493
0.5532
0.5536
0.5545
0.5591
0.5618
0.5706
0.5784
0.5788
0.5793
0.5795
0.5832
0.5840
0.5852
0.5912
0.5917
0.5985
0.6044
0.6061
0.6066
0.6067
0.6099
0.6100
0.6106
0.6117
0.6127
0.6135
0.6151
0.6164
0.6187
0.6217
0.6288
0.6330
0.6369
0.6369
0.6393
0.6466
0.6487
0.6492
0.6521
0.6525
0.6553
0.6566
0.6579
0.6590
0.6594
0.6603
0.6619
0.6735
0.6746
0.6774
0.6818
0.6836
0.6862
0.6913
0.6914
0.6931
0.6972
0.6999
0.7011
0.7055
0.7078
0.7103
0.7112
0.7126
0.7129
0.7150
0.7159
0.7171
0.7178
0.7204
0.7236
0.7240
0.7254
0.7274
0.7306
0.7324
0.7456
0.7494
0.7547
0.7591
0.7614
0.7614
0.7668
0.7701
0.7705
0.7711
0.7719
0.7736
0.7756
0.7765
0.7798
0.7820
0.7868
0.7893
0.7923
0.7936
0.7944
0.7947
0.7982
0.7990
0.7995
0.8002
0.8011
0.8027
0.8034
0.8044
0.8046
0.8051
0.8055
0.8063
0.8090
0.8097
0.8129
0.8132
0.8142
0.8173
0.8181
0.8210
0.8226
0.8226
0.8235
0.8244
0.8282
0.8311
0.8314
0.8323
0.8327
0.8331
0.8359
0.8366
0.8370
0.8414
0.8431
0.8493
0.8497
0.8514
0.8536
0.8540
0.8557
0.8600
0.8629
0.8715
0.8731
0.8769
0.8778
0.8792
0.8873
0.8882
0.8900
0.8914
0.8919
0.8952
0.8963
0.9005
0.9061
0.9066
0.9093
0.9143
0.9154
0.9158
0.9214
0.9234
0.9270
0.9286
0.9286
0.9344
0.9344
0.9350
0.9367
0.9378
0.9378
0.9403
0.9485
0.9495
0.9554
0.9554
0.9559
0.9568
0.9568
0.9598
0.9600
0.9636
0.9649
0.9655
0.9658
0.9665
0.9671
0.9699
0.9705
0.9754
0.9764
0.9772
0.9774
0.9778
0.9787
0.9787
0.9815
0.9825
0.9842
0.9868
0.9901
0.9916
0.9972
0.9989
1.0002
1.0030
1.0073
1.0119
1.0157
1.0166
1.0182
1.0230
1.0241
1.0339
1.0347
1.0370
1.0373
1.0378
1.0467
1.0534
1.0542
1.0573
1.0589
1.0609
1.0633
1.0639
1.0654
1.0676
1.0699
1.0700
1.0722
1.0737
1.0762
1.0795
1.0801
1.0801
1.0807
1.0830
1.0920
1.0971
1.0999
1.1014
1.1017
1.1063
1.1067
1.1084
1.1118
1.1130
1.1171
1.1180
1.1185
1.1201
1.1204
1.1212
1.1222
1.1226
1.1234
1.1237
1.1237
1.1265
1.1316
1.1316
1.1326
1.1333
1.1351
1.1360
1.1374
1.1433
1.1458
1.1484
1.1499
1.1528
1.1531
1.1535
1.1554
1.1601
1.1639
1.1669
1.1706
1.1712
1.1728
1.1762
1.1783
1.1824
1.1837
1.1848
1.1859
1.1878
1.1881
1.1899
1.1934
1.1945
1.1957
1.1997
1.2006
1.2022
1.2024
1.2047
1.2063
1.2095
1.2126
1.2141
1.2142
1.2146
1.2162
1.2200
1.2208
1.2230
1.2252
1.2254
1.2273
1.2294
1.2294
1.2317
1.2318
1.2336
1.2339
1.2341
1.2368
1.2384
1.2385
1.2387
1.2409
1.2451
1.2517
1.2542
1.2555
1.2557
1.2580
1.2586
1.2588
1.2604
1.2611
1.2612
1.2624
1.2626
1.2677
1.2693
1.2701
1.2712
1.2725
1.2746
1.2751
1.2787
1.2798
1.2808
1.2847
1.2855
1.2864
1.2884
1.2922
1.2960
1.2984
1.2991
1.2994
1.3028
1.3029
1.3064
1.3105
1.3140
1.3163
1.3193
1.3236
1.3239
1.3249
1.3253
1.3262
1.3293
1.3311
1.3327
1.3341
1.3399
1.3412
1.3439
1.3450
1.3482
1.3504
1.3509
1.3539
1.3590
1.3598
1.3619
1.3646
1.3651
1.3672
1.3696
1.3697
1.3722
1.3723
1.3757
1.3772
1.3797
1.3800
1.3803
1.3811
1.3816
1.3820
1.3834
1.3841
1.3866
1.3869
1.3884
1.3892
1.3893
1.3928
1.3997
1.4001
1.4011
1.4040
1.4048
1.4051
1.4082
1.4133
1.4163
1.4194
1.4218
1.4233
1.4240
1.4316
1.4327
1.4330
1.4393
1.4394
1.4404
1.4436
1.4456
1.4457
1.4537
1.4572
1.4590
1.4591
1.4599
1.4606
1.4614
1.4617
1.4620
1.4623
1.4640
1.4656
1.4686
1.4778
1.4793
1.4796
1.4833
1.4834
1.4849
1.4873
1.4884
1.4922
1.4925
1.4927
1.4948
1.4983
1.5068
1.5077
1.5082
1.5099
1.5100
1.5118
1.5121
1.5129
1.5194
1.5210
1.5227
1.5324
1.5350
1.5413
1.5419
1.5430
1.5434
1.5438
1.5476
1.5501
1.5538
1.5575
1.5638
1.5644
1.5647
1.5654
1.5682
1.5701
1.5727
1.5750
1.5750
1.5815
1.5861
1.5883
1.5909
1.5928
1.5957
1.5969
1.6047
1.6071
1.6075
1.6080
1.6089
1.6107
1.6143
1.6146
1.6157
1.6163
1.6169
1.6173
1.6175
1.6182
1.6224
1.6225
1.6256
1.6288
1.6294
1.6318
1.6318
1.6327
1.6329
1.6332
1.6370
1.6402
1.6436
1.6524
1.6553
1.6555
1.6600
1.6610
1.6611
1.6618
1.6619
1.6649
1.6702
1.6734
1.6743
1.6749
1.6752
1.6764
1.6801
1.6801
1.6824
1.6827
1.6838
1.6845
1.6845
1.6847
1.6848
1.6883
1.6889
1.6903
1.6923
1.6945
1.6952
1.6956
1.6968
1.6989
1.7003
1.7007
1.7014
1.7035
1.7048
1.7060
1.7064
1.7109
1.7118
1.7118
1.7133
1.7144
1.7158
1.7159
1.7161
1.7173
1.7186
1.7229
1.7289
1.7309
1.7312
1.7351
1.7403
1.7450
1.7462
1.7467
1.7507
1.7527
1.7544
1.7567
1.7568
1.7569
1.7590
1.7620
1.7634
1.7651
1.7695
1.7707
1.7708
1.7734
1.7763
1.7793
1.7800
1.7847
1.7889
1.7896
1.7901
1.7949
1.7955
1.7967
1.7988
1.8005
1.8014
1.8029
1.8070
1.8121
1.8145
1.8160
1.8225
1.8238
1.8249
1.8280
1.8298
1.8318
1.8323
1.8326
1.8335
1.8353
1.8356
1.8358
1.8363
1.8364
1.8469
1.8515
1.8527
1.8543
1.8559
1.8561
1.8572
1.8626
1.8679
1.8752
1.8753
1.8762
1.8765
1.8765
1.8773
1.8785
1.8807
1.8877
1.8879
1.8889
1.8905
1.8909
1.8923
1.8937
1.8940
1.9019
1.9034
1.9089
1.9109
1.9114
1.9140
1.9166
1.9166
1.9194
1.9213
1.9213
1.9243
1.9249
1.9262
1.9264
1.9269
1.9280
1.9286
1.9292
1.9329
1.9334
1.9351
1.9358
1.9384
1.9391
1.9412
1.9422
1.9470
1.9532
1.9548
1.9577
1.9584
1.9588
1.9608
1.9624
1.9644
1.9649
1.9651
1.9656
1.9669
1.9698
1.9714
1.9733
1.9757
1.9771
1.9829
1.9836
1.9848
1.9852
1.9885
1.9904
1.9910
1.9939
1.9943
1.9949
2.0002
2.0029
2.0067
2.0079
2.0124
2.0130
2.0146
2.0162
2.0189
2.0255
2.0263
2.0264
2.0303
2.0383
2.0431
2.0463
2.0472
2.0493
2.0495
2.0572
2.0660
2.0688
2.0723
2.0731
2.0754
2.0767
2.0771
2.0779
2.0803
2.0846
2.0909
2.0929
2.0937
2.0967
2.0978
2.0990
2.0990
2.1028
2.1080
2.1082
2.1084
2.1163
2.1185
2.1269
2.1301
2.1303
2.1353
2.1414
2.1420
2.1454
2.1458
2.1465
2.1514
2.1517
2.1535
2.1546
2.1573
2.1586
2.1600
2.1611
2.1637
2.1793
2.1797
2.1823
2.1834
2.1842
2.1848
2.1862
2.1931
2.1962
2.1980
2.2040
2.2040
2.2079
2.2093
2.2105
2.2197
2.2212
2.2318
2.2410
2.2417
2.2445
2.2504
2.2540
2.2563
2.2638
2.2639
2.2726
2.2735
2.2737
2.2778
2.2812
2.2813
2.2826
2.2907
2.2924
2.2928
2.2961
2.3025
2.3068
2.3225
2.3347
2.3571
2.3640
2.3689
2.3715
2.3743
2.3816
2.3869
2.3871
2.3901
2.3960
2.3962
2.4111
2.4190
2.4270
2.4406
2.4415
2.4512
2.4526
2.4548
2.4640
2.4652
2.4670
2.4677
2.4838
2.4839
2.4839
2.4876
2.4907
2.4911
2.4984
2.5161
2.5344
2.5352
2.5399
2.5552
2.5558
2.5716
2.5766
2.5817
2.5922
2.5974
2.6017
2.6071
2.6090
2.6115
2.6137
2.6139
2.6246
2.6269
2.6287
2.6334
2.6547
2.6587
2.6632
2.6773
2.6953
2.7079
2.7116
2.7119
2.7221
2.7228
2.7315
2.7360
2.7400
2.7472
2.7529
2.7531
2.7595
2.7709
2.7750
2.7847
2.8065
2.8103
2.8166
2.8347
2.8522
2.8617
2.8869
2.9068
2.9090
2.9127
2.9513
2.9727
2.9810
3.0000
3.0043
3.0277
3.0351
3.0424
3.0797
3.0852
3.0917
3.0931
3.1065
3.1153
3.1194
3.1417
3.2249
3.2388
3.2402
3.2477
3.2490
3.2579
3.3451
3.3522
3.3602
3.3693
3.4026
3.4187
3.4673
3.4681
3.4730
3.5246
3.5266
3.5620
3.5908
3.5965
3.8456
3.8948
4.3380
