1000
1000
-1.4712,0.1888
-1.3828,0.1836
-1.1685,0.1427
-1.0253,0.1331
-0.9213,0.1291
-0.8417,0.1259
-0.7791,0.1243
-0.7276,0.1221
-0.6847,0.1195
-0.6484,0.1172
-0.6169,0.1150
-0.5895,0.1128
-0.5648,0.1101
-0.5427,0.1075
-0.5227,0.1050
-0.5045,0.1023
-0.4880,0.0999
-0.4729,0.0977
-0.4591,0.0958
-0.4464,0.0939
-0.4346,0.0922
-0.4237,0.0907
-0.4136,0.0892
-0.4042,0.0879
-0.3954,0.0867
-0.3870,0.0855
-0.3792,0.0843
-0.3717,0.0832
-0.3647,0.0822
-0.3581,0.0812
-0.3517,0.0803
-0.3457,0.0794
-0.3400,0.0786
-0.3346,0.0778
-0.3293,0.0769
-0.3243,0.0761
-0.3195,0.0754
-0.3150,0.0747
-0.3105,0.0740
-0.3063,0.0733
-0.3021,0.0726
-0.2982,0.0718
-0.2944,0.0711
-0.2907,0.0704
-0.2871,0.0698
-0.2837,0.0691
-0.2804,0.0685
-0.2772,0.0679
-0.2741,0.0673
-0.2711,0.0667
-0.2682,0.0662
-0.2654,0.0656
-0.2627,0.0651
-0.2600,0.0646
-0.2574,0.0641
-0.2549,0.0636
-0.2525,0.0631
-0.2501,0.0626
-0.2478,0.0622
-0.2456,0.0617
-0.2434,0.0613
-0.2412,0.0608
-0.2391,0.0604
-0.2371,0.0600
-0.2351,0.0596
-0.2332,0.0592
-0.2313,0.0588
-0.2294,0.0584
-0.2276,0.0580
-0.2259,0.0576
-0.2241,0.0572
-0.2225,0.0569
-0.2208,0.0565
-0.2192,0.0562
-0.2176,0.0559
-0.2160,0.0556
-0.2145,0.0552
-0.2130,0.0549
-0.2116,0.0546
-0.2101,0.0542
-0.2087,0.0539
-0.2073,0.0536
-0.2059,0.0533
-0.2046,0.0529
-0.2033,0.0526
-0.2020,0.0523
-0.2007,0.0520
-0.1995,0.0517
-0.1982,0.0515
-0.1970,0.0512
-0.1959,0.0509
-0.1947,0.0507
-0.1936,0.0504
-0.1924,0.0501
-0.1913,0.0499
-0.1903,0.0496
-0.1892,0.0494
-0.1881,0.0491
-0.1871,0.0489
-0.1861,0.0487
-0.1851,0.0484
-0.1841,0.0482
-0.1831,0.0480
-0.1821,0.0477
-0.1811,0.0475
-0.1802,0.0473
-0.1793,0.0470
-0.1784,0.0468
-0.1775,0.0466
-0.1766,0.0464
-0.1757,0.0462
-0.1748,0.0460
-0.1740,0.0458
-0.1731,0.0455
-0.1723,0.0453
-0.1715,0.0451
-0.1707,0.0449
-0.1699,0.0447
-0.1691,0.0445
-0.1683,0.0443
-0.1675,0.0441
-0.1667,0.0439
-0.1660,0.0437
-0.1652,0.0435
-0.1645,0.0433
-0.1638,0.0431
-0.1630,0.0430
-0.1623,0.0428
-0.1616,0.0426
-0.1609,0.0424
-0.1602,0.0422
-0.1596,0.0420
-0.1589,0.0418
-0.1582,0.0417
-0.1576,0.0415
-0.1569,0.0413
-0.1563,0.0411
-0.1556,0.0410
-0.1550,0.0408
-0.1544,0.0406
-0.1538,0.0404
-0.1532,0.0403
-0.1526,0.0401
-0.1520,0.0399
-0.1514,0.0398
-0.1508,0.0396
-0.1502,0.0395
-0.1496,0.0393
-0.1491,0.0392
-0.1485,0.0390
-0.1480,0.0389
-0.1474,0.0387
-0.1469,0.0386
-0.1463,0.0384
-0.1458,0.0383
-0.1453,0.0381
-0.1447,0.0380
-0.1442,0.0378
-0.1437,0.0377
-0.1432,0.0376
-0.1427,0.0374
-0.1422,0.0373
-0.1417,0.0372
-0.1412,0.0370
-0.1407,0.0369
-0.1402,0.0368
-0.1398,0.0366
-0.1393,0.0365
-0.1388,0.0364
-0.1384,0.0363
-0.1379,0.0361
-0.1374,0.0360
-0.1370,0.0359
-0.1365,0.0358
-0.1361,0.0356
-0.1357,0.0355
-0.1352,0.0354
-0.1348,0.0353
-0.1344,0.0352
-0.1339,0.0351
-0.1335,0.0349
-0.1331,0.0348
-0.1327,0.0347
-0.1322,0.0346
-0.1318,0.0345
-0.1314,0.0344
-0.1310,0.0343
-0.1306,0.0341
-0.1302,0.0340
-0.1298,0.0339
-0.1294,0.0338
-0.1290,0.0337
-0.1286,0.0336
-0.1282,0.0335
-0.1279,0.0334
-0.1275,0.0332
-0.1271,0.0331
-0.1267,0.0330
-0.1263,0.0329
-0.1260,0.0328
-0.1256,0.0327
-0.1252,0.0326
-0.1249,0.0325
-0.1245,0.0324
-0.1242,0.0323
-0.1238,0.0322
-0.1235,0.0321
-0.1231,0.0320
-0.1228,0.0319
-0.1224,0.0318
-0.1221,0.0317
-0.1217,0.0316
-0.1214,0.0315
-0.1211,0.0314
-0.1207,0.0313
-0.1204,0.0312
-0.1201,0.0311
-0.1197,0.0310
-0.1194,0.0309
-0.1191,0.0308
-0.1188,0.0307
-0.1185,0.0306
-0.1181,0.0305
-0.1178,0.0304
-0.1175,0.0303
-0.1172,0.0302
-0.1169,0.0302
-0.1166,0.0301
-0.1163,0.0300
-0.1160,0.0299
-0.1157,0.0298
-0.1154,0.0297
-0.1151,0.0296
-0.1148,0.0295
-0.1145,0.0295
-0.1142,0.0294
-0.1139,0.0293
-0.1136,0.0292
-0.1133,0.0291
-0.1130,0.0290
-0.1127,0.0289
-0.1125,0.0289
-0.1122,0.0288
-0.1119,0.0287
-0.1116,0.0286
-0.1113,0.0285
-0.1111,0.0285
-0.1108,0.0284
-0.1105,0.0283
-0.1102,0.0282
-0.1100,0.0281
-0.1097,0.0281
-0.1094,0.0280
-0.1091,0.0279
-0.1089,0.0278
-0.1086,0.0277
-0.1083,0.0277
-0.1081,0.0276
-0.1078,0.0275
-0.1076,0.0274
-0.1073,0.0274
-0.1070,0.0273
-0.1068,0.0272
-0.1065,0.0271
-0.1063,0.0271
-0.1060,0.0270
-0.1058,0.0269
-0.1055,0.0268
-0.1053,0.0268
-0.1050,0.0267
-0.1048,0.0266
-0.1045,0.0265
-0.1043,0.0265
-0.1040,0.0264
-0.1038,0.0263
-0.1035,0.0262
-0.1033,0.0262
-0.1030,0.0261
-0.1028,0.0260
-0.1026,0.0260
-0.1023,0.0259
-0.1021,0.0258
-0.1018,0.0258
-0.1016,0.0257
-0.1014,0.0256
-0.1011,0.0255
-0.1009,0.0255
-0.1007,0.0254
-0.1004,0.0253
-0.1002,0.0253
-0.1000,0.0252
-0.0997,0.0251
-0.0995,0.0251
-0.0993,0.0250
-0.0991,0.0249
-0.0988,0.0249
-0.0986,0.0248
-0.0984,0.0247
-0.0982,0.0247
-0.0980,0.0246
-0.0977,0.0245
-0.0975,0.0245
-0.0973,0.0244
-0.0971,0.0243
-0.0969,0.0243
-0.0967,0.0242
-0.0964,0.0241
-0.0962,0.0241
-0.0960,0.0240
-0.0958,0.0240
-0.0956,0.0239
-0.0954,0.0238
-0.0952,0.0238
-0.0950,0.0237
-0.0948,0.0237
-0.0946,0.0236
-0.0944,0.0235
-0.0942,0.0235
-0.0939,0.0234
-0.0937,0.0234
-0.0935,0.0233
-0.0933,0.0232
-0.0931,0.0232
-0.0929,0.0231
-0.0927,0.0231
-0.0925,0.0230
-0.0923,0.0229
-0.0921,0.0229
-0.0919,0.0228
-0.0917,0.0228
-0.0915,0.0227
-0.0913,0.0226
-0.0912,0.0226
-0.0910,0.0225
-0.0908,0.0225
-0.0906,0.0224
-0.0904,0.0224
-0.0902,0.0223
-0.0900,0.0222
-0.0898,0.0222
-0.0896,0.0221
-0.0894,0.0221
-0.0892,0.0220
-0.0890,0.0219
-0.0888,0.0219
-0.0887,0.0218
-0.0885,0.0218
-0.0883,0.0217
-0.0881,0.0217
-0.0879,0.0216
-0.0877,0.0215
-0.0875,0.0215
-0.0874,0.0214
-0.0872,0.0214
-0.0870,0.0213
-0.0868,0.0213
-0.0866,0.0212
-0.0864,0.0211
-0.0863,0.0211
-0.0861,0.0210
-0.0859,0.0210
-0.0857,0.0209
-0.0855,0.0209
-0.0854,0.0208
-0.0852,0.0208
-0.0850,0.0207
-0.0848,0.0206
-0.0846,0.0206
-0.0845,0.0205
-0.0843,0.0205
-0.0841,0.0204
-0.0839,0.0203
-0.0837,0.0203
-0.0836,0.0202
-0.0834,0.0202
-0.0832,0.0201
-0.0830,0.0201
-0.0829,0.0200
-0.0827,0.0200
-0.0825,0.0199
-0.0823,0.0198
-0.0822,0.0198
-0.0820,0.0197
-0.0818,0.0197
-0.0816,0.0196
-0.0815,0.0196
-0.0813,0.0195
-0.0811,0.0195
-0.0810,0.0194
-0.0808,0.0194
-0.0806,0.0193
-0.0804,0.0193
-0.0803,0.0192
-0.0801,0.0192
-0.0799,0.0191
-0.0798,0.0190
-0.0796,0.0190
-0.0794,0.0189
-0.0793,0.0189
-0.0791,0.0188
-0.0789,0.0188
-0.0788,0.0187
-0.0786,0.0187
-0.0784,0.0186
-0.0783,0.0186
-0.0781,0.0185
-0.0780,0.0185
-0.0778,0.0184
-0.0776,0.0184
-0.0775,0.0184
-0.0773,0.0183
-0.0771,0.0183
-0.0770,0.0182
-0.0768,0.0182
-0.0767,0.0181
-0.0765,0.0181
-0.0763,0.0180
-0.0762,0.0180
-0.0760,0.0179
-0.0759,0.0179
-0.0757,0.0178
-0.0755,0.0178
-0.0754,0.0177
-0.0752,0.0177
-0.0751,0.0176
-0.0749,0.0176
-0.0747,0.0176
-0.0746,0.0175
-0.0744,0.0175
-0.0743,0.0174
-0.0741,0.0174
-0.0740,0.0173
-0.0738,0.0173
-0.0737,0.0173
-0.0735,0.0172
-0.0733,0.0172
-0.0732,0.0171
-0.0730,0.0171
-0.0729,0.0170
-0.0727,0.0170
-0.0726,0.0170
-0.0724,0.0169
-0.0723,0.0169
-0.0721,0.0168
-0.0720,0.0168
-0.0718,0.0168
-0.0717,0.0167
-0.0715,0.0167
-0.0714,0.0166
-0.0712,0.0166
-0.0711,0.0166
-0.0709,0.0165
-0.0707,0.0165
-0.0706,0.0164
-0.0704,0.0164
-0.0703,0.0164
-0.0701,0.0163
-0.0700,0.0163
-0.0698,0.0162
-0.0697,0.0162
-0.0695,0.0162
-0.0694,0.0161
-0.0692,0.0161
-0.0691,0.0160
-0.0689,0.0160
-0.0688,0.0160
-0.0686,0.0159
-0.0685,0.0159
-0.0683,0.0158
-0.0682,0.0158
-0.0680,0.0158
-0.0679,0.0157
-0.0677,0.0157
-0.0676,0.0156
-0.0675,0.0156
-0.0673,0.0156
-0.0672,0.0155
-0.0670,0.0155
-0.0669,0.0154
-0.0667,0.0154
-0.0666,0.0154
-0.0664,0.0153
-0.0663,0.0153
-0.0661,0.0152
-0.0660,0.0152
-0.0658,0.0152
-0.0657,0.0151
-0.0655,0.0151
-0.0654,0.0150
-0.0652,0.0150
-0.0651,0.0150
-0.0649,0.0149
-0.0648,0.0149
-0.0646,0.0148
-0.0645,0.0148
-0.0643,0.0147
-0.0642,0.0147
-0.0640,0.0147
-0.0639,0.0146
-0.0637,0.0146
-0.0636,0.0145
-0.0635,0.0145
-0.0633,0.0144
-0.0632,0.0144
-0.0630,0.0143
-0.0629,0.0143
-0.0627,0.0143
-0.0626,0.0142
-0.0624,0.0142
-0.0623,0.0141
-0.0621,0.0141
-0.0620,0.0140
-0.0618,0.0140
-0.0617,0.0140
-0.0615,0.0139
-0.0614,0.0139
-0.0612,0.0138
-0.0611,0.0138
-0.0609,0.0137
-0.0608,0.0137
-0.0607,0.0137
-0.0605,0.0136
-0.0604,0.0136
-0.0602,0.0135
-0.0601,0.0135
-0.0599,0.0135
-0.0598,0.0134
-0.0596,0.0134
-0.0595,0.0133
-0.0593,0.0133
-0.0592,0.0133
-0.0591,0.0132
-0.0589,0.0132
-0.0588,0.0131
-0.0586,0.0131
-0.0585,0.0131
-0.0583,0.0130
-0.0582,0.0130
-0.0580,0.0129
-0.0579,0.0129
-0.0577,0.0129
-0.0576,0.0128
-0.0575,0.0128
-0.0573,0.0127
-0.0572,0.0127
-0.0570,0.0127
-0.0569,0.0126
-0.0567,0.0126
-0.0566,0.0125
-0.0565,0.0125
-0.0563,0.0125
-0.0562,0.0124
-0.0560,0.0124
-0.0559,0.0123
-0.0557,0.0123
-0.0556,0.0123
-0.0554,0.0122
-0.0553,0.0122
-0.0552,0.0121
-0.0550,0.0121
-0.0549,0.0121
-0.0547,0.0120
-0.0546,0.0120
-0.0544,0.0119
-0.0543,0.0119
-0.0541,0.0119
-0.0540,0.0118
-0.0539,0.0118
-0.0537,0.0117
-0.0536,0.0117
-0.0534,0.0117
-0.0533,0.0116
-0.0531,0.0116
-0.0530,0.0115
-0.0528,0.0115
-0.0527,0.0115
-0.0525,0.0114
-0.0524,0.0114
-0.0522,0.0113
-0.0521,0.0113
-0.0520,0.0113
-0.0518,0.0112
-0.0517,0.0112
-0.0515,0.0112
-0.0514,0.0111
-0.0512,0.0111
-0.0511,0.0110
-0.0509,0.0110
-0.0508,0.0110
-0.0506,0.0109
-0.0505,0.0109
-0.0503,0.0108
-0.0502,0.0108
-0.0501,0.0108
-0.0499,0.0107
-0.0498,0.0107
-0.0496,0.0106
-0.0495,0.0106
-0.0493,0.0106
-0.0492,0.0105
-0.0490,0.0105
-0.0489,0.0105
-0.0487,0.0104
-0.0486,0.0104
-0.0484,0.0103
-0.0483,0.0103
-0.0481,0.0103
-0.0480,0.0102
-0.0478,0.0102
-0.0477,0.0101
-0.0475,0.0101
-0.0474,0.0101
-0.0472,0.0100
-0.0471,0.0100
-0.0469,0.0100
-0.0468,0.0099
-0.0466,0.0099
-0.0465,0.0098
-0.0463,0.0098
-0.0462,0.0098
-0.0460,0.0097
-0.0459,0.0097
-0.0457,0.0097
-0.0456,0.0096
-0.0454,0.0096
-0.0453,0.0095
-0.0451,0.0095
-0.0450,0.0095
-0.0448,0.0094
-0.0447,0.0094
-0.0445,0.0093
-0.0444,0.0093
-0.0442,0.0093
-0.0440,0.0092
-0.0439,0.0092
-0.0437,0.0091
-0.0436,0.0091
-0.0434,0.0091
-0.0433,0.0090
-0.0431,0.0090
-0.0429,0.0089
-0.0428,0.0089
-0.0426,0.0089
-0.0425,0.0088
-0.0423,0.0088
-0.0421,0.0087
-0.0420,0.0087
-0.0418,0.0086
-0.0416,0.0086
-0.0415,0.0086
-0.0413,0.0085
-0.0412,0.0085
-0.0410,0.0084
-0.0408,0.0084
-0.0407,0.0084
-0.0405,0.0083
-0.0403,0.0083
-0.0402,0.0082
-0.0400,0.0082
-0.0398,0.0082
-0.0397,0.0081
-0.0395,0.0081
-0.0393,0.0080
-0.0392,0.0080
-0.0390,0.0080
-0.0388,0.0079
-0.0386,0.0079
-0.0385,0.0078
-0.0383,0.0078
-0.0381,0.0077
-0.0380,0.0077
-0.0378,0.0077
-0.0376,0.0076
-0.0374,0.0076
-0.0373,0.0075
-0.0371,0.0075
-0.0369,0.0075
-0.0367,0.0074
-0.0366,0.0074
-0.0364,0.0073
-0.0362,0.0073
-0.0360,0.0073
-0.0359,0.0072
-0.0357,0.0072
-0.0355,0.0071
-0.0353,0.0071
-0.0351,0.0070
-0.0350,0.0070
-0.0348,0.0070
-0.0346,0.0069
-0.0344,0.0069
-0.0342,0.0068
-0.0341,0.0068
-0.0339,0.0068
-0.0337,0.0067
-0.0335,0.0067
-0.0333,0.0066
-0.0331,0.0066
-0.0329,0.0065
-0.0327,0.0065
-0.0325,0.0065
-0.0324,0.0064
-0.0322,0.0064
-0.0320,0.0063
-0.0318,0.0063
-0.0316,0.0063
-0.0314,0.0062
-0.0312,0.0062
-0.0310,0.0061
-0.0308,0.0061
-0.0306,0.0061
-0.0304,0.0060
-0.0302,0.0060
-0.0300,0.0059
-0.0298,0.0059
-0.0296,0.0058
-0.0294,0.0058
-0.0292,0.0058
-0.0289,0.0057
-0.0287,0.0057
-0.0285,0.0056
-0.0283,0.0056
-0.0281,0.0055
-0.0279,0.0055
-0.0277,0.0054
-0.0274,0.0054
-0.0272,0.0054
-0.0270,0.0053
-0.0268,0.0053
-0.0265,0.0052
-0.0263,0.0052
-0.0261,0.0051
-0.0258,0.0051
-0.0256,0.0050
-0.0254,0.0050
-0.0251,0.0049
-0.0249,0.0049
-0.0246,0.0048
-0.0244,0.0048
-0.0241,0.0047
-0.0239,0.0047
-0.0236,0.0047
-0.0233,0.0046
-0.0231,0.0046
-0.0228,0.0045
-0.0225,0.0045
-0.0222,0.0044
-0.0220,0.0044
-0.0217,0.0043
-0.0214,0.0043
-0.0211,0.0042
-0.0208,0.0042
-0.0205,0.0041
-0.0202,0.0041
-0.0199,0.0040
-0.0196,0.0040
-0.0193,0.0039
-0.0189,0.0039
-0.0186,0.0038
-0.0183,0.0038
-0.0180,0.0037
-0.0176,0.0037
-0.0173,0.0036
-0.0169,0.0036
-0.0166,0.0035
-0.0162,0.0035
-0.0158,0.0035
-0.0154,0.0034
-0.0150,0.0034
-0.0146,0.0033
-0.0142,0.0033
-0.0138,0.0032
-0.0133,0.0032
-0.0128,0.0031
-0.0124,0.0031
-0.0119,0.0030
-0.0113,0.0030
-0.0108,0.0029
-0.0102,0.0029
-0.0096,0.0028
-0.0090,0.0027
-0.0083,0.0026
-0.0076,0.0025
-0.0068,0.0024
0.0000,0.0000
0.0000,0.0000
0.0000,0.0000
0.0000,0.0000
0.0000,0.0000
0.0000,0.0000
0.0000,0.0000
0.0000,0.0000
0.0000,0.0000
0.0000,0.0000
0.0000,0.0000
0.0000,0.0000
0.0000,0.0000
0.0000,0.0000
0.0000,0.0000
0.0000,0.0000
0.0000,0.0000
0.0000,0.0000
0.0000,0.0000
0.0000,0.0000
0.0000,0.0000
0.0000,0.0000
0.0000,0.0000
0.0000,0.0000
0.0000,0.0000
0.0000,0.0000
0.0000,0.0000
0.0000,0.0000
0.0000,0.0000
0.0000,0.0000
0.0000,0.0000
0.0000,0.0000
0.0000,0.0000
0.0000,0.0000
0.0000,0.0000
0.0000,0.0000
0.0000,0.0000
0.0000,0.0000
0.0000,0.0000
0.0000,0.0000
0.0000,0.0000
0.0000,0.0000
0.0000,0.0000
0.0000,0.0000
0.0000,0.0000
0.0000,0.0000
0.0000,0.0000
0.0000,0.0000
0.0000,0.0000
0.0000,0.0000
0.0000,0.0000
0.0000,0.0000
0.0000,0.0000
0.0000,0.0000
0.0000,0.0000
0.0000,0.0000
0.0000,0.0000
0.0000,0.0000
0.0000,0.0000
0.0000,0.0000
0.0000,0.0000
0.0000,0.0000
0.0000,0.0000
0.0000,0.0000
0.0000,0.0000
0.0000,0.0000
0.0000,0.0000
0.0000,0.0000
0.0000,0.0000
0.0000,0.0000
0.0000,0.0000
0.0000,0.0000
0.0000,0.0000
0.0000,0.0000
0.0000,0.0000
0.0000,0.0000
0.0000,0.0000
0.0000,0.0000
0.0000,0.0000
0.0000,0.0000
0.0000,0.0000
0.0000,0.0000
0.0000,0.0000
0.0000,0.0000
0.0000,0.0000
0.0000,0.0000
0.0000,0.0000
0.0000,0.0000
0.0000,0.0000
0.0000,0.0000
0.0000,0.0000
0.0000,0.0000
0.0000,0.0000
0.0000,0.0000
0.0000,0.0000
0.0000,0.0000
0.0000,0.0000
0.0000,0.0000
0.0000,0.0000
0.0000,0.0000
0.0000,0.0000
0.0000,0.0000
0.0000,0.0000
0.0000,0.0000
0.0000,0.0000
0.0000,0.0000
0.0000,0.0000
0.0000,0.0000
0.0000,0.0000
0.0000,0.0000
0.0000,0.0000
0.0000,0.0000
0.0000,0.0000
0.0000,0.0000
0.0000,0.0000
0.0000,0.0000
0.0000,0.0000
0.0000,0.0000
0.0000,0.0000
0.0000,0.0000
0.0000,0.0000
0.0000,0.0000
0.0000,0.0000
0.0000,0.0000
0.0000,0.0000
0.0000,0.0000
0.0000,0.0000
0.0000,0.0000
0.0000,0.0000
0.0000,0.0000
0.0000,0.0000
0.0000,0.0000
0.0000,0.0000
0.0000,0.0000
0.0000,0.0000
0.0000,0.0000
0.0000,0.0000
0.0000,0.0000
0.0000,0.0000
0.0000,0.0000
0.0000,0.0000
0.0000,0.0000
0.0000,0.0000
0.0000,0.0000
0.0000,0.0000
0.0000,0.0000
0.0000,0.0000
0.0000,0.0000
0.0000,0.0000
0.0000,0.0000
0.0000,0.0000
0.0000,0.0000
0.0000,0.0000
0.0000,0.0000
0.0000,0.0000
0.0000,0.0000
0.0000,0.0000
0.0000,0.0000
0.0000,0.0000
0.0000,0.0000
0.0000,0.0000
0.0000,0.0000
0.0000,0.0000
0.0000,0.0000
0.0000,0.0000
0.0000,0.0000
0.0000,0.0000
0.0000,0.0000
0.0000,0.0000
0.0000,0.0000
0.0000,0.0000
0.0000,0.0000
0.0000,0.0000
0.0000,0.0000
0.0000,0.0000
0.0000,0.0000
0.0000,0.0000
0.0000,0.0000
0.0000,0.0000
0.0000,0.0000
0.0000,0.0000
0.0000,0.0000
0.0000,0.0000
0.0000,0.0000
0.0000,0.0000
0.0000,0.0000
0.0000,0.0000
0.0000,0.0000
0.0000,0.0000
0.0000,0.0000
0.0000,0.0000
0.0000,0.0000
0.0000,0.0000
0.0000,0.0000
0.0000,0.0000
0.0000,0.0000
0.0000,0.0000
0.0000,0.0000
0.0000,0.0000
0.0000,0.0000
0.0000,0.0000
0.0000,0.0000
0.0000,0.0000
0.0000,0.0000
0.0000,0.0000
0.0000,0.0000
0.0000,0.0000
0.0000,0.0000
0.0000,0.0000
0.0000,0.0000
0.0000,0.0000
0.0000,0.0000
0.0000,0.0000
0.0000,0.0000
0.0000,0.0000
0.0000,0.0000
-0.3041
-0.2813
-0.1942
-0.1885
-0.1520
-0.1408
-0.1151
-0.1058
-0.0896
0.0064
0.0325
0.0365
0.0427
0.0673
0.0812
0.0846
0.0917
0.1071
0.1318
0.1373
0.1638
0.1714
0.1877
0.1958
0.2020
0.2107
0.2112
0.2121
0.2157
0.2215
0.2718
0.2735
0.2876
0.3061
0.3140
0.3241
0.3309
0.3358
0.3364
0.3470
0.3513
0.3525
0.3572
0.3619
0.3624
0.3666
0.3749
0.3835
0.3838
0.3839
0.3871
0.3905
0.4032
0.4046
0.4073
0.4126
0.4177
0.4184
0.4193
0.4195
0.4206
0.4234
0.4239
0.4363
0.4386
0.4401
0.4435
0.4604
0.4656
0.4659
0.4673
0.4722
0.4806
0.4837
0.4898
0.4907
0.5007
0.5009
0.5010
0.5058
0.5074
0.5117
0.5178
0.5181
0.5193
0.5255
0.5266
0.5322
0.5351
0.5404
0.5526
0.5535
0.5699
0.5762
0.5806
0.5831
0.5862
0.5906
0.5948
0.5998
0.6016
0.6054
0.6091
0.6093
0.6120
0.6137
0.6192
0.6222
0.6307
0.6321
0.6450
0.6461
0.6477
0.6511
0.6590
0.6627
0.6684
0.6740
0.6780
0.6816
0.6841
0.6858
0.6858
0.7111
0.7231
0.7273
0.7278
0.7324
0.7380
0.7430
0.7455
0.7495
0.7528
0.7565
0.7612
0.7613
0.7619
0.7624
0.7657
0.7663
0.7801
0.7816
0.7819
0.7822
0.7876
0.7939
0.7943
0.7986
0.8015
0.8041
0.8063
0.8065
0.8144
0.8151
0.8173
0.8254
0.8301
0.8331
0.8387
0.8408
0.8420
0.8441
0.8446
0.8480
0.8531
0.8608
0.8611
0.8620
0.8621
0.8622
0.8625
0.8639
0.8650
0.8694
0.8694
0.8707
0.8718
0.8722
0.8736
0.8736
0.8745
0.8748
0.8772
0.8776
0.8890
0.8893
0.8959
0.8970
0.8975
0.8993
0.9077
0.9088
0.9099
0.9138
0.9189
0.9232
0.9244
0.9291
0.9296
0.9307
0.9311
0.9339
0.9374
0.9379
0.9398
0.9417
0.9442
0.9491
0.9527
0.9537
0.9558
0.9569
0.9584
0.9689
0.9699
0.9706
0.9768
0.9805
0.9815
0.9831
0.9861
0.9861
0.9862
0.9906
0.9929
1.0009
1.0019
1.0025
1.0052
1.0094
1.0152
1.0192
1.0224
1.0249
1.0255
1.0291
1.0300
1.0304
1.0317
1.0324
1.0339
1.0389
1.0438
1.0439
1.0491
1.0512
1.0530
1.0577
1.0644
1.0651
1.0675
1.0697
1.0703
1.0734
1.0743
1.0754
1.0812
1.0823
1.0831
1.0844
1.0859
1.0951
1.0972
1.1018
1.1050
1.1051
1.1074
1.1076
1.1086
1.1129
1.1132
1.1211
1.1221
1.1279
1.1292
1.1294
1.1308
1.1347
1.1368
1.1400
1.1447
1.1469
1.1472
1.1505
1.1541
1.1551
1.1552
1.1604
1.1615
1.1646
1.1654
1.1656
1.1670
1.1696
1.1721
1.1723
1.1737
1.1750
1.1776
1.1806
1.1818
1.1841
1.1844
1.1883
1.1901
1.1923
1.1954
1.1973
1.1977
1.2070
1.2090
1.2104
1.2108
1.2114
1.2143
1.2164
1.2176
1.2202
1.2222
1.2229
1.2239
1.2245
1.2267
1.2341
1.2360
1.2386
1.2388
1.2396
1.2416
1.2460
1.2466
1.2489
1.2531
1.2557
1.2560
1.2569
1.2594
1.2652
1.2737
1.2748
1.2774
1.2814
1.2821
1.2867
1.2888
1.2923
1.2941
1.2941
1.2954
1.3042
1.3074
1.3074
1.3100
1.3102
1.3115
1.3139
1.3162
1.3187
1.3270
1.3290
1.3303
1.3311
1.3334
1.3361
1.3388
1.3428
1.3448
1.3467
1.3475
1.3475
1.3480
1.3487
1.3488
1.3512
1.3515
1.3535
1.3557
1.3564
1.3569
1.3581
1.3587
1.3592
1.3595
1.3624
1.3657
1.3661
1.3667
1.3694
1.3713
1.3773
1.3779
1.3810
1.3814
1.3824
1.3836
1.3837
1.3845
1.3845
1.3846
1.3853
1.3856
1.3896
1.3898
1.3960
1.3981
1.4020
1.4026
1.4103
1.4176
1.4196
1.4199
1.4202
1.4206
1.4237
1.4262
1.4275
1.4291
1.4311
1.4316
1.4333
1.4352
1.4413
1.4448
1.4488
1.4495
1.4497
1.4511
1.4513
1.4523
1.4524
1.4531
1.4562
1.4599
1.4614
1.4619
1.4624
1.4646
1.4653
1.4661
1.4683
1.4722
1.4735
1.4823
1.4845
1.4847
1.4881
1.4885
1.4886
1.4898
1.4911
1.4921
1.4959
1.4984
1.4998
1.5025
1.5027
1.5050
1.5073
1.5104
1.5131
1.5139
1.5147
1.5171
1.5201
1.5237
1.5246
1.5306
1.5348
1.5353
1.5357
1.5364
1.5366
1.5412
1.5427
1.5436
1.5448
1.5459
1.5478
1.5482
1.5501
1.5513
1.5525
1.5525
1.5527
1.5527
1.5534
1.5542
1.5553
1.5593
1.5619
1.5622
1.5636
1.5644
1.5647
1.5649
1.5659
1.5671
1.5673
1.5687
1.5705
1.5720
1.5726
1.5730
1.5761
1.5763
1.5763
1.5769
1.5783
1.5804
1.5810
1.5821
1.5837
1.5856
1.5864
1.5871
1.5876
1.5887
1.5888
1.5899
1.5913
1.5930
1.5934
1.5954
1.6008
1.6037
1.6051
1.6078
1.6081
1.6087
1.6093
1.6100
1.6108
1.6135
1.6141
1.6162
1.6168
1.6192
1.6263
1.6263
1.6265
1.6289
1.6316
1.6359
1.6394
1.6401
1.6416
1.6463
1.6473
1.6480
1.6533
1.6539
1.6567
1.6577
1.6585
1.6591
1.6601
1.6634
1.6639
1.6647
1.6687
1.6693
1.6722
1.6726
1.6728
1.6841
1.6857
1.6859
1.6876
1.6932
1.6945
1.7004
1.7021
1.7027
1.7053
1.7075
1.7092
1.7110
1.7119
1.7120
1.7141
1.7227
1.7249
1.7256
1.7256
1.7271
1.7299
1.7303
1.7332
1.7357
1.7417
1.7489
1.7512
1.7522
1.7557
1.7600
1.7602
1.7649
1.7650
1.7655
1.7672
1.7677
1.7714
1.7726
1.7726
1.7753
1.7769
1.7786
1.7804
1.7919
1.7955
1.7960
1.7979
1.8001
1.8033
1.8048
1.8173
1.8189
1.8193
1.8199
1.8228
1.8265
1.8267
1.8311
1.8383
1.8385
1.8394
1.8421
1.8440
1.8444
1.8464
1.8465
1.8511
1.8515
1.8532
1.8546
1.8570
1.8616
1.8725
1.8759
1.8765
1.8786
1.8801
1.8805
1.8844
1.8844
1.8855
1.8879
1.8894
1.8906
1.8964
1.8994
1.9004
1.9019
1.9038
1.9055
1.9070
1.9075
1.9084
1.9146
1.9189
1.9209
1.9272
1.9310
1.9320
1.9339
1.9418
1.9434
1.9440
1.9515
1.9550
1.9614
1.9658
1.9699
1.9704
1.9720
1.9735
1.9763
1.9771
1.9787
1.9796
1.9847
1.9852
1.9856
1.9856
1.9923
1.9930
1.9976
2.0002
2.0016
2.0037
2.0068
2.0088
2.0121
2.0170
2.0196
2.0203
2.0205
2.0224
2.0227
2.0253
2.0269
2.0305
2.0356
2.0361
2.0482
2.0533
2.0556
2.0557
2.0597
2.0611
2.0678
2.0714
2.0723
2.0733
2.0773
2.0791
2.0812
2.0853
2.0926
2.0996
2.1052
2.1194
2.1211
2.1220
2.1281
2.1300
2.1361
2.1393
2.1407
2.1416
2.1435
2.1485
2.1557
2.1587
2.1615
2.1679
2.1682
2.1734
2.1772
2.1814
2.1853
2.1881
2.1912
2.1934
2.1962
2.1990
2.1999
2.2013
2.2014
2.2024
2.2053
2.2108
2.2145
2.2147
2.2151
2.2184
2.2208
2.2218
2.2237
2.2341
2.2347
2.2411
2.2479
2.2494
2.2537
2.2537
2.2548
2.2678
2.2727
2.2730
2.2737
2.2779
2.2802
2.2806
2.2914
2.2915
2.2964
2.2971
2.2999
2.3011
2.3030
2.3061
2.3066
2.3079
2.3090
2.3095
2.3103
2.3147
2.3152
2.3166
2.3174
2.3249
2.3250
2.3304
2.3304
2.3378
2.3378
2.3466
2.3566
2.3645
2.3677
2.3715
2.3773
2.3844
2.3855
2.3857
2.3940
2.4073
2.4113
2.4212
2.4225
2.4252
2.4262
2.4312
2.4319
2.4324
2.4373
2.4411
2.4458
2.4465
2.4480
2.4536
2.4545
2.4556
2.4598
2.4717
2.4737
2.4766
2.4806
2.4826
2.4844
2.4848
2.4857
2.4892
2.4937
2.4942
2.5037
2.5062
2.5081
2.5082
2.5161
2.5234
2.5290
2.5305
2.5331
2.5375
2.5383
2.5414
2.5452
2.5486
2.5495
2.5516
2.5600
2.5653
2.5693
2.5725
2.5801
2.5866
2.5892
2.5893
2.6009
2.6037
2.6144
2.6164
2.6176
2.6208
2.6308
2.6343
2.6362
2.6498
2.6556
2.6569
2.6623
2.6701
2.6743
2.6768
2.6778
2.6779
2.6793
2.6810
2.6828
2.6843
2.7010
2.7093
2.7108
2.7117
2.7268
2.7384
2.7485
2.7512
2.7559
2.7559
2.7595
2.7642
2.7714
2.7946
2.7991
2.8025
2.8066
2.8115
2.8301
2.8317
2.8332
2.8358
2.8439
2.8476
2.8484
2.8597
2.8597
2.8708
2.8982
2.8983
2.9220
2.9442
2.9461
2.9612
2.9671
2.9678
2.9982
2.9983
3.0000
3.0004
3.0042
3.0106
3.0124
3.0201
3.0241
3.0328
3.0338
3.0608
3.0651
3.0787
3.0920
3.1067
3.1110
3.1250
3.1363
3.1384
3.1440
3.1575
3.1614
3.1664
3.1678
3.1759
3.1775
3.1873
3.1877
3.2045
3.2102
3.2319
3.2414
3.2421
3.2495
3.2519
3.2817
3.2930
3.3009
3.3013
3.3139
3.3215
3.3320
3.3344
3.3349
3.3395
3.3410
3.3488
3.3559
3.3669
3.3710
3.4105
3.4288
3.4454
3.4485
3.4509
3.4560
3.4660
3.5089
3.5375
3.5377
3.5608
3.5650
3.5832
3.6006
3.6524
3.6552
3.6721
3.6999
3.7786
3.8278
3.9129
3.9609
3.9669
3.9693
4.0013
4.0318
4.0917
4.2023
4.2349
4.5342
5.5675
