1000
1000
-1.3650,0.1978
-1.2688,0.1929
-1.0586,0.1521
-0.9171,0.1402
-0.8172,0.1354
-0.7414,0.1309
-0.6821,0.1266
-0.6340,0.1222
-0.5941,0.1180
-0.5603,0.1135
-0.5313,0.1097
-0.5063,0.1064
-0.4843,0.1038
-0.4649,0.1014
-0.4476,0.0992
-0.4320,0.0970
-0.4177,0.0951
-0.4047,0.0934
-0.3927,0.0916
-0.3817,0.0898
-0.3714,0.0881
-0.3619,0.0865
-0.3531,0.0850
-0.3448,0.0836
-0.3371,0.0822
-0.3297,0.0809
-0.3228,0.0796
-0.3163,0.0783
-0.3102,0.0771
-0.3043,0.0759
-0.2988,0.0748
-0.2936,0.0738
-0.2886,0.0728
-0.2839,0.0719
-0.2794,0.0710
-0.2750,0.0702
-0.2708,0.0693
-0.2668,0.0684
-0.2630,0.0676
-0.2593,0.0668
-0.2557,0.0660
-0.2522,0.0652
-0.2489,0.0645
-0.2456,0.0637
-0.2425,0.0629
-0.2395,0.0622
-0.2366,0.0615
-0.2338,0.0608
-0.2311,0.0602
-0.2285,0.0595
-0.2259,0.0589
-0.2235,0.0582
-0.2210,0.0576
-0.2187,0.0570
-0.2164,0.0564
-0.2142,0.0558
-0.2121,0.0553
-0.2100,0.0548
-0.2079,0.0542
-0.2060,0.0537
-0.2040,0.0532
-0.2021,0.0527
-0.2003,0.0522
-0.1985,0.0517
-0.1967,0.0513
-0.1950,0.0508
-0.1933,0.0504
-0.1917,0.0499
-0.1900,0.0495
-0.1885,0.0490
-0.1869,0.0486
-0.1854,0.0482
-0.1839,0.0478
-0.1824,0.0474
-0.1810,0.0471
-0.1796,0.0467
-0.1782,0.0463
-0.1769,0.0459
-0.1755,0.0455
-0.1742,0.0452
-0.1729,0.0448
-0.1716,0.0445
-0.1704,0.0441
-0.1691,0.0438
-0.1679,0.0434
-0.1667,0.0431
-0.1656,0.0428
-0.1644,0.0425
-0.1632,0.0421
-0.1621,0.0418
-0.1610,0.0415
-0.1598,0.0411
-0.1587,0.0408
-0.1577,0.0405
-0.1566,0.0402
-0.1555,0.0398
-0.1545,0.0395
-0.1534,0.0392
-0.1524,0.0389
-0.1514,0.0386
-0.1504,0.0383
-0.1494,0.0380
-0.1485,0.0377
-0.1475,0.0374
-0.1466,0.0372
-0.1456,0.0369
-0.1447,0.0366
-0.1438,0.0364
-0.1429,0.0361
-0.1420,0.0358
-0.1411,0.0356
-0.1402,0.0353
-0.1394,0.0351
-0.1385,0.0349
-0.1376,0.0346
-0.1368,0.0344
-0.1360,0.0342
-0.1351,0.0339
-0.1343,0.0337
-0.1335,0.0335
-0.1327,0.0333
-0.1319,0.0330
-0.1311,0.0328
-0.1303,0.0326
-0.1295,0.0324
-0.1287,0.0322
-0.1280,0.0320
-0.1272,0.0318
-0.1264,0.0316
-0.1257,0.0314
-0.1249,0.0312
-0.1242,0.0310
-0.1234,0.0307
-0.1227,0.0306
-0.1220,0.0304
-0.1212,0.0301
-0.1205,0.0299
-0.1198,0.0297
-0.1191,0.0295
-0.1184,0.0293
-0.1176,0.0291
-0.1169,0.0289
-0.1162,0.0287
-0.1155,0.0285
-0.1148,0.0283
-0.1141,0.0281
-0.1134,0.0279
-0.1127,0.0278
-0.1120,0.0276
-0.1113,0.0274
-0.1107,0.0272
-0.1100,0.0270
-0.1093,0.0268
-0.1086,0.0266
-0.1079,0.0264
-0.1072,0.0262
-0.1066,0.0260
-0.1059,0.0258
-0.1052,0.0256
-0.1045,0.0255
-0.1039,0.0253
-0.1032,0.0251
-0.1025,0.0249
-0.1019,0.0247
-0.1012,0.0245
-0.1006,0.0243
-0.0999,0.0242
-0.0993,0.0240
-0.0986,0.0238
-0.0979,0.0236
-0.0973,0.0235
-0.0966,0.0233
-0.0960,0.0231
-0.0953,0.0230
-0.0947,0.0228
-0.0940,0.0226
-0.0934,0.0225
-0.0927,0.0223
-0.0921,0.0221
-0.0914,0.0219
-0.0908,0.0218
-0.0901,0.0216
-0.0894,0.0214
-0.0888,0.0212
-0.0881,0.0211
-0.0875,0.0209
-0.0868,0.0207
-0.0862,0.0206
-0.0855,0.0204
-0.0849,0.0202
-0.0842,0.0201
-0.0835,0.0199
-0.0829,0.0197
-0.0822,0.0196
-0.0815,0.0194
-0.0808,0.0192
-0.0802,0.0190
-0.0795,0.0189
-0.0788,0.0187
-0.0781,0.0185
-0.0774,0.0183
-0.0767,0.0181
-0.0760,0.0180
-0.0753,0.0178
-0.0746,0.0176
-0.0739,0.0175
-0.0731,0.0173
-0.0724,0.0171
-0.0717,0.0170
-0.0710,0.0168
-0.0703,0.0167
-0.0695,0.0165
-0.0688,0.0164
-0.0681,0.0162
-0.0673,0.0161
-0.0666,0.0159
-0.0658,0.0158
-0.0651,0.0156
-0.0643,0.0154
-0.0635,0.0153
-0.0628,0.0151
-0.0620,0.0150
-0.0612,0.0148
-0.0604,0.0147
-0.0596,0.0145
-0.0588,0.0143
-0.0579,0.0141
-0.0571,0.0140
-0.0563,0.0138
-0.0554,0.0136
-0.0545,0.0135
-0.0537,0.0133
-0.0528,0.0131
-0.0519,0.0129
-0.0510,0.0127
-0.0500,0.0125
-0.0491,0.0123
-0.0481,0.0121
-0.0471,0.0119
-0.0461,0.0117
-0.0450,0.0115
-0.0439,0.0112
-0.0428,0.0110
-0.0417,0.0107
-0.0406,0.0105
-0.0394,0.0103
-0.0382,0.0101
-0.0369,0.0098
-0.0356,0.0096
-0.0343,0.0094
-0.0329,0.0092
-0.0315,0.0089
-0.0300,0.0087
-0.0284,0.0084
-0.0268,0.0082
-0.0251,0.0079
-0.0232,0.0076
-0.0212,0.0073
-0.0190,0.0069
0.0000,0.0000
0.0000,0.0000
0.0000,0.0000
0.0000,0.0000
0.0000,0.0000
0.0000,0.0000
0.0000,0.0000
0.0000,0.0000
0.0000,0.0000
0.0000,0.0000
0.0000,0.0000
0.0000,0.0000
0.0000,0.0000
0.0000,0.0000
0.0000,0.0000
0.0000,0.0000
0.0000,0.0000
0.0000,0.0000
0.0000,0.0000
0.0000,0.0000
0.0000,0.0000
0.0000,0.0000
0.0000,0.0000
0.0000,0.0000
0.0000,0.0000
0.0000,0.0000
0.0000,0.0000
0.0000,0.0000
0.0000,0.0000
0.0000,0.0000
0.0000,0.0000
0.0000,0.0000
0.0000,0.0000
0.0000,0.0000
0.0000,0.0000
0.0000,0.0000
0.0000,0.0000
0.0000,0.0000
0.0000,0.0000
0.0000,0.0000
0.0000,0.0000
0.0000,0.0000
0.0000,0.0000
0.0000,0.0000
0.0000,0.0000
0.0000,0.0000
0.0000,0.0000
0.0000,0.0000
0.0000,0.0000
0.0000,0.0000
0.0000,0.0000
0.0000,0.0000
0.0000,0.0000
0.0000,0.0000
0.0000,0.0000
0.0000,0.0000
0.0000,0.0000
0.0000,0.0000
0.0000,0.0000
0.0000,0.0000
0.0000,0.0000
0.0000,0.0000
0.0000,0.0000
0.0000,0.0000
0.0000,0.0000
0.0000,0.0000
0.0000,0.0000
0.0000,0.0000
0.0000,0.0000
0.0000,0.0000
0.0000,0.0000
0.0000,0.0000
0.0000,0.0000
0.0000,0.0000
0.0000,0.0000
0.0000,0.0000
0.0000,0.0000
0.0000,0.0000
0.0000,0.0000
0.0000,0.0000
0.0000,0.0000
0.0000,0.0000
0.0000,0.0000
0.0000,0.0000
0.0000,0.0000
0.0000,0.0000
0.0000,0.0000
0.0000,0.0000
0.0000,0.0000
0.0000,0.0000
0.0000,0.0000
0.0000,0.0000
0.0000,0.0000
0.0000,0.0000
0.0000,0.0000
0.0000,0.0000
0.0000,0.0000
0.0000,0.0000
0.0000,0.0000
0.0000,0.0000
0.0000,0.0000
0.0000,0.0000
0.0000,0.0000
0.0000,0.0000
0.0000,0.0000
0.0000,0.0000
0.0000,0.0000
0.0000,0.0000
0.0000,0.0000
0.0000,0.0000
0.0000,0.0000
0.0000,0.0000
0.0000,0.0000
0.0000,0.0000
0.0000,0.0000
0.0000,0.0000
0.0000,0.0000
0.0000,0.0000
0.0000,0.0000
0.0000,0.0000
0.0000,0.0000
0.0000,0.0000
0.0000,0.0000
0.0000,0.0000
0.0000,0.0000
0.0000,0.0000
0.0000,0.0000
0.0000,0.0000
0.0000,0.0000
0.0000,0.0000
0.0000,0.0000
0.0000,0.0000
0.0000,0.0000
0.0000,0.0000
0.0000,0.0000
0.0000,0.0000
0.0000,0.0000
0.0000,0.0000
0.0000,0.0000
0.0000,0.0000
0.0000,0.0000
0.0000,0.0000
0.0000,0.0000
0.0000,0.0000
0.0000,0.0000
0.0000,0.0000
0.0000,0.0000
0.0000,0.0000
0.0000,0.0000
0.0000,0.0000
0.0000,0.0000
0.0000,0.0000
0.0000,0.0000
0.0000,0.0000
0.0000,0.0000
0.0000,0.0000
0.0000,0.0000
0.0000,0.0000
0.0000,0.0000
0.0000,0.0000
0.0000,0.0000
0.0000,0.0000
0.0000,0.0000
0.0000,0.0000
0.0000,0.0000
0.0000,0.0000
0.0000,0.0000
0.0000,0.0000
0.0000,0.0000
0.0000,0.0000
0.0000,0.0000
0.0000,0.0000
0.0000,0.0000
0.0000,0.0000
0.0000,0.0000
0.0000,0.0000
0.0000,0.0000
0.0000,0.0000
0.0000,0.0000
0.0000,0.0000
0.0000,0.0000
0.0000,0.0000
0.0000,0.0000
0.0000,0.0000
0.0000,0.0000
0.0000,0.0000
0.0000,0.0000
0.0000,0.0000
0.0000,0.0000
0.0000,0.0000
0.0000,0.0000
0.0000,0.0000
0.0000,0.0000
0.0000,0.0000
0.0000,0.0000
0.0000,0.0000
0.0000,0.0000
0.0000,0.0000
0.0000,0.0000
0.0000,0.0000
0.0000,0.0000
0.0000,0.0000
0.0000,0.0000
0.0000,0.0000
0.0000,0.0000
0.0000,0.0000
0.0000,0.0000
0.0000,0.0000
0.0000,0.0000
0.0000,0.0000
0.0000,0.0000
0.0000,0.0000
0.0000,0.0000
0.0000,0.0000
0.0000,0.0000
0.0000,0.0000
0.0000,0.0000
0.0000,0.0000
0.0000,0.0000
0.0000,0.0000
0.0000,0.0000
0.0000,0.0000
0.0000,0.0000
0.0000,0.0000
0.0000,0.0000
0.0000,0.0000
0.0000,0.0000
0.0000,0.0000
0.0000,0.0000
0.0000,0.0000
0.0000,0.0000
0.0000,0.0000
0.0000,0.0000
0.0000,0.0000
0.0000,0.0000
0.0000,0.0000
0.0000,0.0000
0.0000,0.0000
0.0000,0.0000
0.0000,0.0000
0.0000,0.0000
0.0000,0.0000
0.0000,0.0000
0.0000,0.0000
0.0000,0.0000
0.0000,0.0000
0.0000,0.0000
0.0000,0.0000
0.0000,0.0000
0.0000,0.0000
0.0000,0.0000
0.0000,0.0000
0.0000,0.0000
0.0000,0.0000
0.0000,0.0000
0.0000,0.0000
0.0000,0.0000
0.0000,0.0000
0.0000,0.0000
0.0000,0.0000
0.0000,0.0000
0.0000,0.0000
0.0000,0.0000
0.0000,0.0000
0.0000,0.0000
0.0000,0.0000
0.0000,0.0000
0.0000,0.0000
0.0000,0.0000
0.0000,0.0000
0.0000,0.0000
0.0000,0.0000
0.0000,0.0000
0.0000,0.0000
0.0000,0.0000
0.0000,0.0000
0.0000,0.0000
0.0000,0.0000
0.0000,0.0000
0.0000,0.0000
0.0000,0.0000
0.0000,0.0000
0.0000,0.0000
0.0000,0.0000
0.0000,0.0000
0.0000,0.0000
0.0000,0.0000
0.0000,0.0000
0.0000,0.0000
0.0000,0.0000
0.0000,0.0000
0.0000,0.0000
0.0000,0.0000
0.0000,0.0000
0.0000,0.0000
0.0000,0.0000
0.0000,0.0000
0.0000,0.0000
0.0000,0.0000
0.0000,0.0000
0.0000,0.0000
0.0000,0.0000
0.0000,0.0000
0.0000,0.0000
0.0000,0.0000
0.0000,0.0000
0.0000,0.0000
0.0000,0.0000
0.0000,0.0000
0.0000,0.0000
0.0000,0.0000
0.0000,0.0000
0.0000,0.0000
0.0000,0.0000
0.0000,0.0000
0.0000,0.0000
0.0000,0.0000
0.0000,0.0000
0.0000,0.0000
0.0000,0.0000
0.0000,0.0000
0.0000,0.0000
0.0000,0.0000
0.0000,0.0000
0.0000,0.0000
0.0000,0.0000
0.0000,0.0000
0.0000,0.0000
0.0000,0.0000
0.0000,0.0000
0.0000,0.0000
0.0000,0.0000
0.0000,0.0000
0.0000,0.0000
0.0000,0.0000
0.0000,0.0000
0.0000,0.0000
0.0000,0.0000
0.0000,0.0000
0.0000,0.0000
0.0000,0.0000
0.0000,0.0000
0.0000,0.0000
0.0000,0.0000
0.0000,0.0000
0.0000,0.0000
0.0000,0.0000
0.0000,0.0000
0.0000,0.0000
0.0000,0.0000
0.0000,0.0000
0.0000,0.0000
0.0000,0.0000
0.0000,0.0000
0.0000,0.0000
0.0000,0.0000
0.0000,0.0000
0.0000,0.0000
0.0000,0.0000
0.0000,0.0000
0.0000,0.0000
0.0000,0.0000
0.0000,0.0000
0.0000,0.0000
0.0000,0.0000
0.0000,0.0000
0.0000,0.0000
0.0000,0.0000
0.0000,0.0000
0.0000,0.0000
0.0000,0.0000
0.0000,0.0000
0.0000,0.0000
0.0000,0.0000
0.0000,0.0000
0.0000,0.0000
0.0000,0.0000
0.0000,0.0000
0.0000,0.0000
0.0000,0.0000
0.0000,0.0000
0.0000,0.0000
0.0000,0.0000
0.0000,0.0000
0.0000,0.0000
0.0000,0.0000
0.0000,0.0000
0.0000,0.0000
0.0000,0.0000
0.0000,0.0000
0.0000,0.0000
0.0000,0.0000
0.0000,0.0000
0.0000,0.0000
0.0000,0.0000
0.0000,0.0000
0.0000,0.0000
0.0000,0.0000
0.0000,0.0000
0.0000,0.0000
0.0000,0.0000
0.0000,0.0000
0.0000,0.0000
0.0000,0.0000
0.0000,0.0000
0.0000,0.0000
0.0000,0.0000
0.0000,0.0000
0.0000,0.0000
0.0000,0.0000
0.0000,0.0000
0.0000,0.0000
0.0000,0.0000
0.0000,0.0000
0.0000,0.0000
0.0000,0.0000
0.0000,0.0000
0.0000,0.0000
0.0000,0.0000
0.0000,0.0000
0.0000,0.0000
0.0000,0.0000
0.0000,0.0000
0.0000,0.0000
0.0000,0.0000
0.0000,0.0000
0.0000,0.0000
0.0000,0.0000
0.0000,0.0000
0.0000,0.0000
0.0000,0.0000
0.0000,0.0000
0.0000,0.0000
0.0000,0.0000
0.0000,0.0000
0.0000,0.0000
0.0000,0.0000
0.0000,0.0000
0.0000,0.0000
0.0000,0.0000
0.0000,0.0000
0.0000,0.0000
0.0000,0.0000
0.0000,0.0000
0.0000,0.0000
0.0000,0.0000
0.0000,0.0000
0.0000,0.0000
0.0000,0.0000
0.0000,0.0000
0.0000,0.0000
0.0000,0.0000
0.0000,0.0000
0.0000,0.0000
0.0000,0.0000
0.0000,0.0000
0.0000,0.0000
0.0000,0.0000
0.0000,0.0000
0.0000,0.0000
0.0000,0.0000
0.0000,0.0000
0.0000,0.0000
0.0000,0.0000
0.0000,0.0000
0.0000,0.0000
0.0000,0.0000
0.0000,0.0000
0.0000,0.0000
0.0000,0.0000
0.0000,0.0000
0.0000,0.0000
0.0000,0.0000
0.0000,0.0000
0.0000,0.0000
0.0000,0.0000
0.0000,0.0000
0.0000,0.0000
0.0000,0.0000
0.0000,0.0000
0.0000,0.0000
0.0000,0.0000
0.0000,0.0000
0.0000,0.0000
0.0000,0.0000
0.0000,0.0000
0.0000,0.0000
0.0000,0.0000
0.0000,0.0000
0.0000,0.0000
0.0000,0.0000
0.0000,0.0000
0.0000,0.0000
0.0000,0.0000
0.0000,0.0000
0.0000,0.0000
0.0000,0.0000
0.0000,0.0000
0.0000,0.0000
0.0000,0.0000
0.0000,0.0000
0.0000,0.0000
0.0000,0.0000
0.0000,0.0000
0.0000,0.0000
0.0000,0.0000
0.0000,0.0000
0.0000,0.0000
0.0000,0.0000
0.0000,0.0000
0.0000,0.0000
0.0000,0.0000
0.0000,0.0000
0.0000,0.0000
0.0000,0.0000
0.0000,0.0000
0.0000,0.0000
0.0000,0.0000
0.0000,0.0000
0.0000,0.0000
0.0000,0.0000
0.0000,0.0000
0.0000,0.0000
0.0000,0.0000
0.0000,0.0000
0.0000,0.0000
0.0000,0.0000
0.0000,0.0000
0.0000,0.0000
0.0000,0.0000
0.0000,0.0000
0.0000,0.0000
0.0000,0.0000
0.0000,0.0000
0.0000,0.0000
0.0000,0.0000
0.0000,0.0000
0.0000,0.0000
0.0000,0.0000
0.0000,0.0000
0.0000,0.0000
0.0000,0.0000
0.0000,0.0000
0.0000,0.0000
0.0000,0.0000
0.0000,0.0000
0.0000,0.0000
0.0000,0.0000
0.0000,0.0000
0.0000,0.0000
0.0000,0.0000
0.0000,0.0000
0.0000,0.0000
0.0000,0.0000
0.0000,0.0000
0.0000,0.0000
0.0000,0.0000
0.0000,0.0000
0.0000,0.0000
0.0000,0.0000
0.0000,0.0000
0.0000,0.0000
0.0000,0.0000
0.0000,0.0000
0.0000,0.0000
0.0000,0.0000
0.0000,0.0000
0.0000,0.0000
0.0000,0.0000
0.0000,0.0000
0.0000,0.0000
0.0000,0.0000
0.0000,0.0000
0.0000,0.0000
0.0000,0.0000
0.0000,0.0000
0.0000,0.0000
0.0000,0.0000
0.0000,0.0000
0.0000,0.0000
0.0000,0.0000
0.0000,0.0000
0.0000,0.0000
0.0000,0.0000
0.0000,0.0000
0.0000,0.0000
0.0000,0.0000
0.0000,0.0000
0.0000,0.0000
0.0000,0.0000
0.0000,0.0000
0.0000,0.0000
0.0000,0.0000
0.0000,0.0000
0.0000,0.0000
0.0000,0.0000
0.0000,0.0000
0.0000,0.0000
0.0000,0.0000
0.0000,0.0000
0.0000,0.0000
0.0000,0.0000
0.0000,0.0000
0.0000,0.0000
0.0000,0.0000
0.0000,0.0000
0.0000,0.0000
0.0000,0.0000
0.0000,0.0000
0.0000,0.0000
0.0000,0.0000
0.0000,0.0000
0.0000,0.0000
0.0000,0.0000
0.0000,0.0000
0.0000,0.0000
0.0000,0.0000
0.0000,0.0000
0.0000,0.0000
0.0000,0.0000
0.0000,0.0000
0.0000,0.0000
0.0000,0.0000
0.0000,0.0000
0.0000,0.0000
0.0000,0.0000
0.0000,0.0000
0.0000,0.0000
0.0000,0.0000
0.0000,0.0000
0.0000,0.0000
0.0000,0.0000
0.0000,0.0000
0.0000,0.0000
0.0000,0.0000
0.0000,0.0000
0.0000,0.0000
0.0000,0.0000
0.0000,0.0000
0.0000,0.0000
0.0000,0.0000
0.0000,0.0000
0.0000,0.0000
0.0000,0.0000
0.0000,0.0000
0.0000,0.0000
0.0000,0.0000
0.0000,0.0000
0.0000,0.0000
0.0000,0.0000
0.0000,0.0000
0.0000,0.0000
0.0000,0.0000
0.0000,0.0000
0.0000,0.0000
0.0000,0.0000
0.0000,0.0000
0.0000,0.0000
0.0000,0.0000
0.0000,0.0000
0.0000,0.0000
0.0000,0.0000
0.0000,0.0000
0.0000,0.0000
0.0000,0.0000
0.0000,0.0000
0.0000,0.0000
0.0000,0.0000
0.0000,0.0000
0.0000,0.0000
0.0000,0.0000
0.0000,0.0000
0.0000,0.0000
0.0000,0.0000
0.0000,0.0000
0.0000,0.0000
0.0000,0.0000
0.0000,0.0000
0.0000,0.0000
0.0000,0.0000
0.0000,0.0000
0.0000,0.0000
0.0000,0.0000
0.0000,0.0000
0.0000,0.0000
0.0000,0.0000
0.0000,0.0000
0.0000,0.0000
0.0000,0.0000
0.0000,0.0000
0.0000,0.0000
0.0000,0.0000
0.0000,0.0000
0.0000,0.0000
0.0000,0.0000
0.0000,0.0000
0.0000,0.0000
0.0000,0.0000
0.0000,0.0000
0.0000,0.0000
0.0000,0.0000
0.0000,0.0000
0.0000,0.0000
0.0000,0.0000
0.0000,0.0000
0.0000,0.0000
0.0000,0.0000
0.0000,0.0000
0.0000,0.0000
0.0000,0.0000
0.0000,0.0000
0.0000,0.0000
0.0000,0.0000
0.0000,0.0000
0.0000,0.0000
0.0000,0.0000
0.0000,0.0000
0.0000,0.0000
0.0000,0.0000
0.0000,0.0000
0.0000,0.0000
0.0000,0.0000
0.0000,0.0000
0.0000,0.0000
0.0000,0.0000
0.0000,0.0000
0.0000,0.0000
0.0000,0.0000
0.0000,0.0000
0.0000,0.0000
0.0000,0.0000
0.0000,0.0000
0.0000,0.0000
0.0000,0.0000
0.0000,0.0000
0.0000,0.0000
0.0000,0.0000
0.0000,0.0000
0.0000,0.0000
0.0000,0.0000
0.0000,0.0000
-0.9486
-0.7526
-0.6080
-0.5972
-0.5777
-0.4008
-0.3828
-0.3798
-0.3788
-0.3251
-0.3231
-0.3013
-0.2810
-0.2809
-0.2803
-0.2759
-0.2628
-0.2541
-0.2522
-0.2446
-0.2411
-0.2375
-0.1979
-0.1970
-0.1871
-0.1853
-0.1770
-0.1718
-0.1640
-0.1571
-0.1367
-0.1198
-0.1026
-0.1005
-0.0740
-0.0540
-0.0120
-0.0048
-0.0017
0.0038
0.0076
0.0163
0.0202
0.0233
0.0253
0.0260
0.0290
0.0372
0.0587
0.0642
0.0664
0.0741
0.0936
0.1046
0.1053
0.1070
0.1295
0.1325
0.1404
0.1415
0.1479
0.1592
0.1622
0.1628
0.1632
0.1656
0.1660
0.1689
0.1721
0.1757
0.1826
0.1849
0.1857
0.1858
0.1917
0.2091
0.2092
0.2114
0.2159
0.2170
0.2173
0.2184
0.2190
0.2253
0.2269
0.2317
0.2329
0.2339
0.2356
0.2393
0.2400
0.2450
0.2461
0.2493
0.2551
0.2631
0.2644
0.2696
0.2697
0.2746
0.3038
0.3099
0.3136
0.3202
0.3227
0.3258
0.3425
0.3477
0.3506
0.3509
0.3517
0.3585
0.3640
0.3726
0.3726
0.3793
0.3839
0.3882
0.3896
0.3924
0.3955
0.3972
0.4022
0.4038
0.4080
0.4132
0.4171
0.4280
0.4319
0.4320
0.4376
0.4428
0.4451
0.4487
0.4490
0.4630
0.4696
0.4696
0.4755
0.4757
0.4797
0.4801
0.4889
0.4934
0.4994
0.5014
0.5087
0.5089
0.5112
0.5123
0.5132
0.5247
0.5279
0.5294
0.5300
0.5359
0.5400
0.5488
0.5526
0.5531
0.5561
0.5657
0.5739
0.5767
0.5774
0.5806
0.5838
0.5858
0.5867
0.5868
0.5940
0.5951
0.5994
0.6025
0.6058
0.6181
0.6189
0.6191
0.6254
0.6293
0.6299
0.6329
0.6334
0.6338
0.6350
0.6358
0.6368
0.6459
0.6462
0.6528
0.6543
0.6561
0.6582
0.6584
0.6591
0.6638
0.6666
0.6667
0.6692
0.6704
0.6714
0.6749
0.6757
0.6819
0.6888
0.6922
0.6952
0.7042
0.7124
0.7177
0.7310
0.7372
0.7383
0.7387
0.7402
0.7426
0.7445
0.7483
0.7502
0.7521
0.7527
0.7527
0.7544
0.7549
0.7557
0.7558
0.7576
0.7582
0.7597
0.7602
0.7632
0.7633
0.7715
0.7766
0.7772
0.7792
0.7802
0.7811
0.7838
0.7859
0.7864
0.7868
0.7869
0.7871
0.7886
0.7892
0.7896
0.7919
0.7924
0.7999
0.8005
0.8027
0.8037
0.8180
0.8235
0.8245
0.8259
0.8278
0.8279
0.8281
0.8319
0.8331
0.8353
0.8399
0.8439
0.8450
0.8452
0.8465
0.8500
0.8517
0.8544
0.8562
0.8587
0.8608
0.8615
0.8649
0.8651
0.8665
0.8666
0.8705
0.8749
0.8754
0.8788
0.8801
0.8825
0.8849
0.8891
0.8891
0.8899
0.8917
0.8925
0.8937
0.8963
0.8966
0.9067
0.9084
0.9103
0.9112
0.9120
0.9136
0.9214
0.9288
0.9303
0.9313
0.9374
0.9430
0.9431
0.9433
0.9438
0.9482
0.9482
0.9500
0.9532
0.9539
0.9560
0.9569
0.9610
0.9620
0.9631
0.9693
0.9755
0.9791
0.9803
0.9816
0.9886
0.9902
0.9980
0.9991
0.9996
1.0122
1.0169
1.0172
1.0175
1.0186
1.0238
1.0244
1.0246
1.0258
1.0261
1.0296
1.0310
1.0318
1.0329
1.0366
1.0378
1.0407
1.0442
1.0465
1.0533
1.0555
1.0558
1.0569
1.0687
1.0697
1.0706
1.0755
1.0794
1.0808
1.0816
1.0928
1.0951
1.0972
1.0974
1.0997
1.1023
1.1051
1.1055
1.1084
1.1113
1.1138
1.1154
1.1230
1.1268
1.1272
1.1362
1.1363
1.1367
1.1413
1.1432
1.1463
1.1477
1.1479
1.1502
1.1514
1.1562
1.1564
1.1566
1.1577
1.1588
1.1599
1.1672
1.1749
1.1752
1.1769
1.1786
1.1821
1.1822
1.1856
1.1859
1.1865
1.1883
1.1942
1.1954
1.1984
1.2013
1.2076
1.2108
1.2148
1.2173
1.2174
1.2201
1.2207
1.2249
1.2299
1.2333
1.2368
1.2377
1.2378
1.2403
1.2433
1.2438
1.2517
1.2528
1.2532
1.2532
1.2534
1.2547
1.2551
1.2552
1.2623
1.2644
1.2670
1.2685
1.2685
1.2689
1.2703
1.2706
1.2755
1.2759
1.2800
1.2819
1.2858
1.2859
1.2867
1.2946
1.2966
1.2992
1.3000
1.3011
1.3020
1.3024
1.3047
1.3076
1.3127
1.3135
1.3149
1.3158
1.3187
1.3187
1.3198
1.3246
1.3249
1.3299
1.3302
1.3317
1.3318
1.3324
1.3356
1.3393
1.3406
1.3414
1.3434
1.3465
1.3472
1.3474
1.3482
1.3483
1.3529
1.3570
1.3579
1.3585
1.3612
1.3616
1.3659
1.3701
1.3744
1.3753
1.3759
1.3763
1.3766
1.3790
1.3790
1.3800
1.3840
1.3840
1.3863
1.3905
1.3910
1.3913
1.3921
1.3958
1.3979
1.3997
1.4029
1.4055
1.4083
1.4093
1.4094
1.4127
1.4179
1.4204
1.4213
1.4248
1.4266
1.4271
1.4328
1.4330
1.4336
1.4386
1.4436
1.4444
1.4447
1.4490
1.4494
1.4529
1.4539
1.4561
1.4570
1.4647
1.4716
1.4733
1.4745
1.4748
1.4764
1.4803
1.4816
1.4826
1.4843
1.4883
1.4888
1.4892
1.4922
1.4953
1.4971
1.5000
1.5019
1.5039
1.5043
1.5095
1.5142
1.5151
1.5211
1.5217
1.5270
1.5283
1.5320
1.5362
1.5393
1.5451
1.5482
1.5536
1.5553
1.5615
1.5640
1.5642
1.5649
1.5662
1.5734
1.5810
1.5836
1.5851
1.5859
1.5920
1.5946
1.5977
1.6017
1.6031
1.6129
1.6204
1.6244
1.6279
1.6287
1.6288
1.6293
1.6313
1.6314
1.6331
1.6408
1.6413
1.6415
1.6440
1.6483
1.6498
1.6545
1.6551
1.6569
1.6569
1.6589
1.6592
1.6614
1.6626
1.6668
1.6689
1.6755
1.6756
1.6808
1.6810
1.6811
1.6830
1.6845
1.6850
1.6868
1.6885
1.6937
1.6948
1.7003
1.7012
1.7038
1.7051
1.7154
1.7214
1.7246
1.7265
1.7273
1.7275
1.7278
1.7301
1.7304
1.7312
1.7315
1.7321
1.7425
1.7436
1.7522
1.7528
1.7559
1.7601
1.7619
1.7634
1.7653
1.7702
1.7711
1.7767
1.7778
1.7878
1.7890
1.8011
1.8038
1.8043
1.8069
1.8078
1.8079
1.8131
1.8132
1.8139
1.8152
1.8183
1.8186
1.8190
1.8265
1.8272
1.8279
1.8284
1.8412
1.8414
1.8464
1.8473
1.8544
1.8550
1.8558
1.8571
1.8601
1.8652
1.8711
1.8721
1.8722
1.8761
1.8790
1.8791
1.8796
1.8863
1.8863
1.8888
1.9005
1.9008
1.9025
1.9126
1.9143
1.9162
1.9179
1.9186
1.9201
1.9202
1.9209
1.9337
1.9400
1.9440
1.9498
1.9513
1.9516
1.9543
1.9565
1.9570
1.9627
1.9628
1.9629
1.9662
1.9671
1.9688
1.9728
1.9765
1.9784
1.9794
1.9810
1.9836
1.9883
1.9901
1.9912
1.9918
1.9991
1.9997
2.0049
2.0059
2.0096
2.0133
2.0136
2.0146
2.0184
2.0202
2.0320
2.0333
2.0342
2.0346
2.0366
2.0386
2.0410
2.0419
2.0504
2.0546
2.0547
2.0548
2.0559
2.0566
2.0582
2.0588
2.0603
2.0614
2.0627
2.0638
2.0659
2.0695
2.0723
2.0731
2.0734
2.0735
2.0757
2.0802
2.0861
2.0885
2.0905
2.0930
2.1010
2.1048
2.1054
2.1095
2.1139
2.1144
2.1202
2.1222
2.1258
2.1285
2.1290
2.1292
2.1333
2.1338
2.1353
2.1390
2.1436
2.1464
2.1466
2.1525
2.1542
2.1561
2.1660
2.1663
2.1690
2.1744
2.1745
2.1798
2.1819
2.1835
2.1876
2.1891
2.1953
2.1959
2.1994
2.2020
2.2038
2.2057
2.2058
2.2073
2.2128
2.2152
2.2191
2.2224
2.2228
2.2255
2.2272
2.2331
2.2352
2.2359
2.2420
2.2455
2.2465
2.2468
2.2489
2.2541
2.2687
2.2706
2.2748
2.2876
2.2917
2.3029
2.3049
2.3057
2.3076
2.3088
2.3142
2.3143
2.3198
2.3236
2.3275
2.3283
2.3327
2.3388
2.3412
2.3440
2.3484
2.3509
2.3638
2.3690
2.3747
2.3801
2.3823
2.3865
2.3906
2.3925
2.3974
2.3996
2.4022
2.4080
2.4088
2.4127
2.4162
2.4190
2.4244
2.4260
2.4315
2.4358
2.4408
2.4503
2.4530
2.4573
2.4652
2.4668
2.4705
2.4770
2.4781
2.4804
2.4805
2.4927
2.4984
2.5082
2.5131
2.5133
2.5149
2.5182
2.5334
2.5354
2.5394
2.5425
2.5523
2.5597
2.5634
2.5672
2.5692
2.5792
2.5843
2.5887
2.5977
2.5998
2.6052
2.6058
2.6096
2.6166
2.6174
2.6299
2.6346
2.6386
2.6419
2.6505
2.6557
2.6628
2.6685
2.6739
2.6895
2.6927
2.6980
2.7268
2.7349
2.7555
2.7734
2.7758
2.7768
2.8058
2.8058
2.8064
2.8071
2.8098
2.8102
2.8247
2.8293
2.8387
2.8455
2.8494
2.8541
2.8616
2.8697
2.8843
2.8860
2.8884
2.8888
2.9046
2.9056
2.9238
2.9277
2.9357
2.9372
2.9563
2.9585
2.9861
3.0014
3.0096
3.0243
3.0405
3.0501
3.0661
3.0695
3.0713
3.0789
3.0851
3.0894
3.1048
3.1163
3.1324
3.1347
3.1369
3.1550
3.1965
3.2119
3.2308
3.2396
3.2413
3.2417
3.2420
3.2721
3.2728
3.2797
3.3164
3.3414
3.3573
3.4381
3.4462
3.4532
3.4650
3.4988
3.5235
3.5354
3.5433
3.5541
3.5554
3.5796
3.6041
3.6396
3.6479
3.7351
3.7784
3.8247
3.8311
3.8417
4.0324
4.0748
4.0909
4.1999
4.2062
4.2815
4.3110
4.4073
4.7029
5.4747
