1000
1000
-1.3811,0.1865
-1.2895,0.1798
-1.0805,0.1485
-0.9422,0.1430
-0.8430,0.1398
-0.7666,0.1344
-0.7063,0.1295
-0.6573,0.1247
-0.6164,0.1195
-0.5817,0.1147
-0.5517,0.1105
-0.5257,0.1068
-0.5028,0.1036
-0.4824,0.1006
-0.4642,0.0981
-0.4478,0.0957
-0.4328,0.0934
-0.4192,0.0911
-0.4067,0.0889
-0.3951,0.0869
-0.3846,0.0851
-0.3748,0.0835
-0.3657,0.0819
-0.3573,0.0806
-0.3494,0.0793
-0.3420,0.0780
-0.3350,0.0769
-0.3285,0.0758
-0.3222,0.0747
-0.3163,0.0738
-0.3107,0.0728
-0.3054,0.0719
-0.3004,0.0711
-0.2955,0.0702
-0.2909,0.0694
-0.2865,0.0687
-0.2823,0.0679
-0.2783,0.0672
-0.2744,0.0665
-0.2707,0.0658
-0.2671,0.0651
-0.2636,0.0644
-0.2602,0.0637
-0.2570,0.0631
-0.2538,0.0625
-0.2508,0.0618
-0.2478,0.0612
-0.2450,0.0606
-0.2422,0.0600
-0.2395,0.0595
-0.2369,0.0590
-0.2344,0.0584
-0.2320,0.0579
-0.2296,0.0574
-0.2272,0.0569
-0.2250,0.0564
-0.2228,0.0559
-0.2206,0.0554
-0.2185,0.0549
-0.2165,0.0544
-0.2145,0.0539
-0.2125,0.0535
-0.2106,0.0530
-0.2088,0.0526
-0.2069,0.0522
-0.2052,0.0517
-0.2034,0.0513
-0.2017,0.0509
-0.2001,0.0505
-0.1984,0.0501
-0.1968,0.0497
-0.1953,0.0493
-0.1937,0.0490
-0.1922,0.0486
-0.1908,0.0483
-0.1893,0.0479
-0.1879,0.0476
-0.1865,0.0472
-0.1852,0.0469
-0.1838,0.0466
-0.1825,0.0463
-0.1812,0.0460
-0.1799,0.0456
-0.1787,0.0453
-0.1775,0.0451
-0.1763,0.0448
-0.1751,0.0445
-0.1739,0.0442
-0.1728,0.0439
-0.1716,0.0437
-0.1705,0.0434
-0.1694,0.0431
-0.1683,0.0429
-0.1672,0.0426
-0.1662,0.0424
-0.1652,0.0421
-0.1641,0.0419
-0.1631,0.0416
-0.1621,0.0414
-0.1612,0.0412
-0.1602,0.0409
-0.1592,0.0407
-0.1583,0.0405
-0.1574,0.0402
-0.1564,0.0400
-0.1555,0.0398
-0.1546,0.0396
-0.1537,0.0394
-0.1528,0.0391
-0.1520,0.0389
-0.1511,0.0387
-0.1503,0.0385
-0.1494,0.0383
-0.1486,0.0381
-0.1478,0.0379
-0.1470,0.0377
-0.1462,0.0375
-0.1454,0.0373
-0.1446,0.0371
-0.1438,0.0369
-0.1431,0.0367
-0.1423,0.0365
-0.1416,0.0364
-0.1408,0.0362
-0.1401,0.0360
-0.1394,0.0358
-0.1386,0.0356
-0.1379,0.0355
-0.1372,0.0353
-0.1365,0.0351
-0.1358,0.0349
-0.1351,0.0347
-0.1344,0.0345
-0.1337,0.0343
-0.1331,0.0342
-0.1324,0.0340
-0.1317,0.0338
-0.1311,0.0336
-0.1304,0.0335
-0.1298,0.0333
-0.1291,0.0331
-0.1285,0.0329
-0.1278,0.0328
-0.1272,0.0326
-0.1266,0.0324
-0.1259,0.0322
-0.1253,0.0320
-0.1247,0.0319
-0.1241,0.0317
-0.1235,0.0315
-0.1229,0.0313
-0.1223,0.0312
-0.1217,0.0310
-0.1211,0.0308
-0.1205,0.0307
-0.1199,0.0305
-0.1193,0.0303
-0.1187,0.0302
-0.1181,0.0300
-0.1175,0.0298
-0.1170,0.0297
-0.1164,0.0295
-0.1158,0.0293
-0.1153,0.0292
-0.1147,0.0290
-0.1141,0.0289
-0.1136,0.0287
-0.1130,0.0286
-0.1125,0.0284
-0.1119,0.0283
-0.1114,0.0281
-0.1109,0.0280
-0.1103,0.0278
-0.1098,0.0277
-0.1093,0.0275
-0.1087,0.0274
-0.1082,0.0272
-0.1077,0.0271
-0.1071,0.0269
-0.1066,0.0268
-0.1061,0.0266
-0.1056,0.0265
-0.1051,0.0263
-0.1045,0.0262
-0.1040,0.0260
-0.1035,0.0259
-0.1030,0.0257
-0.1025,0.0256
-0.1020,0.0254
-0.1014,0.0253
-0.1009,0.0251
-0.1004,0.0250
-0.0999,0.0248
-0.0994,0.0247
-0.0989,0.0245
-0.0983,0.0244
-0.0978,0.0242
-0.0973,0.0240
-0.0968,0.0239
-0.0963,0.0237
-0.0958,0.0235
-0.0952,0.0234
-0.0947,0.0232
-0.0942,0.0231
-0.0937,0.0229
-0.0932,0.0228
-0.0927,0.0226
-0.0922,0.0225
-0.0917,0.0223
-0.0912,0.0222
-0.0907,0.0220
-0.0901,0.0219
-0.0896,0.0217
-0.0891,0.0216
-0.0886,0.0214
-0.0881,0.0213
-0.0876,0.0211
-0.0871,0.0210
-0.0866,0.0208
-0.0861,0.0207
-0.0856,0.0205
-0.0851,0.0204
-0.0846,0.0202
-0.0841,0.0201
-0.0836,0.0199
-0.0831,0.0198
-0.0826,0.0196
-0.0821,0.0195
-0.0816,0.0193
-0.0811,0.0192
-0.0806,0.0191
-0.0801,0.0189
-0.0796,0.0188
-0.0791,0.0186
-0.0786,0.0185
-0.0781,0.0184
-0.0776,0.0182
-0.0771,0.0181
-0.0765,0.0179
-0.0760,0.0178
-0.0755,0.0177
-0.0750,0.0175
-0.0745,0.0174
-0.0740,0.0172
-0.0735,0.0171
-0.0730,0.0170
-0.0724,0.0168
-0.0719,0.0167
-0.0714,0.0166
-0.0709,0.0164
-0.0704,0.0163
-0.0698,0.0161
-0.0693,0.0160
-0.0688,0.0158
-0.0683,0.0157
-0.0677,0.0155
-0.0672,0.0154
-0.0666,0.0152
-0.0661,0.0151
-0.0656,0.0149
-0.0650,0.0148
-0.0645,0.0146
-0.0639,0.0145
-0.0633,0.0143
-0.0628,0.0142
-0.0622,0.0141
-0.0617,0.0139
-0.0611,0.0138
-0.0605,0.0136
-0.0600,0.0135
-0.0594,0.0134
-0.0588,0.0132
-0.0583,0.0131
-0.0577,0.0130
-0.0571,0.0128
-0.0565,0.0127
-0.0559,0.0125
-0.0554,0.0124
-0.0548,0.0123
-0.0542,0.0121
-0.0536,0.0120
-0.0529,0.0119
-0.0523,0.0117
-0.0517,0.0116
-0.0511,0.0115
-0.0505,0.0113
-0.0498,0.0112
-0.0492,0.0111
-0.0486,0.0110
-0.0479,0.0108
-0.0473,0.0107
-0.0466,0.0106
-0.0460,0.0105
-0.0453,0.0103
-0.0446,0.0102
-0.0439,0.0101
-0.0433,0.0100
-0.0425,0.0099
-0.0418,0.0097
-0.0411,0.0096
-0.0404,0.0095
-0.0396,0.0093
-0.0388,0.0092
-0.0381,0.0091
-0.0373,0.0089
-0.0364,0.0088
-0.0356,0.0086
-0.0348,0.0085
-0.0339,0.0084
-0.0330,0.0082
-0.0320,0.0081
-0.0311,0.0079
-0.0301,0.0078
-0.0291,0.0076
-0.0280,0.0074
-0.0269,0.0072
-0.0258,0.0070
-0.0246,0.0069
-0.0234,0.0067
-0.0221,0.0065
-0.0207,0.0063
-0.0192,0.0060
-0.0175,0.0058
-0.0157,0.0054
0.0000,0.0000
0.0000,0.0000
0.0000,0.0000
0.0000,0.0000
0.0000,0.0000
0.0000,0.0000
0.0000,0.0000
0.0000,0.0000
0.0000,0.0000
0.0000,0.0000
0.0000,0.0000
0.0000,0.0000
0.0000,0.0000
0.0000,0.0000
0.0000,0.0000
0.0000,0.0000
0.0000,0.0000
0.0000,0.0000
0.0000,0.0000
0.0000,0.0000
0.0000,0.0000
0.0000,0.0000
0.0000,0.0000
0.0000,0.0000
0.0000,0.0000
0.0000,0.0000
0.0000,0.0000
0.0000,0.0000
0.0000,0.0000
0.0000,0.0000
0.0000,0.0000
0.0000,0.0000
0.0000,0.0000
0.0000,0.0000
0.0000,0.0000
0.0000,0.0000
0.0000,0.0000
0.0000,0.0000
0.0000,0.0000
0.0000,0.0000
0.0000,0.0000
0.0000,0.0000
0.0000,0.0000
0.0000,0.0000
0.0000,0.0000
0.0000,0.0000
0.0000,0.0000
0.0000,0.0000
0.0000,0.0000
0.0000,0.0000
0.0000,0.0000
0.0000,0.0000
0.0000,0.0000
0.0000,0.0000
0.0000,0.0000
0.0000,0.0000
0.0000,0.0000
0.0000,0.0000
0.0000,0.0000
0.0000,0.0000
0.0000,0.0000
0.0000,0.0000
0.0000,0.0000
0.0000,0.0000
0.0000,0.0000
0.0000,0.0000
0.0000,0.0000
0.0000,0.0000
0.0000,0.0000
0.0000,0.0000
0.0000,0.0000
0.0000,0.0000
0.0000,0.0000
0.0000,0.0000
0.0000,0.0000
0.0000,0.0000
0.0000,0.0000
0.0000,0.0000
0.0000,0.0000
0.0000,0.0000
0.0000,0.0000
0.0000,0.0000
0.0000,0.0000
0.0000,0.0000
0.0000,0.0000
0.0000,0.0000
0.0000,0.0000
0.0000,0.0000
0.0000,0.0000
0.0000,0.0000
0.0000,0.0000
0.0000,0.0000
0.0000,0.0000
0.0000,0.0000
0.0000,0.0000
0.0000,0.0000
0.0000,0.0000
0.0000,0.0000
0.0000,0.0000
0.0000,0.0000
0.0000,0.0000
0.0000,0.0000
0.0000,0.0000
0.0000,0.0000
0.0000,0.0000
0.0000,0.0000
0.0000,0.0000
0.0000,0.0000
0.0000,0.0000
0.0000,0.0000
0.0000,0.0000
0.0000,0.0000
0.0000,0.0000
0.0000,0.0000
0.0000,0.0000
0.0000,0.0000
0.0000,0.0000
0.0000,0.0000
0.0000,0.0000
0.0000,0.0000
0.0000,0.0000
0.0000,0.0000
0.0000,0.0000
0.0000,0.0000
0.0000,0.0000
0.0000,0.0000
0.0000,0.0000
0.0000,0.0000
0.0000,0.0000
0.0000,0.0000
0.0000,0.0000
0.0000,0.0000
0.0000,0.0000
0.0000,0.0000
0.0000,0.0000
0.0000,0.0000
0.0000,0.0000
0.0000,0.0000
0.0000,0.0000
0.0000,0.0000
0.0000,0.0000
0.0000,0.0000
0.0000,0.0000
0.0000,0.0000
0.0000,0.0000
0.0000,0.0000
0.0000,0.0000
0.0000,0.0000
0.0000,0.0000
0.0000,0.0000
0.0000,0.0000
0.0000,0.0000
0.0000,0.0000
0.0000,0.0000
0.0000,0.0000
0.0000,0.0000
0.0000,0.0000
0.0000,0.0000
0.0000,0.0000
0.0000,0.0000
0.0000,0.0000
0.0000,0.0000
0.0000,0.0000
0.0000,0.0000
0.0000,0.0000
0.0000,0.0000
0.0000,0.0000
0.0000,0.0000
0.0000,0.0000
0.0000,0.0000
0.0000,0.0000
0.0000,0.0000
0.0000,0.0000
0.0000,0.0000
0.0000,0.0000
0.0000,0.0000
0.0000,0.0000
0.0000,0.0000
0.0000,0.0000
0.0000,0.0000
0.0000,0.0000
0.0000,0.0000
0.0000,0.0000
0.0000,0.0000
0.0000,0.0000
0.0000,0.0000
0.0000,0.0000
0.0000,0.0000
0.0000,0.0000
0.0000,0.0000
0.0000,0.0000
0.0000,0.0000
0.0000,0.0000
0.0000,0.0000
0.0000,0.0000
0.0000,0.0000
0.0000,0.0000
0.0000,0.0000
0.0000,0.0000
0.0000,0.0000
0.0000,0.0000
0.0000,0.0000
0.0000,0.0000
0.0000,0.0000
0.0000,0.0000
0.0000,0.0000
0.0000,0.0000
0.0000,0.0000
0.0000,0.0000
0.0000,0.0000
0.0000,0.0000
0.0000,0.0000
0.0000,0.0000
0.0000,0.0000
0.0000,0.0000
0.0000,0.0000
0.0000,0.0000
0.0000,0.0000
0.0000,0.0000
0.0000,0.0000
0.0000,0.0000
0.0000,0.0000
0.0000,0.0000
0.0000,0.0000
0.0000,0.0000
0.0000,0.0000
0.0000,0.0000
0.0000,0.0000
0.0000,0.0000
0.0000,0.0000
0.0000,0.0000
0.0000,0.0000
0.0000,0.0000
0.0000,0.0000
0.0000,0.0000
0.0000,0.0000
0.0000,0.0000
0.0000,0.0000
0.0000,0.0000
0.0000,0.0000
0.0000,0.0000
0.0000,0.0000
0.0000,0.0000
0.0000,0.0000
0.0000,0.0000
0.0000,0.0000
0.0000,0.0000
0.0000,0.0000
0.0000,0.0000
0.0000,0.0000
0.0000,0.0000
0.0000,0.0000
0.0000,0.0000
0.0000,0.0000
0.0000,0.0000
0.0000,0.0000
0.0000,0.0000
0.0000,0.0000
0.0000,0.0000
0.0000,0.0000
0.0000,0.0000
0.0000,0.0000
0.0000,0.0000
0.0000,0.0000
0.0000,0.0000
0.0000,0.0000
0.0000,0.0000
0.0000,0.0000
0.0000,0.0000
0.0000,0.0000
0.0000,0.0000
0.0000,0.0000
0.0000,0.0000
0.0000,0.0000
0.0000,0.0000
0.0000,0.0000
0.0000,0.0000
0.0000,0.0000
0.0000,0.0000
0.0000,0.0000
0.0000,0.0000
0.0000,0.0000
0.0000,0.0000
0.0000,0.0000
0.0000,0.0000
0.0000,0.0000
0.0000,0.0000
0.0000,0.0000
0.0000,0.0000
0.0000,0.0000
0.0000,0.0000
0.0000,0.0000
0.0000,0.0000
0.0000,0.0000
0.0000,0.0000
0.0000,0.0000
0.0000,0.0000
0.0000,0.0000
0.0000,0.0000
0.0000,0.0000
0.0000,0.0000
0.0000,0.0000
0.0000,0.0000
0.0000,0.0000
0.0000,0.0000
0.0000,0.0000
0.0000,0.0000
0.0000,0.0000
0.0000,0.0000
0.0000,0.0000
0.0000,0.0000
0.0000,0.0000
0.0000,0.0000
0.0000,0.0000
0.0000,0.0000
0.0000,0.0000
0.0000,0.0000
0.0000,0.0000
0.0000,0.0000
0.0000,0.0000
0.0000,0.0000
0.0000,0.0000
0.0000,0.0000
0.0000,0.0000
0.0000,0.0000
0.0000,0.0000
0.0000,0.0000
0.0000,0.0000
0.0000,0.0000
0.0000,0.0000
0.0000,0.0000
0.0000,0.0000
0.0000,0.0000
0.0000,0.0000
0.0000,0.0000
0.0000,0.0000
0.0000,0.0000
0.0000,0.0000
0.0000,0.0000
0.0000,0.0000
0.0000,0.0000
0.0000,0.0000
0.0000,0.0000
0.0000,0.0000
0.0000,0.0000
0.0000,0.0000
0.0000,0.0000
0.0000,0.0000
0.0000,0.0000
0.0000,0.0000
0.0000,0.0000
0.0000,0.0000
0.0000,0.0000
0.0000,0.0000
0.0000,0.0000
0.0000,0.0000
0.0000,0.0000
0.0000,0.0000
0.0000,0.0000
0.0000,0.0000
0.0000,0.0000
0.0000,0.0000
0.0000,0.0000
0.0000,0.0000
0.0000,0.0000
0.0000,0.0000
0.0000,0.0000
0.0000,0.0000
0.0000,0.0000
0.0000,0.0000
0.0000,0.0000
0.0000,0.0000
0.0000,0.0000
0.0000,0.0000
0.0000,0.0000
0.0000,0.0000
0.0000,0.0000
0.0000,0.0000
0.0000,0.0000
0.0000,0.0000
0.0000,0.0000
0.0000,0.0000
0.0000,0.0000
0.0000,0.0000
0.0000,0.0000
0.0000,0.0000
0.0000,0.0000
0.0000,0.0000
0.0000,0.0000
0.0000,0.0000
0.0000,0.0000
0.0000,0.0000
0.0000,0.0000
0.0000,0.0000
0.0000,0.0000
0.0000,0.0000
0.0000,0.0000
0.0000,0.0000
0.0000,0.0000
0.0000,0.0000
0.0000,0.0000
0.0000,0.0000
0.0000,0.0000
0.0000,0.0000
0.0000,0.0000
0.0000,0.0000
0.0000,0.0000
0.0000,0.0000
0.0000,0.0000
0.0000,0.0000
0.0000,0.0000
0.0000,0.0000
0.0000,0.0000
0.0000,0.0000
0.0000,0.0000
0.0000,0.0000
0.0000,0.0000
0.0000,0.0000
0.0000,0.0000
0.0000,0.0000
0.0000,0.0000
0.0000,0.0000
0.0000,0.0000
0.0000,0.0000
0.0000,0.0000
0.0000,0.0000
0.0000,0.0000
0.0000,0.0000
0.0000,0.0000
0.0000,0.0000
0.0000,0.0000
0.0000,0.0000
0.0000,0.0000
0.0000,0.0000
0.0000,0.0000
0.0000,0.0000
0.0000,0.0000
0.0000,0.0000
0.0000,0.0000
0.0000,0.0000
0.0000,0.0000
0.0000,0.0000
0.0000,0.0000
0.0000,0.0000
0.0000,0.0000
0.0000,0.0000
0.0000,0.0000
0.0000,0.0000
0.0000,0.0000
0.0000,0.0000
0.0000,0.0000
0.0000,0.0000
0.0000,0.0000
0.0000,0.0000
0.0000,0.0000
0.0000,0.0000
0.0000,0.0000
0.0000,0.0000
0.0000,0.0000
0.0000,0.0000
0.0000,0.0000
0.0000,0.0000
0.0000,0.0000
0.0000,0.0000
0.0000,0.0000
0.0000,0.0000
0.0000,0.0000
0.0000,0.0000
0.0000,0.0000
0.0000,0.0000
0.0000,0.0000
0.0000,0.0000
0.0000,0.0000
0.0000,0.0000
0.0000,0.0000
0.0000,0.0000
0.0000,0.0000
0.0000,0.0000
0.0000,0.0000
0.0000,0.0000
0.0000,0.0000
0.0000,0.0000
0.0000,0.0000
0.0000,0.0000
0.0000,0.0000
0.0000,0.0000
0.0000,0.0000
0.0000,0.0000
0.0000,0.0000
0.0000,0.0000
0.0000,0.0000
0.0000,0.0000
0.0000,0.0000
0.0000,0.0000
0.0000,0.0000
0.0000,0.0000
0.0000,0.0000
0.0000,0.0000
0.0000,0.0000
0.0000,0.0000
0.0000,0.0000
0.0000,0.0000
0.0000,0.0000
0.0000,0.0000
0.0000,0.0000
0.0000,0.0000
0.0000,0.0000
0.0000,0.0000
0.0000,0.0000
0.0000,0.0000
0.0000,0.0000
0.0000,0.0000
0.0000,0.0000
0.0000,0.0000
0.0000,0.0000
0.0000,0.0000
0.0000,0.0000
0.0000,0.0000
0.0000,0.0000
0.0000,0.0000
0.0000,0.0000
0.0000,0.0000
0.0000,0.0000
0.0000,0.0000
0.0000,0.0000
0.0000,0.0000
0.0000,0.0000
0.0000,0.0000
0.0000,0.0000
0.0000,0.0000
0.0000,0.0000
0.0000,0.0000
0.0000,0.0000
0.0000,0.0000
0.0000,0.0000
0.0000,0.0000
0.0000,0.0000
0.0000,0.0000
0.0000,0.0000
0.0000,0.0000
0.0000,0.0000
0.0000,0.0000
0.0000,0.0000
0.0000,0.0000
0.0000,0.0000
0.0000,0.0000
0.0000,0.0000
0.0000,0.0000
0.0000,0.0000
0.0000,0.0000
0.0000,0.0000
0.0000,0.0000
0.0000,0.0000
0.0000,0.0000
0.0000,0.0000
0.0000,0.0000
0.0000,0.0000
0.0000,0.0000
0.0000,0.0000
0.0000,0.0000
0.0000,0.0000
0.0000,0.0000
0.0000,0.0000
0.0000,0.0000
0.0000,0.0000
0.0000,0.0000
0.0000,0.0000
0.0000,0.0000
0.0000,0.0000
0.0000,0.0000
0.0000,0.0000
0.0000,0.0000
0.0000,0.0000
0.0000,0.0000
0.0000,0.0000
0.0000,0.0000
0.0000,0.0000
0.0000,0.0000
0.0000,0.0000
0.0000,0.0000
0.0000,0.0000
0.0000,0.0000
0.0000,0.0000
0.0000,0.0000
0.0000,0.0000
0.0000,0.0000
0.0000,0.0000
0.0000,0.0000
0.0000,0.0000
0.0000,0.0000
0.0000,0.0000
0.0000,0.0000
0.0000,0.0000
0.0000,0.0000
0.0000,0.0000
0.0000,0.0000
0.0000,0.0000
0.0000,0.0000
0.0000,0.0000
0.0000,0.0000
0.0000,0.0000
0.0000,0.0000
0.0000,0.0000
0.0000,0.0000
0.0000,0.0000
0.0000,0.0000
0.0000,0.0000
0.0000,0.0000
0.0000,0.0000
0.0000,0.0000
0.0000,0.0000
0.0000,0.0000
0.0000,0.0000
0.0000,0.0000
0.0000,0.0000
0.0000,0.0000
0.0000,0.0000
0.0000,0.0000
0.0000,0.0000
0.0000,0.0000
0.0000,0.0000
0.0000,0.0000
0.0000,0.0000
0.0000,0.0000
0.0000,0.0000
0.0000,0.0000
0.0000,0.0000
0.0000,0.0000
0.0000,0.0000
0.0000,0.0000
0.0000,0.0000
0.0000,0.0000
0.0000,0.0000
0.0000,0.0000
0.0000,0.0000
0.0000,0.0000
0.0000,0.0000
0.0000,0.0000
0.0000,0.0000
0.0000,0.0000
0.0000,0.0000
0.0000,0.0000
0.0000,0.0000
0.0000,0.0000
0.0000,0.0000
0.0000,0.0000
0.0000,0.0000
0.0000,0.0000
0.0000,0.0000
0.0000,0.0000
0.0000,0.0000
0.0000,0.0000
0.0000,0.0000
0.0000,0.0000
0.0000,0.0000
0.0000,0.0000
0.0000,0.0000
0.0000,0.0000
0.0000,0.0000
0.0000,0.0000
0.0000,0.0000
0.0000,0.0000
0.0000,0.0000
0.0000,0.0000
0.0000,0.0000
0.0000,0.0000
0.0000,0.0000
0.0000,0.0000
0.0000,0.0000
0.0000,0.0000
0.0000,0.0000
0.0000,0.0000
0.0000,0.0000
0.0000,0.0000
0.0000,0.0000
0.0000,0.0000
-0.6156
-0.5970
-0.5299
-0.5143
-0.4047
-0.3948
-0.3345
-0.3232
-0.3212
-0.2859
-0.2770
-0.2408
-0.2380
-0.2321
-0.2150
-0.2092
-0.2085
-0.1874
-0.1847
-0.1659
-0.1656
-0.1554
-0.1507
-0.1349
-0.0959
-0.0959
-0.0526
-0.0498
-0.0403
-0.0334
-0.0207
-0.0179
-0.0178
-0.0121
0.0002
0.0025
0.0062
0.0105
0.0250
0.0336
0.0558
0.0574
0.0581
0.0656
0.0685
0.0745
0.0772
0.1233
0.1305
0.1336
0.1403
0.1404
0.1420
0.1440
0.1518
0.1723
0.1846
0.1856
0.1873
0.1886
0.1942
0.1954
0.1994
0.2073
0.2107
0.2151
0.2179
0.2254
0.2272
0.2310
0.2396
0.2438
0.2658
0.2770
0.2822
0.2876
0.2909
0.2914
0.2951
0.3144
0.3154
0.3206
0.3216
0.3216
0.3236
0.3242
0.3282
0.3318
0.3368
0.3427
0.3450
0.3476
0.3505
0.3606
0.3613
0.3679
0.3690
0.3705
0.3736
0.3816
0.3824
0.3916
0.3952
0.4160
0.4165
0.4169
0.4181
0.4194
0.4260
0.4297
0.4425
0.4438
0.4533
0.4593
0.4650
0.4682
0.4690
0.4694
0.4705
0.4716
0.4768
0.4875
0.4887
0.4899
0.4915
0.4923
0.4949
0.4956
0.4968
0.5055
0.5107
0.5114
0.5183
0.5197
0.5254
0.5310
0.5329
0.5509
0.5541
0.5587
0.5632
0.5758
0.5789
0.5797
0.5934
0.5942
0.5948
0.5971
0.5978
0.5991
0.6054
0.6111
0.6111
0.6138
0.6165
0.6172
0.6216
0.6248
0.6252
0.6303
0.6310
0.6318
0.6333
0.6363
0.6363
0.6424
0.6427
0.6431
0.6437
0.6526
0.6580
0.6628
0.6646
0.6647
0.6749
0.6752
0.6764
0.6775
0.6842
0.6856
0.6886
0.6942
0.7005
0.7037
0.7078
0.7084
0.7084
0.7117
0.7121
0.7132
0.7140
0.7241
0.7247
0.7300
0.7334
0.7400
0.7413
0.7422
0.7427
0.7433
0.7545
0.7548
0.7562
0.7585
0.7587
0.7610
0.7639
0.7670
0.7683
0.7707
0.7730
0.7744
0.7779
0.7796
0.7819
0.7880
0.7937
0.7971
0.7988
0.8060
0.8062
0.8066
0.8066
0.8109
0.8117
0.8124
0.8159
0.8182
0.8267
0.8279
0.8284
0.8287
0.8351
0.8374
0.8377
0.8378
0.8416
0.8427
0.8444
0.8453
0.8505
0.8530
0.8544
0.8681
0.8707
0.8713
0.8728
0.8730
0.8732
0.8775
0.8795
0.8820
0.8831
0.8841
0.8882
0.8904
0.8935
0.8957
0.8982
0.9074
0.9116
0.9137
0.9205
0.9223
0.9251
0.9291
0.9301
0.9339
0.9449
0.9453
0.9455
0.9468
0.9492
0.9498
0.9619
0.9655
0.9661
0.9695
0.9736
0.9744
0.9760
0.9761
0.9801
0.9810
0.9827
0.9835
0.9837
0.9849
0.9869
0.9900
0.9901
0.9903
0.9905
0.9919
0.9927
0.9935
0.9985
1.0018
1.0042
1.0116
1.0120
1.0127
1.0145
1.0154
1.0161
1.0176
1.0187
1.0263
1.0303
1.0352
1.0364
1.0364
1.0365
1.0369
1.0412
1.0425
1.0425
1.0455
1.0457
1.0484
1.0495
1.0522
1.0530
1.0589
1.0606
1.0635
1.0655
1.0680
1.0703
1.0725
1.0771
1.0773
1.0810
1.0821
1.0859
1.0863
1.0871
1.0952
1.1008
1.1012
1.1028
1.1069
1.1145
1.1188
1.1196
1.1200
1.1207
1.1212
1.1253
1.1290
1.1323
1.1358
1.1380
1.1413
1.1415
1.1492
1.1521
1.1540
1.1557
1.1579
1.1582
1.1590
1.1596
1.1610
1.1625
1.1678
1.1685
1.1721
1.1733
1.1733
1.1777
1.1815
1.1864
1.1925
1.1944
1.1970
1.1977
1.2038
1.2056
1.2080
1.2094
1.2117
1.2117
1.2125
1.2133
1.2239
1.2266
1.2267
1.2308
1.2328
1.2328
1.2372
1.2392
1.2395
1.2418
1.2442
1.2460
1.2483
1.2486
1.2490
1.2529
1.2552
1.2582
1.2592
1.2637
1.2641
1.2726
1.2746
1.2750
1.2785
1.2812
1.2834
1.2913
1.2930
1.2958
1.2965
1.2972
1.2997
1.3005
1.3017
1.3042
1.3061
1.3072
1.3078
1.3093
1.3121
1.3133
1.3162
1.3212
1.3212
1.3223
1.3228
1.3266
1.3295
1.3299
1.3312
1.3320
1.3329
1.3345
1.3375
1.3399
1.3469
1.3475
1.3479
1.3486
1.3489
1.3526
1.3528
1.3539
1.3550
1.3554
1.3582
1.3599
1.3615
1.3627
1.3661
1.3663
1.3692
1.3748
1.3769
1.3788
1.3795
1.3809
1.3810
1.3827
1.3875
1.3910
1.3935
1.3947
1.4036
1.4048
1.4048
1.4051
1.4059
1.4066
1.4149
1.4149
1.4163
1.4182
1.4183
1.4183
1.4233
1.4249
1.4252
1.4290
1.4355
1.4361
1.4387
1.4432
1.4474
1.4479
1.4481
1.4496
1.4515
1.4530
1.4531
1.4552
1.4565
1.4575
1.4593
1.4612
1.4632
1.4651
1.4695
1.4716
1.4718
1.4722
1.4753
1.4755
1.4780
1.4785
1.4788
1.4827
1.4828
1.4863
1.4893
1.4911
1.4911
1.4926
1.4928
1.4934
1.4946
1.4948
1.4959
1.4967
1.5009
1.5084
1.5095
1.5118
1.5131
1.5206
1.5283
1.5320
1.5331
1.5360
1.5366
1.5369
1.5405
1.5425
1.5437
1.5457
1.5495
1.5510
1.5519
1.5533
1.5535
1.5537
1.5538
1.5564
1.5576
1.5603
1.5605
1.5611
1.5617
1.5675
1.5681
1.5684
1.5692
1.5703
1.5736
1.5769
1.5791
1.5792
1.5804
1.5847
1.5880
1.5902
1.5907
1.5981
1.6016
1.6117
1.6124
1.6126
1.6131
1.6133
1.6221
1.6235
1.6235
1.6280
1.6281
1.6338
1.6364
1.6372
1.6399
1.6400
1.6411
1.6429
1.6535
1.6585
1.6601
1.6677
1.6719
1.6722
1.6730
1.6780
1.6786
1.6793
1.6810
1.6852
1.6872
1.6878
1.6882
1.6930
1.6934
1.6955
1.6959
1.7072
1.7086
1.7090
1.7113
1.7145
1.7169
1.7195
1.7210
1.7243
1.7331
1.7389
1.7390
1.7451
1.7520
1.7544
1.7558
1.7605
1.7616
1.7621
1.7622
1.7645
1.7659
1.7687
1.7723
1.7785
1.7823
1.7841
1.7853
1.7872
1.7893
1.7932
1.7935
1.7944
1.7966
1.7975
1.8004
1.8049
1.8077
1.8088
1.8133
1.8257
1.8258
1.8258
1.8262
1.8281
1.8332
1.8352
1.8366
1.8421
1.8462
1.8470
1.8491
1.8511
1.8529
1.8531
1.8708
1.8710
1.8712
1.8764
1.8766
1.8796
1.8816
1.8892
1.8892
1.8893
1.8893
1.8919
1.8928
1.8942
1.8965
1.9017
1.9021
1.9082
1.9087
1.9112
1.9152
1.9206
1.9238
1.9272
1.9282
1.9289
1.9300
1.9385
1.9454
1.9513
1.9545
1.9572
1.9575
1.9580
1.9582
1.9600
1.9645
1.9690
1.9707
1.9716
1.9746
1.9752
1.9827
1.9845
1.9860
1.9897
1.9929
1.9968
1.9971
1.9981
2.0022
2.0039
2.0058
2.0077
2.0092
2.0092
2.0093
2.0152
2.0153
2.0153
2.0169
2.0203
2.0207
2.0261
2.0263
2.0295
2.0358
2.0391
2.0421
2.0422
2.0472
2.0474
2.0556
2.0613
2.0625
2.0672
2.0730
2.0766
2.0885
2.0901
2.0922
2.0934
2.0980
2.0986
2.0988
2.1033
2.1041
2.1091
2.1093
2.1097
2.1099
2.1103
2.1132
2.1142
2.1153
2.1177
2.1195
2.1200
2.1216
2.1235
2.1275
2.1322
2.1394
2.1396
2.1409
2.1524
2.1536
2.1561
2.1569
2.1614
2.1619
2.1693
2.1721
2.1755
2.1769
2.1770
2.1774
2.1818
2.1823
2.1866
2.1941
2.1971
2.1984
2.1988
2.2057
2.2058
2.2071
2.2086
2.2139
2.2153
2.2156
2.2182
2.2223
2.2235
2.2270
2.2360
2.2376
2.2410
2.2416
2.2455
2.2502
2.2549
2.2611
2.2720
2.2748
2.2803
2.2842
2.2848
2.2919
2.2960
2.2969
2.3039
2.3047
2.3100
2.3163
2.3232
2.3347
2.3387
2.3576
2.3653
2.3669
2.3672
2.3696
2.3714
2.3827
2.3851
2.3872
2.3888
2.3935
2.3961
2.4000
2.4005
2.4183
2.4302
2.4320
2.4340
2.4350
2.4405
2.4433
2.4437
2.4453
2.4493
2.4558
2.4593
2.4707
2.4768
2.4866
2.4869
2.4920
2.4929
2.5043
2.5048
2.5105
2.5245
2.5283
2.5294
2.5349
2.5373
2.5396
2.5402
2.5543
2.5596
2.5605
2.5684
2.5803
2.5899
2.5933
2.5936
2.5966
2.5980
2.6005
2.6086
2.6103
2.6201
2.6220
2.6286
2.6300
2.6423
2.6633
2.6646
2.6733
2.6900
2.6926
2.6959
2.6990
2.6994
2.7073
2.7084
2.7111
2.7111
2.7386
2.7547
2.7593
2.7637
2.7769
2.7943
2.8047
2.8072
2.8148
2.8155
2.8186
2.8262
2.8278
2.8281
2.8519
2.8607
2.8747
2.8821
2.8830
2.8845
2.8897
2.8901
2.8906
2.8907
2.9248
2.9300
2.9479
2.9508
2.9560
2.9584
2.9613
2.9615
2.9627
2.9705
2.9749
2.9758
2.9841
2.9904
2.9989
3.0066
3.0263
3.0332
3.0353
3.0446
3.0454
3.0656
3.0719
3.1079
3.1096
3.1148
3.1210
3.1365
3.1481
3.1500
3.1528
3.1638
3.1645
3.1688
3.1810
3.1847
3.2270
3.2333
3.2396
3.2447
3.2490
3.2621
3.2666
3.2698
3.2758
3.2786
3.2915
3.2947
3.3013
3.3303
3.3579
3.3834
3.4188
3.4415
3.4570
3.4813
3.5004
3.6158
3.6331
3.6410
3.6552
3.6829
3.6861
3.7052
3.7101
3.7982
3.8605
3.8860
3.9079
3.9432
3.9831
4.0456
4.0481
4.0660
4.0667
4.0942
4.0969
4.1997
4.2803
4.3939
4.5524
4.5899
4.7108
5.0635
5.8173
