1000
1000
-1.7919,0.2242
-1.6989,0.2238
-1.4715,0.1700
-1.3127,0.1531
-1.1957,0.1453
-1.1059,0.1426
-1.0343,0.1407
-0.9758,0.1394
-0.9265,0.1381
-0.8840,0.1360
-0.8470,0.1338
-0.8143,0.1315
-0.7851,0.1291
-0.7587,0.1268
-0.7349,0.1248
-0.7133,0.1230
-0.6936,0.1212
-0.6754,0.1195
-0.6586,0.1180
-0.6433,0.1167
-0.6289,0.1155
-0.6156,0.1142
-0.6031,0.1131
-0.5914,0.1120
-0.5804,0.1109
-0.5701,0.1100
-0.5603,0.1090
-0.5510,0.1080
-0.5421,0.1070
-0.5337,0.1060
-0.5256,0.1051
-0.5180,0.1042
-0.5106,0.1033
-0.5035,0.1024
-0.4967,0.1015
-0.4901,0.1006
-0.4838,0.0997
-0.4777,0.0988
-0.4718,0.0979
-0.4662,0.0971
-0.4607,0.0963
-0.4554,0.0955
-0.4503,0.0946
-0.4453,0.0938
-0.4405,0.0929
-0.4358,0.0921
-0.4313,0.0913
-0.4269,0.0905
-0.4226,0.0898
-0.4185,0.0890
-0.4145,0.0883
-0.4106,0.0876
-0.4068,0.0869
-0.4031,0.0862
-0.3995,0.0855
-0.3960,0.0848
-0.3926,0.0841
-0.3892,0.0834
-0.3860,0.0827
-0.3828,0.0820
-0.3796,0.0813
-0.3766,0.0807
-0.3736,0.0800
-0.3707,0.0794
-0.3679,0.0788
-0.3651,0.0782
-0.3624,0.0776
-0.3598,0.0771
-0.3572,0.0765
-0.3546,0.0760
-0.3521,0.0755
-0.3497,0.0750
-0.3473,0.0745
-0.3450,0.0740
-0.3427,0.0735
-0.3405,0.0731
-0.3383,0.0726
-0.3362,0.0722
-0.3341,0.0718
-0.3320,0.0714
-0.3300,0.0709
-0.3280,0.0706
-0.3260,0.0702
-0.3241,0.0698
-0.3222,0.0694
-0.3204,0.0690
-0.3185,0.0687
-0.3167,0.0683
-0.3150,0.0680
-0.3132,0.0676
-0.3115,0.0673
-0.3098,0.0670
-0.3082,0.0666
-0.3066,0.0663
-0.3050,0.0660
-0.3034,0.0657
-0.3019,0.0655
-0.3004,0.0652
-0.2989,0.0649
-0.2974,0.0646
-0.2959,0.0643
-0.2945,0.0641
-0.2930,0.0638
-0.2916,0.0635
-0.2903,0.0633
-0.2889,0.0630
-0.2876,0.0627
-0.2862,0.0625
-0.2849,0.0623
-0.2836,0.0620
-0.2823,0.0618
-0.2811,0.0615
-0.2799,0.0613
-0.2786,0.0611
-0.2774,0.0609
-0.2762,0.0606
-0.2751,0.0604
-0.2739,0.0602
-0.2727,0.0600
-0.2716,0.0598
-0.2705,0.0596
-0.2694,0.0594
-0.2683,0.0592
-0.2672,0.0590
-0.2662,0.0588
-0.2651,0.0586
-0.2641,0.0584
-0.2630,0.0582
-0.2620,0.0580
-0.2610,0.0578
-0.2600,0.0576
-0.2590,0.0575
-0.2581,0.0573
-0.2571,0.0571
-0.2562,0.0569
-0.2552,0.0567
-0.2543,0.0565
-0.2534,0.0564
-0.2524,0.0562
-0.2515,0.0560
-0.2506,0.0558
-0.2498,0.0557
-0.2489,0.0555
-0.2480,0.0553
-0.2472,0.0551
-0.2463,0.0550
-0.2455,0.0548
-0.2446,0.0546
-0.2438,0.0545
-0.2430,0.0543
-0.2422,0.0541
-0.2414,0.0539
-0.2406,0.0538
-0.2398,0.0536
-0.2390,0.0535
-0.2382,0.0533
-0.2375,0.0531
-0.2367,0.0530
-0.2360,0.0528
-0.2352,0.0527
-0.2345,0.0525
-0.2338,0.0524
-0.2330,0.0522
-0.2323,0.0521
-0.2316,0.0519
-0.2309,0.0518
-0.2302,0.0516
-0.2295,0.0515
-0.2288,0.0513
-0.2282,0.0512
-0.2275,0.0511
-0.2268,0.0509
-0.2261,0.0508
-0.2255,0.0506
-0.2248,0.0505
-0.2242,0.0504
-0.2235,0.0502
-0.2229,0.0501
-0.2223,0.0500
-0.2216,0.0498
-0.2210,0.0497
-0.2204,0.0496
-0.2198,0.0494
-0.2192,0.0493
-0.2186,0.0492
-0.2180,0.0491
-0.2174,0.0489
-0.2168,0.0488
-0.2162,0.0487
-0.2157,0.0486
-0.2151,0.0485
-0.2145,0.0483
-0.2139,0.0482
-0.2134,0.0481
-0.2128,0.0480
-0.2123,0.0479
-0.2117,0.0478
-0.2112,0.0477
-0.2106,0.0475
-0.2101,0.0474
-0.2096,0.0473
-0.2090,0.0472
-0.2085,0.0471
-0.2080,0.0470
-0.2075,0.0469
-0.2070,0.0468
-0.2065,0.0467
-0.2060,0.0466
-0.2055,0.0465
-0.2050,0.0464
-0.2045,0.0462
-0.2040,0.0461
-0.2035,0.0460
-0.2030,0.0459
-0.2025,0.0458
-0.2020,0.0457
-0.2016,0.0456
-0.2011,0.0455
-0.2006,0.0454
-0.2002,0.0453
-0.1997,0.0452
-0.1993,0.0451
-0.1988,0.0450
-0.1983,0.0449
-0.1979,0.0448
-0.1974,0.0447
-0.1970,0.0446
-0.1966,0.0445
-0.1961,0.0444
-0.1957,0.0443
-0.1953,0.0442
-0.1948,0.0441
-0.1944,0.0440
-0.1940,0.0439
-0.1936,0.0438
-0.1931,0.0437
-0.1927,0.0436
-0.1923,0.0435
-0.1919,0.0434
-0.1915,0.0434
-0.1911,0.0433
-0.1907,0.0432
-0.1903,0.0431
-0.1899,0.0430
-0.1895,0.0429
-0.1891,0.0428
-0.1887,0.0427
-0.1883,0.0426
-0.1879,0.0425
-0.1875,0.0425
-0.1872,0.0424
-0.1868,0.0423
-0.1864,0.0422
-0.1860,0.0421
-0.1856,0.0420
-0.1853,0.0420
-0.1849,0.0419
-0.1845,0.0418
-0.1842,0.0417
-0.1838,0.0416
-0.1834,0.0415
-0.1831,0.0415
-0.1827,0.0414
-0.1824,0.0413
-0.1820,0.0412
-0.1816,0.0411
-0.1813,0.0411
-0.1809,0.0410
-0.1806,0.0409
-0.1803,0.0408
-0.1799,0.0407
-0.1796,0.0407
-0.1792,0.0406
-0.1789,0.0405
-0.1786,0.0404
-0.1782,0.0403
-0.1779,0.0403
-0.1775,0.0402
-0.1772,0.0401
-0.1769,0.0400
-0.1766,0.0399
-0.1762,0.0399
-0.1759,0.0398
-0.1756,0.0397
-0.1753,0.0396
-0.1749,0.0396
-0.1746,0.0395
-0.1743,0.0394
-0.1740,0.0393
-0.1737,0.0393
-0.1734,0.0392
-0.1731,0.0391
-0.1728,0.0391
-0.1725,0.0390
-0.1722,0.0389
-0.1718,0.0388
-0.1715,0.0388
-0.1712,0.0387
-0.1710,0.0386
-0.1707,0.0386
-0.1704,0.0385
-0.1701,0.0384
-0.1698,0.0384
-0.1695,0.0383
-0.1692,0.0382
-0.1689,0.0382
-0.1686,0.0381
-0.1683,0.0380
-0.1681,0.0380
-0.1678,0.0379
-0.1675,0.0379
-0.1672,0.0378
-0.1669,0.0377
-0.1667,0.0377
-0.1664,0.0376
-0.1661,0.0375
-0.1658,0.0375
-0.1656,0.0374
-0.1653,0.0374
-0.1650,0.0373
-0.1648,0.0372
-0.1645,0.0372
-0.1642,0.0371
-0.1640,0.0371
-0.1637,0.0370
-0.1634,0.0369
-0.1632,0.0369
-0.1629,0.0368
-0.1627,0.0368
-0.1624,0.0367
-0.1622,0.0366
-0.1619,0.0366
-0.1617,0.0365
-0.1614,0.0365
-0.1612,0.0364
-0.1609,0.0364
-0.1607,0.0363
-0.1604,0.0362
-0.1602,0.0362
-0.1599,0.0361
-0.1597,0.0361
-0.1594,0.0360
-0.1592,0.0360
-0.1589,0.0359
-0.1587,0.0359
-0.1585,0.0358
-0.1582,0.0358
-0.1580,0.0357
-0.1578,0.0356
-0.1575,0.0356
-0.1573,0.0355
-0.1571,0.0355
-0.1568,0.0354
-0.1566,0.0354
-0.1564,0.0353
-0.1561,0.0353
-0.1559,0.0352
-0.1557,0.0352
-0.1555,0.0351
-0.1552,0.0351
-0.1550,0.0350
-0.1548,0.0350
-0.1546,0.0349
-0.1543,0.0349
-0.1541,0.0348
-0.1539,0.0348
-0.1537,0.0347
-0.1535,0.0347
-0.1532,0.0346
-0.1530,0.0346
-0.1528,0.0345
-0.1526,0.0345
-0.1524,0.0344
-0.1522,0.0344
-0.1520,0.0343
-0.1518,0.0343
-0.1516,0.0343
-0.1513,0.0342
-0.1511,0.0342
-0.1509,0.0341
-0.1507,0.0341
-0.1505,0.0340
-0.1503,0.0340
-0.1501,0.0339
-0.1499,0.0339
-0.1497,0.0338
-0.1495,0.0338
-0.1493,0.0338
-0.1491,0.0337
-0.1489,0.0337
-0.1487,0.0336
-0.1485,0.0336
-0.1483,0.0335
-0.1481,0.0335
-0.1479,0.0335
-0.1478,0.0334
-0.1476,0.0334
-0.1474,0.0333
-0.1472,0.0333
-0.1470,0.0332
-0.1468,0.0332
-0.1466,0.0332
-0.1464,0.0331
-0.1462,0.0331
-0.1460,0.0330
-0.1459,0.0330
-0.1457,0.0329
-0.1455,0.0329
-0.1453,0.0329
-0.1451,0.0328
-0.1449,0.0328
-0.1448,0.0327
-0.1446,0.0327
-0.1444,0.0327
-0.1442,0.0326
-0.1440,0.0326
-0.1439,0.0326
-0.1437,0.0325
-0.1435,0.0325
-0.1433,0.0324
-0.1431,0.0324
-0.1430,0.0324
-0.1428,0.0323
-0.1426,0.0323
-0.1424,0.0322
-0.1423,0.0322
-0.1421,0.0322
-0.1419,0.0321
-0.1418,0.0321
-0.1416,0.0321
-0.1414,0.0320
-0.1412,0.0320
-0.1411,0.0319
-0.1409,0.0319
-0.1407,0.0319
-0.1406,0.0318
-0.1404,0.0318
-0.1402,0.0318
-0.1401,0.0317
-0.1399,0.0317
-0.1398,0.0317
-0.1396,0.0316
-0.1394,0.0316
-0.1393,0.0316
-0.1391,0.0315
-0.1389,0.0315
-0.1388,0.0315
-0.1386,0.0314
-0.1385,0.0314
-0.1383,0.0313
-0.1381,0.0313
-0.1380,0.0313
-0.1378,0.0312
-0.1377,0.0312
-0.1375,0.0312
-0.1374,0.0311
-0.1372,0.0311
-0.1371,0.0311
-0.1369,0.0310
-0.1367,0.0310
-0.1366,0.0310
-0.1364,0.0309
-0.1363,0.0309
-0.1361,0.0309
-0.1360,0.0309
-0.1358,0.0308
-0.1357,0.0308
-0.1355,0.0308
-0.1354,0.0307
-0.1352,0.0307
-0.1351,0.0307
-0.1349,0.0306
-0.1348,0.0306
-0.1346,0.0306
-0.1345,0.0305
-0.1343,0.0305
-0.1342,0.0305
-0.1341,0.0304
-0.1339,0.0304
-0.1338,0.0304
-0.1336,0.0303
-0.1335,0.0303
-0.1333,0.0303
-0.1332,0.0303
-0.1330,0.0302
-0.1329,0.0302
-0.1328,0.0302
-0.1326,0.0301
-0.1325,0.0301
-0.1323,0.0301
-0.1322,0.0300
-0.1321,0.0300
-0.1319,0.0300
-0.1318,0.0300
-0.1316,0.0299
-0.1315,0.0299
-0.1314,0.0299
-0.1312,0.0298
-0.1311,0.0298
-0.1310,0.0298
-0.1308,0.0298
-0.1307,0.0297
-0.1306,0.0297
-0.1304,0.0297
-0.1303,0.0296
-0.1302,0.0296
-0.1300,0.0296
-0.1299,0.0296
-0.1298,0.0295
-0.1296,0.0295
-0.1295,0.0295
-0.1294,0.0294
-0.1292,0.0294
-0.1291,0.0294
-0.1290,0.0294
-0.1288,0.0293
-0.1287,0.0293
-0.1286,0.0293
-0.1284,0.0293
-0.1283,0.0292
-0.1282,0.0292
-0.1281,0.0292
-0.1279,0.0291
-0.1278,0.0291
-0.1277,0.0291
-0.1276,0.0291
-0.1274,0.0290
-0.1273,0.0290
-0.1272,0.0290
-0.1271,0.0290
-0.1269,0.0289
-0.1268,0.0289
-0.1267,0.0289
-0.1266,0.0289
-0.1264,0.0288
-0.1263,0.0288
-0.1262,0.0288
-0.1261,0.0287
-0.1259,0.0287
-0.1258,0.0287
-0.1257,0.0287
-0.1256,0.0286
-0.1255,0.0286
-0.1253,0.0286
-0.1252,0.0286
-0.1251,0.0285
-0.1250,0.0285
-0.1249,0.0285
-0.1247,0.0285
-0.1246,0.0284
-0.1245,0.0284
-0.1244,0.0284
-0.1243,0.0284
-0.1242,0.0283
-0.1240,0.0283
-0.1239,0.0283
-0.1238,0.0283
-0.1237,0.0282
-0.1236,0.0282
-0.1235,0.0282
-0.1234,0.0282
-0.1232,0.0281
-0.1231,0.0281
-0.1230,0.0281
-0.1229,0.0281
-0.1228,0.0280
-0.1227,0.0280
-0.1226,0.0280
-0.1225,0.0280
-0.1223,0.0279
-0.1222,0.0279
-0.1221,0.0279
-0.1220,0.0279
-0.1219,0.0279
-0.1218,0.0278
-0.1217,0.0278
-0.1216,0.0278
-0.1215,0.0278
-0.1214,0.0277
-0.1212,0.0277
-0.1211,0.0277
-0.1210,0.0277
-0.1209,0.0276
-0.1208,0.0276
-0.1207,0.0276
-0.1206,0.0276
-0.1205,0.0276
-0.1204,0.0275
-0.1203,0.0275
-0.1202,0.0275
-0.1201,0.0275
-0.1200,0.0274
-0.1199,0.0274
-0.1198,0.0274
-0.1197,0.0274
-0.1195,0.0274
-0.1194,0.0273
-0.1193,0.0273
-0.1192,0.0273
-0.1191,0.0273
-0.1190,0.0273
-0.1189,0.0272
-0.1188,0.0272
-0.1187,0.0272
-0.1186,0.0272
-0.1185,0.0271
-0.1184,0.0271
-0.1183,0.0271
-0.1182,0.0271
-0.1181,0.0271
-0.1180,0.0270
-0.1179,0.0270
-0.1178,0.0270
-0.1177,0.0270
-0.1176,0.0270
-0.1175,0.0269
-0.1174,0.0269
-0.1173,0.0269
-0.1172,0.0269
-0.1171,0.0269
-0.1170,0.0268
-0.1169,0.0268
-0.1168,0.0268
-0.1167,0.0268
-0.1166,0.0268
-0.1166,0.0267
-0.1165,0.0267
-0.1164,0.0267
-0.1163,0.0267
-0.1162,0.0267
-0.1161,0.0266
-0.1160,0.0266
-0.1159,0.0266
-0.1158,0.0266
-0.1157,0.0266
-0.1156,0.0266
-0.1155,0.0265
-0.1154,0.0265
-0.1153,0.0265
-0.1152,0.0265
-0.1151,0.0265
-0.1150,0.0264
-0.1150,0.0264
-0.1149,0.0264
-0.1148,0.0264
-0.1147,0.0264
-0.1146,0.0264
-0.1145,0.0263
-0.1144,0.0263
-0.1143,0.0263
-0.1142,0.0263
-0.1141,0.0263
-0.1140,0.0262
-0.1140,0.0262
-0.1139,0.0262
-0.1138,0.0262
-0.1137,0.0262
-0.1136,0.0262
-0.1135,0.0261
-0.1134,0.0261
-0.1133,0.0261
-0.1132,0.0261
-0.1132,0.0261
-0.1131,0.0260
-0.1130,0.0260
-0.1129,0.0260
-0.1128,0.0260
-0.1127,0.0260
-0.1126,0.0260
-0.1126,0.0259
-0.1125,0.0259
-0.1124,0.0259
-0.1123,0.0259
-0.1122,0.0259
-0.1121,0.0259
-0.1120,0.0258
-0.1120,0.0258
-0.1119,0.0258
-0.1118,0.0258
-0.1117,0.0258
-0.1116,0.0258
-0.1115,0.0257
-0.1114,0.0257
-0.1114,0.0257
-0.1113,0.0257
-0.1112,0.0257
-0.1111,0.0257
-0.1110,0.0256
-0.1109,0.0256
-0.1109,0.0256
-0.1108,0.0256
-0.1107,0.0256
-0.1106,0.0256
-0.1105,0.0255
-0.1105,0.0255
-0.1104,0.0255
-0.1103,0.0255
-0.1102,0.0255
-0.1101,0.0255
-0.1100,0.0254
-0.1100,0.0254
-0.1099,0.0254
-0.1098,0.0254
-0.1097,0.0254
-0.1096,0.0254
-0.1096,0.0253
-0.1095,0.0253
-0.1094,0.0253
-0.1093,0.0253
-0.1092,0.0253
-0.1092,0.0253
-0.1091,0.0253
-0.1090,0.0252
-0.1089,0.0252
-0.1089,0.0252
-0.1088,0.0252
-0.1087,0.0252
-0.1086,0.0252
-0.1085,0.0251
-0.1085,0.0251
-0.1084,0.0251
-0.1083,0.0251
-0.1082,0.0251
-0.1082,0.0251
-0.1081,0.0250
-0.1080,0.0250
-0.1079,0.0250
-0.1078,0.0250
-0.1078,0.0250
-0.1077,0.0250
-0.1076,0.0250
-0.1075,0.0249
-0.1075,0.0249
-0.1074,0.0249
-0.1073,0.0249
-0.1072,0.0249
-0.1072,0.0249
-0.1071,0.0248
-0.1070,0.0248
-0.1069,0.0248
-0.1069,0.0248
-0.1068,0.0248
-0.1067,0.0248
-0.1066,0.0248
-0.1066,0.0247
-0.1065,0.0247
-0.1064,0.0247
-0.1063,0.0247
-0.1063,0.0247
-0.1062,0.0247
-0.1061,0.0246
-0.1060,0.0246
-0.1060,0.0246
-0.1059,0.0246
-0.1058,0.0246
-0.1058,0.0246
-0.1057,0.0246
-0.1056,0.0245
-0.1055,0.0245
-0.1055,0.0245
-0.1054,0.0245
-0.1053,0.0245
-0.1053,0.0245
-0.1052,0.0245
-0.1051,0.0244
-0.1050,0.0244
-0.1050,0.0244
-0.1049,0.0244
-0.1048,0.0244
-0.1048,0.0244
-0.1047,0.0244
-0.1046,0.0243
-0.1045,0.0243
-0.1045,0.0243
-0.1044,0.0243
-0.1043,0.0243
-0.1043,0.0243
-0.1042,0.0243
-0.1041,0.0242
-0.1041,0.0242
-0.1040,0.0242
-0.1039,0.0242
-0.1039,0.0242
-0.1038,0.0242
-0.1037,0.0242
-0.1036,0.0241
-0.1036,0.0241
-0.1035,0.0241
-0.1034,0.0241
-0.1034,0.0241
-0.1033,0.0241
-0.1032,0.0241
-0.1032,0.0240
-0.1031,0.0240
-0.1030,0.0240
-0.1030,0.0240
-0.1029,0.0240
-0.1028,0.0240
-0.1028,0.0240
-0.1027,0.0239
-0.1026,0.0239
-0.1026,0.0239
-0.1025,0.0239
-0.1024,0.0239
-0.1024,0.0239
-0.1023,0.0239
-0.1022,0.0239
-0.1022,0.0238
-0.1021,0.0238
-0.1020,0.0238
-0.1020,0.0238
-0.1019,0.0238
-0.1019,0.0238
-0.1018,0.0238
-0.1017,0.0237
-0.1017,0.0237
-0.1016,0.0237
-0.1015,0.0237
-0.1015,0.0237
-0.1014,0.0237
-0.1013,0.0237
-0.1013,0.0237
-0.1012,0.0236
-0.1012,0.0236
-0.1011,0.0236
-0.1010,0.0236
-0.1010,0.0236
-0.1009,0.0236
-0.1008,0.0236
-0.1008,0.0235
-0.1007,0.0235
-0.1006,0.0235
-0.1006,0.0235
-0.1005,0.0235
-0.1005,0.0235
-0.1004,0.0235
-0.1003,0.0235
-0.1003,0.0234
-0.1002,0.0234
-0.1001,0.0234
-0.1001,0.0234
-0.1000,0.0234
-0.1000,0.0234
-0.0999,0.0234
-0.0998,0.0234
-0.0998,0.0233
-0.0997,0.0233
-0.0997,0.0233
-0.0996,0.0233
-0.0995,0.0233
-0.0995,0.0233
-0.0994,0.0233
-0.0994,0.0233
-0.0993,0.0232
-0.0992,0.0232
-0.0992,0.0232
-0.0991,0.0232
-0.0991,0.0232
-0.0990,0.0232
-0.0989,0.0232
-0.0989,0.0232
-0.0988,0.0231
-0.0988,0.0231
-0.0987,0.0231
-0.0986,0.0231
-0.0986,0.0231
-0.0985,0.0231
-0.0985,0.0231
-0.0984,0.0231
-0.0983,0.0230
-0.0983,0.0230
-0.0982,0.0230
-0.0982,0.0230
-0.0981,0.0230
-0.0981,0.0230
-0.0980,0.0230
-0.0979,0.0230
-0.0979,0.0229
-0.0978,0.0229
-0.0978,0.0229
-0.0977,0.0229
-0.0977,0.0229
-0.0976,0.0229
-0.0975,0.0229
-0.0975,0.0229
-0.0974,0.0228
-0.0974,0.0228
-0.0973,0.0228
-0.0973,0.0228
-0.0972,0.0228
-0.0971,0.0228
-0.0971,0.0228
-0.0970,0.0228
-0.0970,0.0228
-0.0969,0.0227
-0.0969,0.0227
-0.0968,0.0227
-0.0967,0.0227
-0.0967,0.0227
-0.0966,0.0227
-0.0966,0.0227
-0.0965,0.0227
-0.0965,0.0226
-0.0964,0.0226
-0.0964,0.0226
-0.0963,0.0226
-0.0962,0.0226
-0.0962,0.0226
-0.0961,0.0226
-0.0961,0.0226
-0.0960,0.0226
-0.0960,0.0225
-0.0959,0.0225
-0.0959,0.0225
-0.0958,0.0225
-0.0958,0.0225
-0.0957,0.0225
-0.0956,0.0225
-0.0956,0.0225
-0.0955,0.0224
-0.0955,0.0224
-0.0954,0.0224
-0.0954,0.0224
-0.0953,0.0224
-0.0953,0.0224
-0.0952,0.0224
-0.0952,0.0224
-0.0951,0.0224
-0.0951,0.0223
-0.0950,0.0223
-0.0950,0.0223
-0.0949,0.0223
-0.0948,0.0223
-0.0948,0.0223
-0.0947,0.0223
-0.0947,0.0223
-0.0946,0.0223
-0.0946,0.0222
-0.0945,0.0222
-0.0945,0.0222
-0.0944,0.0222
-0.0944,0.0222
-0.0943,0.0222
-0.0943,0.0222
-0.0942,0.0222
-0.0942,0.0221
-0.0941,0.0221
-0.0941,0.0221
-0.0940,0.0221
-0.0940,0.0221
-0.0939,0.0221
-0.0939,0.0221
-0.0938,0.0221
-0.0938,0.0221
-0.0937,0.0220
-0.0937,0.0220
-0.0936,0.0220
-0.0935,0.0220
-0.0935,0.0220
-0.0934,0.0220
-0.0934,0.0220
-0.0933,0.0220
-0.0933,0.0220
-0.0932,0.0220
-0.0932,0.0219
-0.0931,0.0219
-0.0931,0.0219
-0.0930,0.0219
-0.0930,0.0219
-0.0929,0.0219
-0.0929,0.0219
-0.0928,0.0219
-0.0928,0.0219
-0.0927,0.0218
-0.0927,0.0218
-0.0926,0.0218
-0.0926,0.0218
-0.0925,0.0218
-0.0925,0.0218
-0.0924,0.0218
-0.0924,0.0218
-0.0924,0.0218
-0.0923,0.0217
-0.0923,0.0217
-0.0922,0.0217
-0.0922,0.0217
-0.0921,0.0217
-0.0921,0.0217
-0.0920,0.0217
-0.0920,0.0217
-0.0919,0.0217
-0.0919,0.0216
-0.0918,0.0216
-0.0918,0.0216
-0.0917,0.0216
-0.0917,0.0216
-0.0916,0.0216
-0.0916,0.0216
-0.0915,0.0216
-0.0915,0.0216
0.0955
0.2181
0.2710
0.2914
0.3036
0.3260
0.3334
0.3436
0.3890
0.4078
0.4155
0.4195
0.4226
0.4268
0.4291
0.4335
0.4337
0.4648
0.4658
0.4794
0.4795
0.4828
0.4935
0.4963
0.4986
0.5087
0.5089
0.5145
0.5430
0.5456
0.5530
0.5706
0.5851
0.5852
0.5913
0.6083
0.6120
0.6179
0.6186
0.6187
0.6280
0.6333
0.6409
0.6645
0.6662
0.6730
0.6813
0.6882
0.6988
0.7031
0.7053
0.7067
0.7108
0.7119
0.7310
0.7341
0.7343
0.7381
0.7424
0.7465
0.7465
0.7474
0.7482
0.7486
0.7507
0.7618
0.7681
0.7703
0.7734
0.7739
0.7815
0.7832
0.7893
0.7913
0.7930
0.7957
0.8037
0.8041
0.8104
0.8117
0.8128
0.8149
0.8218
0.8281
0.8289
0.8290
0.8317
0.8325
0.8342
0.8374
0.8386
0.8398
0.8481
0.8537
0.8610
0.8626
0.8633
0.8647
0.8650
0.8662
0.8680
0.8748
0.8785
0.8793
0.8831
0.8988
0.9034
0.9046
0.9116
0.9134
0.9204
0.9206
0.9208
0.9221
0.9228
0.9239
0.9264
0.9267
0.9269
0.9279
0.9312
0.9368
0.9381
0.9389
0.9405
0.9410
0.9415
0.9450
0.9460
0.9517
0.9532
0.9548
0.9561
0.9578
0.9583
0.9596
0.9635
0.9645
0.9651
0.9662
0.9686
0.9694
0.9700
0.9705
0.9737
0.9755
0.9778
0.9778
0.9808
0.9858
0.9867
0.9872
0.9874
0.9884
0.9887
0.9937
0.9948
0.9954
1.0027
1.0030
1.0078
1.0111
1.0127
1.0162
1.0178
1.0179
1.0182
1.0194
1.0205
1.0214
1.0232
1.0256
1.0280
1.0308
1.0312
1.0320
1.0334
1.0359
1.0375
1.0379
1.0425
1.0433
1.0436
1.0471
1.0489
1.0512
1.0540
1.0545
1.0546
1.0549
1.0604
1.0618
1.0634
1.0642
1.0643
1.0646
1.0661
1.0666
1.0698
1.0730
1.0732
1.0757
1.0768
1.0778
1.0801
1.0839
1.0841
1.0843
1.0851
1.0873
1.0884
1.0900
1.0934
1.0944
1.1022
1.1050
1.1071
1.1076
1.1084
1.1097
1.1128
1.1132
1.1139
1.1140
1.1160
1.1161
1.1161
1.1165
1.1170
1.1176
1.1182
1.1222
1.1230
1.1241
1.1259
1.1279
1.1282
1.1286
1.1324
1.1335
1.1423
1.1432
1.1432
1.1474
1.1492
1.1495
1.1511
1.1511
1.1522
1.1526
1.1624
1.1655
1.1657
1.1678
1.1685
1.1689
1.1690
1.1718
1.1724
1.1745
1.1759
1.1761
1.1769
1.1793
1.1817
1.1818
1.1833
1.1856
1.1880
1.1893
1.1913
1.1931
1.1936
1.1941
1.1944
1.1948
1.1973
1.1982
1.1987
1.1989
1.2002
1.2073
1.2079
1.2097
1.2117
1.2131
1.2248
1.2264
1.2269
1.2275
1.2352
1.2378
1.2403
1.2403
1.2414
1.2422
1.2466
1.2471
1.2493
1.2525
1.2532
1.2539
1.2543
1.2548
1.2555
1.2567
1.2571
1.2581
1.2598
1.2603
1.2625
1.2655
1.2660
1.2675
1.2676
1.2684
1.2695
1.2763
1.2764
1.2783
1.2791
1.2795
1.2810
1.2811
1.2821
1.2831
1.2843
1.2855
1.2861
1.2866
1.2876
1.2880
1.2912
1.2923
1.2929
1.2940
1.2956
1.2967
1.2987
1.3023
1.3037
1.3045
1.3053
1.3056
1.3084
1.3093
1.3096
1.3114
1.3139
1.3153
1.3181
1.3221
1.3340
1.3344
1.3361
1.3361
1.3400
1.3402
1.3403
1.3421
1.3431
1.3437
1.3452
1.3456
1.3470
1.3496
1.3515
1.3539
1.3558
1.3565
1.3575
1.3594
1.3636
1.3674
1.3696
1.3697
1.3710
1.3715
1.3753
1.3756
1.3761
1.3790
1.3796
1.3801
1.3813
1.3828
1.3844
1.3848
1.3871
1.3913
1.3915
1.3933
1.3966
1.3968
1.3985
1.3995
1.3998
1.4065
1.4090
1.4100
1.4108
1.4124
1.4136
1.4144
1.4168
1.4177
1.4181
1.4181
1.4197
1.4207
1.4212
1.4216
1.4223
1.4275
1.4283
1.4287
1.4288
1.4347
1.4361
1.4366
1.4372
1.4394
1.4397
1.4430
1.4440
1.4441
1.4456
1.4469
1.4482
1.4495
1.4499
1.4509
1.4523
1.4542
1.4551
1.4551
1.4563
1.4576
1.4578
1.4626
1.4628
1.4633
1.4639
1.4640
1.4654
1.4664
1.4678
1.4690
1.4695
1.4799
1.4807
1.4813
1.4829
1.4834
1.4851
1.4852
1.4853
1.4857
1.4857
1.4861
1.4862
1.4880
1.4922
1.4940
1.4945
1.4960
1.4963
1.4969
1.5010
1.5022
1.5036
1.5039
1.5042
1.5052
1.5055
1.5066
1.5082
1.5085
1.5093
1.5119
1.5126
1.5127
1.5131
1.5166
1.5226
1.5257
1.5267
1.5287
1.5290
1.5297
1.5347
1.5360
1.5363
1.5373
1.5377
1.5377
1.5411
1.5413
1.5423
1.5423
1.5480
1.5487
1.5495
1.5500
1.5501
1.5512
1.5530
1.5530
1.5534
1.5545
1.5550
1.5566
1.5566
1.5581
1.5586
1.5592
1.5593
1.5600
1.5611
1.5639
1.5639
1.5644
1.5665
1.5696
1.5710
1.5722
1.5728
1.5735
1.5735
1.5738
1.5741
1.5747
1.5764
1.5772
1.5792
1.5804
1.5807
1.5811
1.5838
1.5844
1.5845
1.5876
1.5877
1.5883
1.5887
1.5901
1.5910
1.5922
1.5938
1.5959
1.5963
1.5964
1.5972
1.5981
1.6002
1.6011
1.6017
1.6041
1.6134
1.6140
1.6178
1.6186
1.6192
1.6220
1.6244
1.6246
1.6252
1.6271
1.6285
1.6286
1.6293
1.6301
1.6307
1.6385
1.6393
1.6408
1.6428
1.6451
1.6477
1.6518
1.6549
1.6582
1.6591
1.6606
1.6623
1.6640
1.6662
1.6672
1.6677
1.6684
1.6719
1.6731
1.6736
1.6765
1.6771
1.6776
1.6781
1.6781
1.6781
1.6782
1.6808
1.6820
1.6821
1.6840
1.6846
1.6853
1.6858
1.6869
1.6878
1.6881
1.6919
1.6922
1.6982
1.7026
1.7033
1.7050
1.7071
1.7072
1.7082
1.7088
1.7099
1.7125
1.7140
1.7169
1.7183
1.7184
1.7190
1.7204
1.7223
1.7238
1.7245
1.7247
1.7258
1.7309
1.7336
1.7352
1.7363
1.7370
1.7385
1.7411
1.7435
1.7502
1.7517
1.7550
1.7551
1.7571
1.7612
1.7632
1.7676
1.7687
1.7731
1.7733
1.7736
1.7737
1.7827
1.7846
1.7863
1.7883
1.7913
1.7914
1.7916
1.7919
1.7946
1.7995
1.7996
1.8014
1.8014
1.8071
1.8146
1.8261
1.8311
1.8333
1.8337
1.8356
1.8409
1.8410
1.8438
1.8447
1.8461
1.8472
1.8486
1.8491
1.8492
1.8495
1.8513
1.8516
1.8552
1.8562
1.8565
1.8587
1.8592
1.8623
1.8624
1.8651
1.8658
1.8662
1.8700
1.8700
1.8732
1.8733
1.8748
1.8790
1.8809
1.8819
1.8840
1.8862
1.8863
1.8903
1.8939
1.8960
1.8980
1.9040
1.9078
1.9112
1.9114
1.9140
1.9173
1.9195
1.9198
1.9210
1.9212
1.9231
1.9262
1.9303
1.9312
1.9322
1.9348
1.9368
1.9380
1.9388
1.9414
1.9426
1.9427
1.9427
1.9428
1.9449
1.9466
1.9470
1.9492
1.9544
1.9579
1.9580
1.9582
1.9599
1.9608
1.9621
1.9630
1.9657
1.9674
1.9698
1.9713
1.9717
1.9745
1.9758
1.9769
1.9772
1.9773
1.9775
1.9807
1.9833
1.9844
1.9876
1.9910
1.9915
1.9933
1.9933
1.9961
1.9983
1.9987
1.9992
2.0009
2.0026
2.0033
2.0041
2.0046
2.0079
2.0096
2.0099
2.0112
2.0127
2.0158
2.0164
2.0173
2.0190
2.0191
2.0209
2.0274
2.0315
2.0418
2.0491
2.0506
2.0518
2.0546
2.0569
2.0582
2.0608
2.0614
2.0632
2.0655
2.0666
2.0695
2.0717
2.0721
2.0723
2.0743
2.0767
2.0775
2.0783
2.0786
2.0800
2.0825
2.0848
2.0848
2.0863
2.0884
2.0955
2.0998
2.1002
2.1013
2.1025
2.1027
2.1029
2.1046
2.1083
2.1089
2.1114
2.1156
2.1199
2.1324
2.1330
2.1339
2.1345
2.1359
2.1361
2.1365
2.1370
2.1399
2.1437
2.1481
2.1494
2.1499
2.1604
2.1623
2.1700
2.1719
2.1735
2.1739
2.1816
2.1952
2.1976
2.2002
2.2029
2.2064
2.2086
2.2108
2.2138
2.2157
2.2169
2.2280
2.2290
2.2305
2.2312
2.2317
2.2416
2.2424
2.2425
2.2441
2.2448
2.2482
2.2506
2.2567
2.2662
2.2664
2.2674
2.2678
2.2689
2.2700
2.2704
2.2707
2.2774
2.2806
2.2815
2.2905
2.2984
2.3031
2.3047
2.3055
2.3074
2.3102
2.3159
2.3166
2.3175
2.3185
2.3209
2.3237
2.3246
2.3261
2.3444
2.3456
2.3489
2.3549
2.3640
2.3642
2.3694
2.3737
2.3827
2.3851
2.3974
2.4000
2.4001
2.4004
2.4005
2.4039
2.4079
2.4090
2.4189
2.4198
2.4250
2.4260
2.4267
2.4312
2.4329
2.4343
2.4431
2.4444
2.4644
2.4691
2.4707
2.4735
2.4832
2.4979
2.4993
2.5065
2.5130
2.5135
2.5345
2.5366
2.5426
2.5441
2.5444
2.5474
2.5605
2.5645
2.5760
2.5783
2.5847
2.5897
2.5926
2.6215
2.6217
2.6276
2.6277
2.6365
2.6570
2.6620
2.6679
2.6695
2.6784
2.6835
2.6854
2.6866
2.6944
2.6948
2.7009
2.7171
2.7253
2.7297
2.7482
2.7644
2.7748
2.7833
2.7868
2.7985
2.8113
2.8270
2.8365
2.8374
2.8376
2.8543
2.8566
2.8703
2.8795
2.8984
2.9388
2.9441
2.9643
2.9765
2.9777
2.9883
2.9938
3.0230
3.0359
3.0612
3.0967
3.1334
3.1398
3.1820
3.2250
3.4665
3.5186
