1000
1000
-1.8174,0.2281
-1.7257,0.2298
-1.4975,0.1775
-1.3420,0.1643
-1.2261,0.1573
-1.1352,0.1528
-1.0616,0.1498
-1.0009,0.1472
-0.9498,0.1445
-0.9060,0.1420
-0.8679,0.1398
-0.8346,0.1379
-0.8052,0.1361
-0.7787,0.1342
-0.7546,0.1323
-0.7326,0.1303
-0.7124,0.1284
-0.6937,0.1266
-0.6764,0.1250
-0.6604,0.1233
-0.6455,0.1216
-0.6314,0.1199
-0.6184,0.1184
-0.6060,0.1168
-0.5944,0.1153
-0.5835,0.1139
-0.5732,0.1126
-0.5635,0.1114
-0.5543,0.1102
-0.5456,0.1091
-0.5372,0.1080
-0.5292,0.1069
-0.5216,0.1059
-0.5143,0.1048
-0.5073,0.1038
-0.5006,0.1028
-0.4941,0.1018
-0.4878,0.1008
-0.4819,0.0998
-0.4761,0.0990
-0.4706,0.0981
-0.4652,0.0972
-0.4601,0.0964
-0.4551,0.0956
-0.4502,0.0948
-0.4455,0.0940
-0.4410,0.0933
-0.4366,0.0926
-0.4323,0.0919
-0.4282,0.0913
-0.4242,0.0906
-0.4204,0.0900
-0.4166,0.0895
-0.4129,0.0889
-0.4093,0.0883
-0.4058,0.0878
-0.4024,0.0872
-0.3990,0.0866
-0.3958,0.0861
-0.3926,0.0855
-0.3895,0.0850
-0.3865,0.0845
-0.3835,0.0840
-0.3806,0.0835
-0.3778,0.0830
-0.3750,0.0825
-0.3723,0.0820
-0.3696,0.0815
-0.3670,0.0811
-0.3644,0.0806
-0.3619,0.0801
-0.3595,0.0797
-0.3571,0.0793
-0.3547,0.0788
-0.3524,0.0784
-0.3502,0.0779
-0.3480,0.0775
-0.3458,0.0771
-0.3436,0.0767
-0.3415,0.0763
-0.3395,0.0759
-0.3374,0.0755
-0.3354,0.0751
-0.3335,0.0747
-0.3315,0.0743
-0.3296,0.0739
-0.3277,0.0735
-0.3259,0.0732
-0.3240,0.0728
-0.3223,0.0724
-0.3205,0.0720
-0.3187,0.0717
-0.3170,0.0713
-0.3153,0.0709
-0.3137,0.0706
-0.3120,0.0702
-0.3104,0.0699
-0.3089,0.0696
-0.3073,0.0692
-0.3058,0.0689
-0.3043,0.0686
-0.3028,0.0683
-0.3014,0.0680
-0.2999,0.0676
-0.2985,0.0674
-0.2971,0.0671
-0.2958,0.0668
-0.2944,0.0665
-0.2931,0.0662
-0.2917,0.0659
-0.2904,0.0656
-0.2891,0.0653
-0.2878,0.0651
-0.2866,0.0648
-0.2853,0.0645
-0.2841,0.0643
-0.2829,0.0640
-0.2817,0.0638
-0.2805,0.0635
-0.2793,0.0633
-0.2782,0.0630
-0.2770,0.0628
-0.2759,0.0625
-0.2748,0.0623
-0.2737,0.0621
-0.2726,0.0618
-0.2716,0.0616
-0.2705,0.0614
-0.2695,0.0612
-0.2684,0.0609
-0.2674,0.0607
-0.2664,0.0605
-0.2654,0.0603
-0.2644,0.0601
-0.2634,0.0599
-0.2625,0.0597
-0.2615,0.0594
-0.2606,0.0592
-0.2596,0.0590
-0.2587,0.0588
-0.2578,0.0586
-0.2569,0.0584
-0.2560,0.0582
-0.2551,0.0580
-0.2542,0.0578
-0.2534,0.0576
-0.2525,0.0574
-0.2517,0.0572
-0.2508,0.0571
-0.2500,0.0569
-0.2491,0.0567
-0.2483,0.0565
-0.2475,0.0563
-0.2467,0.0561
-0.2459,0.0559
-0.2451,0.0558
-0.2443,0.0556
-0.2435,0.0554
-0.2428,0.0552
-0.2420,0.0550
-0.2413,0.0549
-0.2405,0.0547
-0.2398,0.0545
-0.2390,0.0543
-0.2383,0.0542
-0.2376,0.0540
-0.2369,0.0538
-0.2362,0.0537
-0.2355,0.0535
-0.2348,0.0534
-0.2341,0.0532
-0.2334,0.0530
-0.2327,0.0529
-0.2320,0.0527
-0.2314,0.0526
-0.2307,0.0524
-0.2301,0.0523
-0.2294,0.0521
-0.2288,0.0520
-0.2281,0.0518
-0.2275,0.0517
-0.2269,0.0516
-0.2263,0.0514
-0.2256,0.0513
-0.2250,0.0511
-0.2244,0.0510
-0.2238,0.0509
-0.2232,0.0507
-0.2226,0.0506
-0.2221,0.0505
-0.2215,0.0504
-0.2209,0.0502
-0.2203,0.0501
-0.2198,0.0500
-0.2192,0.0499
-0.2187,0.0497
-0.2181,0.0496
-0.2176,0.0495
-0.2170,0.0494
-0.2165,0.0493
-0.2159,0.0492
-0.2154,0.0490
-0.2149,0.0489
-0.2144,0.0488
-0.2138,0.0487
-0.2133,0.0486
-0.2128,0.0485
-0.2123,0.0484
-0.2118,0.0483
-0.2113,0.0482
-0.2108,0.0481
-0.2103,0.0479
-0.2098,0.0478
-0.2093,0.0477
-0.2088,0.0476
-0.2083,0.0475
-0.2078,0.0474
-0.2074,0.0473
-0.2069,0.0472
-0.2064,0.0471
-0.2060,0.0470
-0.2055,0.0469
-0.2050,0.0468
-0.2046,0.0467
-0.2041,0.0466
-0.2037,0.0465
-0.2032,0.0464
-0.2028,0.0463
-0.2023,0.0462
-0.2019,0.0462
-0.2015,0.0461
-0.2010,0.0460
-0.2006,0.0459
-0.2002,0.0458
-0.1997,0.0457
-0.1993,0.0456
-0.1989,0.0455
-0.1985,0.0454
-0.1980,0.0453
-0.1976,0.0453
-0.1972,0.0452
-0.1968,0.0451
-0.1964,0.0450
-0.1960,0.0449
-0.1956,0.0448
-0.1952,0.0447
-0.1948,0.0447
-0.1944,0.0446
-0.1940,0.0445
-0.1936,0.0444
-0.1932,0.0443
-0.1928,0.0442
-0.1924,0.0441
-0.1921,0.0441
-0.1917,0.0440
-0.1913,0.0439
-0.1909,0.0438
-0.1906,0.0437
-0.1902,0.0436
-0.1898,0.0436
-0.1894,0.0435
-0.1891,0.0434
-0.1887,0.0433
-0.1883,0.0432
-0.1880,0.0432
-0.1876,0.0431
-0.1873,0.0430
-0.1869,0.0429
-0.1866,0.0428
-0.1862,0.0428
-0.1859,0.0427
-0.1855,0.0426
-0.1852,0.0425
-0.1848,0.0425
-0.1845,0.0424
-0.1842,0.0423
-0.1838,0.0422
-0.1835,0.0422
-0.1832,0.0421
-0.1828,0.0420
-0.1825,0.0419
-0.1822,0.0419
-0.1818,0.0418
-0.1815,0.0417
-0.1812,0.0417
-0.1809,0.0416
-0.1806,0.0415
-0.1802,0.0415
-0.1799,0.0414
-0.1796,0.0413
-0.1793,0.0413
-0.1790,0.0412
-0.1787,0.0411
-0.1784,0.0411
-0.1780,0.0410
-0.1777,0.0409
-0.1774,0.0409
-0.1771,0.0408
-0.1768,0.0407
-0.1765,0.0407
-0.1762,0.0406
-0.1759,0.0405
-0.1756,0.0405
-0.1753,0.0404
-0.1750,0.0403
-0.1748,0.0403
-0.1745,0.0402
-0.1742,0.0401
-0.1739,0.0401
-0.1736,0.0400
-0.1733,0.0400
-0.1730,0.0399
-0.1728,0.0398
-0.1725,0.0398
-0.1722,0.0397
-0.1719,0.0396
-0.1716,0.0396
-0.1714,0.0395
-0.1711,0.0395
-0.1708,0.0394
-0.1705,0.0393
-0.1703,0.0393
-0.1700,0.0392
-0.1697,0.0392
-0.1695,0.0391
-0.1692,0.0390
-0.1689,0.0390
-0.1687,0.0389
-0.1684,0.0389
-0.1681,0.0388
-0.1679,0.0388
-0.1676,0.0387
-0.1674,0.0386
-0.1671,0.0386
-0.1669,0.0385
-0.1666,0.0385
-0.1663,0.0384
-0.1661,0.0384
-0.1658,0.0383
-0.1656,0.0383
-0.1653,0.0382
-0.1651,0.0381
-0.1649,0.0381
-0.1646,0.0380
-0.1644,0.0380
-0.1641,0.0379
-0.1639,0.0379
-0.1636,0.0378
-0.1634,0.0378
-0.1632,0.0377
-0.1629,0.0377
-0.1627,0.0376
-0.1625,0.0376
-0.1622,0.0375
-0.1620,0.0375
-0.1618,0.0374
-0.1615,0.0374
-0.1613,0.0373
-0.1611,0.0373
-0.1608,0.0372
-0.1606,0.0372
-0.1604,0.0371
-0.1602,0.0371
-0.1599,0.0370
-0.1597,0.0370
-0.1595,0.0369
-0.1593,0.0369
-0.1590,0.0368
-0.1588,0.0368
-0.1586,0.0367
-0.1584,0.0367
-0.1582,0.0366
-0.1579,0.0366
-0.1577,0.0366
-0.1575,0.0365
-0.1573,0.0365
-0.1571,0.0364
-0.1569,0.0364
-0.1567,0.0363
-0.1564,0.0363
-0.1562,0.0362
-0.1560,0.0362
-0.1558,0.0361
-0.1556,0.0361
-0.1554,0.0361
-0.1552,0.0360
-0.1550,0.0360
-0.1548,0.0359
-0.1546,0.0359
-0.1544,0.0358
-0.1542,0.0358
-0.1540,0.0357
-0.1538,0.0357
-0.1536,0.0357
-0.1534,0.0356
-0.1532,0.0356
-0.1530,0.0355
-0.1528,0.0355
-0.1526,0.0355
-0.1524,0.0354
-0.1522,0.0354
-0.1520,0.0353
-0.1518,0.0353
-0.1516,0.0353
-0.1514,0.0352
-0.1512,0.0352
-0.1510,0.0351
-0.1509,0.0351
-0.1507,0.0351
-0.1505,0.0350
-0.1503,0.0350
-0.1501,0.0349
-0.1499,0.0349
-0.1497,0.0349
-0.1496,0.0348
-0.1494,0.0348
-0.1492,0.0348
-0.1490,0.0347
-0.1488,0.0347
-0.1486,0.0346
-0.1485,0.0346
-0.1483,0.0346
-0.1481,0.0345
-0.1479,0.0345
-0.1477,0.0345
-0.1476,0.0344
-0.1474,0.0344
-0.1472,0.0343
-0.1470,0.0343
-0.1469,0.0343
-0.1467,0.0342
-0.1465,0.0342
-0.1463,0.0342
-0.1462,0.0341
-0.1460,0.0341
-0.1458,0.0341
-0.1457,0.0340
-0.1455,0.0340
-0.1453,0.0340
-0.1452,0.0339
-0.1450,0.0339
-0.1448,0.0338
-0.1447,0.0338
-0.1445,0.0338
-0.1443,0.0337
-0.1442,0.0337
-0.1440,0.0337
-0.1438,0.0336
-0.1437,0.0336
-0.1435,0.0336
-0.1433,0.0335
-0.1432,0.0335
-0.1430,0.0335
-0.1429,0.0334
-0.1427,0.0334
-0.1425,0.0334
-0.1424,0.0333
-0.1422,0.0333
-0.1421,0.0333
-0.1419,0.0332
-0.1417,0.0332
-0.1416,0.0332
-0.1414,0.0331
-0.1413,0.0331
-0.1411,0.0331
-0.1410,0.0331
-0.1408,0.0330
-0.1407,0.0330
-0.1405,0.0330
-0.1404,0.0329
-0.1402,0.0329
-0.1401,0.0329
-0.1399,0.0328
-0.1397,0.0328
-0.1396,0.0328
-0.1394,0.0327
-0.1393,0.0327
-0.1392,0.0327
-0.1390,0.0326
-0.1389,0.0326
-0.1387,0.0326
-0.1386,0.0325
-0.1384,0.0325
-0.1383,0.0325
-0.1381,0.0325
-0.1380,0.0324
-0.1378,0.0324
-0.1377,0.0324
-0.1375,0.0323
-0.1374,0.0323
-0.1373,0.0323
-0.1371,0.0322
-0.1370,0.0322
-0.1368,0.0322
-0.1367,0.0322
-0.1365,0.0321
-0.1364,0.0321
-0.1363,0.0321
-0.1361,0.0320
-0.1360,0.0320
-0.1358,0.0320
-0.1357,0.0320
-0.1356,0.0319
-0.1354,0.0319
-0.1353,0.0319
-0.1352,0.0318
-0.1350,0.0318
-0.1349,0.0318
-0.1347,0.0318
-0.1346,0.0317
-0.1345,0.0317
-0.1343,0.0317
-0.1342,0.0316
-0.1341,0.0316
-0.1339,0.0316
-0.1338,0.0316
-0.1337,0.0315
-0.1335,0.0315
-0.1334,0.0315
-0.1333,0.0314
-0.1331,0.0314
-0.1330,0.0314
-0.1329,0.0314
-0.1327,0.0313
-0.1326,0.0313
-0.1325,0.0313
-0.1324,0.0313
-0.1322,0.0312
-0.1321,0.0312
-0.1320,0.0312
-0.1318,0.0311
-0.1317,0.0311
-0.1316,0.0311
-0.1315,0.0311
-0.1313,0.0310
-0.1312,0.0310
-0.1311,0.0310
-0.1310,0.0309
-0.1308,0.0309
-0.1307,0.0309
-0.1306,0.0309
-0.1305,0.0308
-0.1303,0.0308
-0.1302,0.0308
-0.1301,0.0308
-0.1300,0.0307
-0.1298,0.0307
-0.1297,0.0307
-0.1296,0.0307
-0.1295,0.0306
-0.1293,0.0306
-0.1292,0.0306
-0.1291,0.0305
-0.1290,0.0305
-0.1289,0.0305
-0.1287,0.0305
-0.1286,0.0304
-0.1285,0.0304
-0.1284,0.0304
-0.1283,0.0304
-0.1282,0.0303
-0.1280,0.0303
-0.1279,0.0303
-0.1278,0.0303
-0.1277,0.0302
-0.1276,0.0302
-0.1274,0.0302
-0.1273,0.0302
-0.1272,0.0301
-0.1271,0.0301
-0.1270,0.0301
-0.1269,0.0301
-0.1268,0.0300
-0.1266,0.0300
-0.1265,0.0300
-0.1264,0.0300
-0.1263,0.0299
-0.1262,0.0299
-0.1261,0.0299
-0.1260,0.0299
-0.1259,0.0298
-0.1257,0.0298
-0.1256,0.0298
-0.1255,0.0298
-0.1254,0.0297
-0.1253,0.0297
-0.1252,0.0297
-0.1251,0.0297
-0.1250,0.0297
-0.1249,0.0296
-0.1247,0.0296
-0.1246,0.0296
-0.1245,0.0296
-0.1244,0.0295
-0.1243,0.0295
-0.1242,0.0295
-0.1241,0.0295
-0.1240,0.0294
-0.1239,0.0294
-0.1238,0.0294
-0.1237,0.0294
-0.1236,0.0294
-0.1235,0.0293
-0.1234,0.0293
-0.1232,0.0293
-0.1231,0.0293
-0.1230,0.0292
-0.1229,0.0292
-0.1228,0.0292
-0.1227,0.0292
-0.1226,0.0291
-0.1225,0.0291
-0.1224,0.0291
-0.1223,0.0291
-0.1222,0.0291
-0.1221,0.0290
-0.1220,0.0290
-0.1219,0.0290
-0.1218,0.0290
-0.1217,0.0289
-0.1216,0.0289
-0.1215,0.0289
-0.1214,0.0289
-0.1213,0.0289
-0.1212,0.0288
-0.1211,0.0288
-0.1210,0.0288
-0.1209,0.0288
-0.1208,0.0287
-0.1207,0.0287
-0.1206,0.0287
-0.1205,0.0287
-0.1204,0.0287
-0.1203,0.0286
-0.1202,0.0286
-0.1201,0.0286
-0.1200,0.0286
-0.1199,0.0286
-0.1198,0.0285
-0.1197,0.0285
-0.1196,0.0285
-0.1195,0.0285
-0.1194,0.0285
-0.1193,0.0284
-0.1192,0.0284
-0.1191,0.0284
-0.1190,0.0284
-0.1189,0.0283
-0.1188,0.0283
-0.1187,0.0283
-0.1186,0.0283
-0.1185,0.0283
-0.1184,0.0282
-0.1184,0.0282
-0.1183,0.0282
-0.1182,0.0282
-0.1181,0.0282
-0.1180,0.0281
-0.1179,0.0281
-0.1178,0.0281
-0.1177,0.0281
-0.1176,0.0281
-0.1175,0.0280
-0.1174,0.0280
-0.1173,0.0280
-0.1172,0.0280
-0.1171,0.0280
-0.1170,0.0279
-0.1170,0.0279
-0.1169,0.0279
-0.1168,0.0279
-0.1167,0.0279
-0.1166,0.0278
-0.1165,0.0278
-0.1164,0.0278
-0.1163,0.0278
-0.1162,0.0278
-0.1161,0.0277
-0.1160,0.0277
-0.1160,0.0277
-0.1159,0.0277
-0.1158,0.0277
-0.1157,0.0276
-0.1156,0.0276
-0.1155,0.0276
-0.1154,0.0276
-0.1153,0.0276
-0.1152,0.0275
-0.1152,0.0275
-0.1151,0.0275
-0.1150,0.0275
-0.1149,0.0275
-0.1148,0.0275
-0.1147,0.0274
-0.1146,0.0274
-0.1146,0.0274
-0.1145,0.0274
-0.1144,0.0274
-0.1143,0.0273
-0.1142,0.0273
-0.1141,0.0273
-0.1140,0.0273
-0.1140,0.0273
-0.1139,0.0272
-0.1138,0.0272
-0.1137,0.0272
-0.1136,0.0272
-0.1135,0.0272
-0.1134,0.0271
-0.1134,0.0271
-0.1133,0.0271
-0.1132,0.0271
-0.1131,0.0271
-0.1130,0.0271
-0.1129,0.0270
-0.1129,0.0270
-0.1128,0.0270
-0.1127,0.0270
-0.1126,0.0270
-0.1125,0.0269
-0.1124,0.0269
-0.1124,0.0269
-0.1123,0.0269
-0.1122,0.0269
-0.1121,0.0268
-0.1120,0.0268
-0.1120,0.0268
-0.1119,0.0268
-0.1118,0.0268
-0.1117,0.0268
-0.1116,0.0267
-0.1115,0.0267
-0.1115,0.0267
-0.1114,0.0267
-0.1113,0.0267
-0.1112,0.0266
-0.1111,0.0266
-0.1111,0.0266
-0.1110,0.0266
-0.1109,0.0266
-0.1108,0.0266
-0.1108,0.0265
-0.1107,0.0265
-0.1106,0.0265
-0.1105,0.0265
-0.1104,0.0265
-0.1104,0.0264
-0.1103,0.0264
-0.1102,0.0264
-0.1101,0.0264
-0.1101,0.0264
-0.1100,0.0264
-0.1099,0.0263
-0.1098,0.0263
-0.1097,0.0263
-0.1097,0.0263
-0.1096,0.0263
-0.1095,0.0262
-0.1094,0.0262
-0.1094,0.0262
-0.1093,0.0262
-0.1092,0.0262
-0.1091,0.0262
-0.1091,0.0261
-0.1090,0.0261
-0.1089,0.0261
-0.1088,0.0261
-0.1088,0.0261
-0.1087,0.0261
-0.1086,0.0260
-0.1085,0.0260
-0.1085,0.0260
-0.1084,0.0260
-0.1083,0.0260
-0.1082,0.0260
-0.1082,0.0259
-0.1081,0.0259
-0.1080,0.0259
-0.1079,0.0259
-0.1079,0.0259
-0.1078,0.0259
-0.1077,0.0258
-0.1077,0.0258
-0.1076,0.0258
-0.1075,0.0258
-0.1074,0.0258
-0.1074,0.0258
-0.1073,0.0257
-0.1072,0.0257
-0.1072,0.0257
-0.1071,0.0257
-0.1070,0.0257
-0.1069,0.0257
-0.1069,0.0256
-0.1068,0.0256
-0.1067,0.0256
-0.1067,0.0256
-0.1066,0.0256
-0.1065,0.0256
-0.1064,0.0256
-0.1064,0.0255
-0.1063,0.0255
-0.1062,0.0255
-0.1062,0.0255
-0.1061,0.0255
-0.1060,0.0255
-0.1060,0.0254
-0.1059,0.0254
-0.1058,0.0254
-0.1058,0.0254
-0.1057,0.0254
-0.1056,0.0254
-0.1055,0.0253
-0.1055,0.0253
-0.1054,0.0253
-0.1053,0.0253
-0.1053,0.0253
-0.1052,0.0253
-0.1051,0.0253
-0.1051,0.0252
-0.1050,0.0252
-0.1049,0.0252
-0.1049,0.0252
-0.1048,0.0252
-0.1047,0.0252
-0.1047,0.0251
-0.1046,0.0251
-0.1045,0.0251
-0.1045,0.0251
-0.1044,0.0251
-0.1043,0.0251
-0.1043,0.0251
-0.1042,0.0250
-0.1041,0.0250
-0.1041,0.0250
-0.1040,0.0250
-0.1039,0.0250
-0.1039,0.0250
-0.1038,0.0249
-0.1037,0.0249
-0.1037,0.0249
-0.1036,0.0249
-0.1035,0.0249
-0.1035,0.0249
-0.1034,0.0249
-0.1034,0.0248
-0.1033,0.0248
-0.1032,0.0248
-0.1032,0.0248
-0.1031,0.0248
-0.1030,0.0248
-0.1030,0.0247
-0.1029,0.0247
-0.1028,0.0247
-0.1028,0.0247
-0.1027,0.0247
-0.1026,0.0247
-0.1026,0.0247
-0.1025,0.0246
-0.1025,0.0246
-0.1024,0.0246
-0.1023,0.0246
-0.1023,0.0246
-0.1022,0.0246
-0.1021,0.0246
-0.1021,0.0245
-0.1020,0.0245
-0.1020,0.0245
-0.1019,0.0245
-0.1018,0.0245
-0.1018,0.0245
-0.1017,0.0245
-0.1016,0.0244
-0.1016,0.0244
-0.1015,0.0244
-0.1015,0.0244
-0.1014,0.0244
-0.1013,0.0244
-0.1013,0.0243
-0.1012,0.0243
-0.1012,0.0243
-0.1011,0.0243
-0.1010,0.0243
-0.1010,0.0243
-0.1009,0.0243
-0.1008,0.0242
-0.1008,0.0242
-0.1007,0.0242
-0.1007,0.0242
-0.1006,0.0242
-0.1005,0.0242
-0.1005,0.0242
-0.1004,0.0241
-0.1004,0.0241
-0.1003,0.0241
-0.1002,0.0241
-0.1002,0.0241
-0.1001,0.0241
-0.1001,0.0241
-0.1000,0.0240
-0.1000,0.0240
-0.0999,0.0240
-0.0998,0.0240
-0.0998,0.0240
-0.0997,0.0240
-0.0997,0.0240
-0.0996,0.0239
-0.0995,0.0239
-0.0995,0.0239
-0.0994,0.0239
-0.0994,0.0239
-0.0993,0.0239
-0.0993,0.0239
-0.0992,0.0239
-0.0991,0.0238
-0.0991,0.0238
-0.0990,0.0238
-0.0990,0.0238
-0.0989,0.0238
-0.0988,0.0238
-0.0988,0.0238
-0.0987,0.0237
-0.0987,0.0237
-0.0986,0.0237
-0.0986,0.0237
-0.0985,0.0237
-0.0984,0.0237
-0.0984,0.0237
-0.0983,0.0236
-0.0983,0.0236
-0.0982,0.0236
-0.0982,0.0236
-0.0981,0.0236
-0.0981,0.0236
-0.0980,0.0236
-0.0979,0.0236
-0.0979,0.0235
-0.0978,0.0235
-0.0978,0.0235
-0.0977,0.0235
-0.0977,0.0235
-0.0976,0.0235
-0.0976,0.0235
-0.0975,0.0234
-0.0974,0.0234
-0.0974,0.0234
-0.0973,0.0234
-0.0973,0.0234
-0.0972,0.0234
-0.0972,0.0234
-0.0971,0.0234
-0.0971,0.0233
-0.0970,0.0233
-0.0970,0.0233
-0.0969,0.0233
-0.0968,0.0233
-0.0968,0.0233
-0.0967,0.0233
-0.0967,0.0233
-0.0966,0.0232
-0.0966,0.0232
-0.0965,0.0232
-0.0965,0.0232
-0.0964,0.0232
-0.0964,0.0232
-0.0963,0.0232
-0.0963,0.0231
-0.0962,0.0231
-0.0961,0.0231
-0.0961,0.0231
-0.0960,0.0231
-0.0960,0.0231
-0.0959,0.0231
-0.0959,0.0231
-0.0958,0.0230
-0.0958,0.0230
-0.0957,0.0230
-0.0957,0.0230
-0.0956,0.0230
-0.0956,0.0230
-0.0955,0.0230
-0.0955,0.0230
-0.0954,0.0229
-0.0954,0.0229
-0.0953,0.0229
-0.0953,0.0229
-0.0952,0.0229
-0.0952,0.0229
-0.0951,0.0229
-0.0951,0.0229
-0.0950,0.0228
-0.0949,0.0228
-0.0949,0.0228
-0.0948,0.0228
-0.0948,0.0228
-0.0947,0.0228
-0.0947,0.0228
-0.0946,0.0228
-0.0946,0.0227
-0.0945,0.0227
0.1598
0.1947
0.2049
0.2377
0.2606
0.3464
0.3933
0.3993
0.4018
0.4040
0.4058
0.4162
0.4240
0.4254
0.4339
0.4527
0.4624
0.4798
0.4801
0.4813
0.4917
0.5002
0.5090
0.5379
0.5382
0.5385
0.5435
0.5438
0.5471
0.5561
0.5574
0.5579
0.5586
0.5680
0.5688
0.5703
0.5788
0.5806
0.5861
0.5868
0.5879
0.5950
0.6065
0.6092
0.6095
0.6210
0.6300
0.6307
0.6378
0.6389
0.6422
0.6446
0.6517
0.6532
0.6616
0.6624
0.6792
0.6796
0.6800
0.6909
0.6925
0.6958
0.7099
0.7101
0.7198
0.7207
0.7413
0.7588
0.7588
0.7605
0.7644
0.7649
0.7679
0.7685
0.7690
0.7738
0.7756
0.7876
0.7935
0.7985
0.7996
0.8029
0.8041
0.8094
0.8108
0.8123
0.8195
0.8207
0.8219
0.8241
0.8254
0.8266
0.8295
0.8350
0.8354
0.8377
0.8395
0.8411
0.8543
0.8651
0.8669
0.8703
0.8704
0.8752
0.8757
0.8781
0.8800
0.8850
0.8891
0.8910
0.8914
0.8919
0.9039
0.9064
0.9110
0.9120
0.9180
0.9181
0.9242
0.9252
0.9262
0.9273
0.9281
0.9307
0.9321
0.9329
0.9339
0.9396
0.9400
0.9487
0.9500
0.9525
0.9598
0.9641
0.9687
0.9709
0.9741
0.9742
0.9746
0.9748
0.9784
0.9809
0.9824
0.9825
0.9836
0.9867
0.9898
0.9927
0.9949
0.9950
0.9961
0.9965
1.0062
1.0065
1.0073
1.0133
1.0153
1.0168
1.0174
1.0189
1.0232
1.0238
1.0262
1.0298
1.0310
1.0319
1.0326
1.0333
1.0349
1.0375
1.0376
1.0376
1.0379
1.0404
1.0414
1.0459
1.0468
1.0470
1.0488
1.0494
1.0499
1.0515
1.0531
1.0547
1.0563
1.0591
1.0596
1.0603
1.0616
1.0618
1.0676
1.0676
1.0689
1.0715
1.0730
1.0753
1.0758
1.0782
1.0799
1.0820
1.0829
1.0842
1.0855
1.0858
1.0877
1.0886
1.0887
1.0899
1.0902
1.0905
1.0937
1.0942
1.0949
1.1011
1.1015
1.1050
1.1062
1.1081
1.1098
1.1108
1.1128
1.1149
1.1195
1.1272
1.1322
1.1322
1.1323
1.1344
1.1345
1.1404
1.1405
1.1444
1.1481
1.1493
1.1496
1.1506
1.1524
1.1533
1.1551
1.1593
1.1642
1.1695
1.1706
1.1714
1.1715
1.1758
1.1767
1.1826
1.1856
1.1856
1.1864
1.1866
1.1869
1.1878
1.1882
1.1885
1.1927
1.1944
1.1944
1.1947
1.1975
1.1981
1.1992
1.2009
1.2013
1.2021
1.2051
1.2055
1.2092
1.2130
1.2165
1.2173
1.2186
1.2199
1.2208
1.2209
1.2210
1.2216
1.2217
1.2237
1.2267
1.2287
1.2292
1.2298
1.2306
1.2323
1.2344
1.2365
1.2388
1.2394
1.2402
1.2418
1.2427
1.2429
1.2437
1.2445
1.2452
1.2459
1.2464
1.2481
1.2501
1.2550
1.2596
1.2610
1.2624
1.2627
1.2636
1.2647
1.2666
1.2676
1.2683
1.2699
1.2718
1.2741
1.2756
1.2768
1.2768
1.2784
1.2811
1.2812
1.2827
1.2843
1.2844
1.2845
1.2851
1.2855
1.2862
1.2878
1.2894
1.2960
1.2969
1.2971
1.2983
1.3013
1.3018
1.3030
1.3043
1.3044
1.3071
1.3077
1.3104
1.3105
1.3130
1.3135
1.3144
1.3255
1.3263
1.3268
1.3270
1.3276
1.3337
1.3342
1.3362
1.3367
1.3430
1.3457
1.3462
1.3487
1.3523
1.3547
1.3589
1.3589
1.3609
1.3626
1.3656
1.3657
1.3672
1.3680
1.3682
1.3684
1.3690
1.3744
1.3749
1.3762
1.3774
1.3784
1.3792
1.3797
1.3799
1.3802
1.3811
1.3816
1.3844
1.3850
1.3851
1.3871
1.3872
1.3897
1.3905
1.3913
1.3921
1.3954
1.3968
1.3996
1.4008
1.4012
1.4014
1.4015
1.4020
1.4021
1.4079
1.4087
1.4090
1.4124
1.4125
1.4146
1.4153
1.4162
1.4172
1.4179
1.4197
1.4208
1.4227
1.4230
1.4243
1.4264
1.4276
1.4276
1.4310
1.4332
1.4336
1.4339
1.4362
1.4370
1.4383
1.4393
1.4409
1.4421
1.4428
1.4428
1.4433
1.4442
1.4460
1.4473
1.4474
1.4480
1.4480
1.4512
1.4526
1.4540
1.4541
1.4551
1.4596
1.4607
1.4619
1.4619
1.4637
1.4640
1.4647
1.4674
1.4775
1.4785
1.4786
1.4799
1.4827
1.4830
1.4849
1.4862
1.4901
1.4905
1.4913
1.4918
1.4933
1.4935
1.4943
1.4950
1.4963
1.4964
1.4988
1.5001
1.5007
1.5008
1.5037
1.5046
1.5053
1.5110
1.5146
1.5165
1.5172
1.5198
1.5199
1.5200
1.5218
1.5228
1.5273
1.5283
1.5288
1.5291
1.5301
1.5316
1.5321
1.5335
1.5360
1.5411
1.5437
1.5442
1.5442
1.5477
1.5489
1.5501
1.5560
1.5587
1.5614
1.5621
1.5638
1.5639
1.5646
1.5649
1.5678
1.5706
1.5708
1.5713
1.5720
1.5722
1.5747
1.5777
1.5810
1.5813
1.5840
1.5840
1.5867
1.5876
1.5882
1.5889
1.5912
1.5930
1.5952
1.5954
1.5992
1.5995
1.5998
1.6012
1.6017
1.6031
1.6034
1.6051
1.6068
1.6139
1.6220
1.6229
1.6245
1.6271
1.6288
1.6289
1.6293
1.6305
1.6316
1.6320
1.6328
1.6328
1.6331
1.6332
1.6353
1.6400
1.6406
1.6443
1.6449
1.6454
1.6460
1.6478
1.6487
1.6515
1.6532
1.6542
1.6558
1.6572
1.6615
1.6628
1.6636
1.6661
1.6698
1.6708
1.6745
1.6756
1.6761
1.6765
1.6807
1.6829
1.6833
1.6864
1.6883
1.6907
1.6939
1.6957
1.6958
1.6966
1.6968
1.6989
1.6992
1.7015
1.7028
1.7041
1.7050
1.7050
1.7084
1.7087
1.7107
1.7115
1.7116
1.7130
1.7139
1.7195
1.7202
1.7219
1.7230
1.7234
1.7267
1.7287
1.7306
1.7308
1.7311
1.7331
1.7331
1.7353
1.7382
1.7387
1.7415
1.7425
1.7434
1.7490
1.7497
1.7535
1.7557
1.7559
1.7581
1.7600
1.7613
1.7622
1.7631
1.7632
1.7633
1.7636
1.7651
1.7667
1.7683
1.7689
1.7730
1.7731
1.7732
1.7778
1.7798
1.7805
1.7814
1.7823
1.7854
1.7880
1.7900
1.7951
1.7967
1.7968
1.7991
1.7995
1.8009
1.8025
1.8034
1.8047
1.8049
1.8081
1.8130
1.8146
1.8160
1.8174
1.8193
1.8196
1.8235
1.8265
1.8274
1.8275
1.8282
1.8293
1.8353
1.8362
1.8377
1.8393
1.8417
1.8423
1.8430
1.8432
1.8457
1.8473
1.8495
1.8523
1.8529
1.8569
1.8586
1.8592
1.8598
1.8612
1.8623
1.8631
1.8638
1.8679
1.8702
1.8712
1.8716
1.8717
1.8731
1.8751
1.8776
1.8785
1.8786
1.8800
1.8808
1.8809
1.8812
1.8825
1.8825
1.8850
1.8855
1.8862
1.8874
1.8909
1.8912
1.8921
1.8930
1.8936
1.8941
1.8956
1.8969
1.8987
1.9063
1.9068
1.9071
1.9128
1.9153
1.9171
1.9177
1.9231
1.9237
1.9262
1.9266
1.9271
1.9285
1.9288
1.9304
1.9331
1.9355
1.9360
1.9381
1.9396
1.9408
1.9431
1.9446
1.9472
1.9505
1.9507
1.9508
1.9522
1.9524
1.9542
1.9558
1.9559
1.9584
1.9633
1.9679
1.9688
1.9692
1.9755
1.9766
1.9777
1.9780
1.9796
1.9798
1.9823
1.9844
1.9856
1.9906
1.9945
1.9979
2.0004
2.0020
2.0036
2.0038
2.0087
2.0087
2.0096
2.0109
2.0146
2.0175
2.0175
2.0196
2.0241
2.0259
2.0263
2.0345
2.0348
2.0364
2.0367
2.0381
2.0400
2.0412
2.0412
2.0417
2.0428
2.0434
2.0440
2.0507
2.0509
2.0609
2.0635
2.0653
2.0660
2.0672
2.0675
2.0719
2.0730
2.0763
2.0780
2.0806
2.0821
2.0828
2.0895
2.0912
2.0912
2.0930
2.0930
2.0940
2.0968
2.0985
2.1038
2.1086
2.1102
2.1117
2.1174
2.1183
2.1203
2.1236
2.1239
2.1268
2.1286
2.1287
2.1295
2.1301
2.1308
2.1375
2.1385
2.1420
2.1459
2.1509
2.1542
2.1545
2.1554
2.1579
2.1630
2.1681
2.1709
2.1729
2.1833
2.1852
2.1861
2.1872
2.1917
2.1936
2.1950
2.1976
2.1990
2.1999
2.2035
2.2083
2.2091
2.2145
2.2208
2.2213
2.2291
2.2300
2.2313
2.2329
2.2423
2.2428
2.2469
2.2522
2.2523
2.2547
2.2579
2.2609
2.2720
2.2736
2.2748
2.2797
2.2884
2.2892
2.2903
2.2906
2.2941
2.2961
2.2966
2.2969
2.2998
2.3000
2.3008
2.3054
2.3102
2.3107
2.3109
2.3172
2.3207
2.3208
2.3222
2.3239
2.3247
2.3254
2.3255
2.3268
2.3276
2.3366
2.3521
2.3549
2.3564
2.3565
2.3569
2.3629
2.3629
2.3672
2.3749
2.3830
2.3883
2.3968
2.4000
2.4018
2.4086
2.4157
2.4203
2.4231
2.4240
2.4367
2.4560
2.4665
2.4677
2.4737
2.4927
2.4933
2.4943
2.5000
2.5083
2.5131
2.5361
2.5472
2.5510
2.5527
2.5546
2.5554
2.5597
2.5659
2.5841
2.5942
2.5945
2.5949
2.6010
2.6106
2.6219
2.6253
2.6259
2.6321
2.6336
2.6345
2.6348
2.6357
2.6397
2.6517
2.6519
2.6745
2.6800
2.6876
2.6900
2.6932
2.6951
2.6970
2.7106
2.7115
2.7122
2.7142
2.7383
2.7628
2.7805
2.8071
2.8222
2.8319
2.8403
2.8484
2.8718
2.8726
2.8735
2.9352
2.9536
2.9622
2.9760
2.9821
3.0049
3.0144
3.0630
3.0689
3.0799
3.0868
3.1004
3.1465
3.1819
3.2096
3.2810
3.2886
3.6708
