1000
1000
-1.6300,0.2025
-1.5366,0.2007
-1.3177,0.1502
-1.1680,0.1374
-1.0576,0.1317
-0.9714,0.1284
-0.9033,0.1272
-0.8471,0.1262
-0.8000,0.1249
-0.7596,0.1232
-0.7247,0.1215
-0.6940,0.1198
-0.6668,0.1182
-0.6423,0.1164
-0.6201,0.1144
-0.5999,0.1125
-0.5814,0.1107
-0.5644,0.1091
-0.5489,0.1076
-0.5344,0.1061
-0.5209,0.1045
-0.5083,0.1028
-0.4966,0.1013
-0.4856,0.0998
-0.4753,0.0984
-0.4657,0.0972
-0.4566,0.0959
-0.4480,0.0947
-0.4398,0.0935
-0.4321,0.0923
-0.4247,0.0912
-0.4177,0.0901
-0.4110,0.0891
-0.4046,0.0881
-0.3985,0.0872
-0.3927,0.0863
-0.3871,0.0854
-0.3817,0.0846
-0.3766,0.0838
-0.3716,0.0830
-0.3668,0.0822
-0.3622,0.0814
-0.3577,0.0807
-0.3534,0.0799
-0.3493,0.0792
-0.3452,0.0785
-0.3413,0.0778
-0.3375,0.0771
-0.3339,0.0765
-0.3303,0.0759
-0.3268,0.0752
-0.3234,0.0746
-0.3202,0.0740
-0.3170,0.0734
-0.3139,0.0729
-0.3109,0.0723
-0.3080,0.0718
-0.3051,0.0712
-0.3023,0.0707
-0.2996,0.0702
-0.2970,0.0697
-0.2945,0.0693
-0.2920,0.0688
-0.2895,0.0683
-0.2871,0.0679
-0.2848,0.0675
-0.2825,0.0670
-0.2803,0.0666
-0.2781,0.0662
-0.2760,0.0658
-0.2739,0.0654
-0.2718,0.0650
-0.2698,0.0646
-0.2679,0.0642
-0.2659,0.0639
-0.2641,0.0635
-0.2622,0.0632
-0.2604,0.0628
-0.2586,0.0625
-0.2569,0.0621
-0.2552,0.0618
-0.2535,0.0615
-0.2519,0.0611
-0.2502,0.0608
-0.2487,0.0605
-0.2471,0.0602
-0.2456,0.0598
-0.2441,0.0595
-0.2426,0.0592
-0.2411,0.0589
-0.2397,0.0586
-0.2383,0.0583
-0.2369,0.0580
-0.2356,0.0577
-0.2342,0.0574
-0.2329,0.0571
-0.2316,0.0568
-0.2303,0.0566
-0.2290,0.0563
-0.2278,0.0560
-0.2266,0.0557
-0.2254,0.0555
-0.2242,0.0552
-0.2230,0.0550
-0.2219,0.0547
-0.2207,0.0545
-0.2196,0.0542
-0.2185,0.0540
-0.2174,0.0537
-0.2164,0.0535
-0.2153,0.0533
-0.2143,0.0531
-0.2132,0.0528
-0.2122,0.0526
-0.2112,0.0524
-0.2102,0.0522
-0.2092,0.0520
-0.2083,0.0517
-0.2073,0.0515
-0.2064,0.0513
-0.2054,0.0511
-0.2045,0.0509
-0.2036,0.0507
-0.2027,0.0505
-0.2018,0.0503
-0.2009,0.0501
-0.2001,0.0499
-0.1992,0.0498
-0.1984,0.0496
-0.1975,0.0494
-0.1967,0.0492
-0.1959,0.0490
-0.1951,0.0488
-0.1943,0.0486
-0.1935,0.0485
-0.1927,0.0483
-0.1919,0.0481
-0.1912,0.0479
-0.1904,0.0477
-0.1897,0.0476
-0.1889,0.0474
-0.1882,0.0472
-0.1875,0.0471
-0.1868,0.0469
-0.1861,0.0467
-0.1853,0.0466
-0.1847,0.0464
-0.1840,0.0462
-0.1833,0.0461
-0.1826,0.0459
-0.1819,0.0458
-0.1813,0.0456
-0.1806,0.0454
-0.1800,0.0453
-0.1793,0.0451
-0.1787,0.0450
-0.1780,0.0448
-0.1774,0.0446
-0.1768,0.0445
-0.1762,0.0443
-0.1756,0.0442
-0.1750,0.0441
-0.1744,0.0439
-0.1738,0.0438
-0.1732,0.0436
-0.1726,0.0435
-0.1720,0.0434
-0.1715,0.0432
-0.1709,0.0431
-0.1704,0.0430
-0.1698,0.0428
-0.1693,0.0427
-0.1687,0.0426
-0.1682,0.0424
-0.1676,0.0423
-0.1671,0.0422
-0.1666,0.0421
-0.1661,0.0419
-0.1656,0.0418
-0.1651,0.0417
-0.1646,0.0416
-0.1641,0.0415
-0.1636,0.0413
-0.1631,0.0412
-0.1626,0.0411
-0.1621,0.0410
-0.1616,0.0409
-0.1611,0.0408
-0.1607,0.0406
-0.1602,0.0405
-0.1597,0.0404
-0.1593,0.0403
-0.1588,0.0402
-0.1584,0.0401
-0.1579,0.0400
-0.1575,0.0399
-0.1570,0.0398
-0.1566,0.0397
-0.1562,0.0396
-0.1557,0.0395
-0.1553,0.0394
-0.1549,0.0392
-0.1544,0.0391
-0.1540,0.0390
-0.1536,0.0389
-0.1532,0.0388
-0.1528,0.0387
-0.1524,0.0386
-0.1520,0.0385
-0.1516,0.0384
-0.1512,0.0383
-0.1508,0.0382
-0.1504,0.0381
-0.1500,0.0380
-0.1496,0.0379
-0.1492,0.0378
-0.1489,0.0377
-0.1485,0.0377
-0.1481,0.0376
-0.1477,0.0375
-0.1474,0.0374
-0.1470,0.0373
-0.1466,0.0372
-0.1463,0.0371
-0.1459,0.0370
-0.1455,0.0369
-0.1452,0.0368
-0.1448,0.0367
-0.1445,0.0367
-0.1441,0.0366
-0.1438,0.0365
-0.1434,0.0364
-0.1431,0.0363
-0.1428,0.0362
-0.1424,0.0362
-0.1421,0.0361
-0.1418,0.0360
-0.1414,0.0359
-0.1411,0.0358
-0.1408,0.0357
-0.1405,0.0357
-0.1401,0.0356
-0.1398,0.0355
-0.1395,0.0354
-0.1392,0.0354
-0.1389,0.0353
-0.1386,0.0352
-0.1383,0.0351
-0.1380,0.0351
-0.1377,0.0350
-0.1374,0.0349
-0.1371,0.0348
-0.1368,0.0348
-0.1365,0.0347
-0.1362,0.0346
-0.1359,0.0346
-0.1356,0.0345
-0.1353,0.0344
-0.1350,0.0344
-0.1347,0.0343
-0.1345,0.0342
-0.1342,0.0342
-0.1339,0.0341
-0.1336,0.0340
-0.1333,0.0340
-0.1331,0.0339
-0.1328,0.0338
-0.1325,0.0338
-0.1323,0.0337
-0.1320,0.0336
-0.1317,0.0336
-0.1315,0.0335
-0.1312,0.0335
-0.1309,0.0334
-0.1307,0.0333
-0.1304,0.0333
-0.1302,0.0332
-0.1299,0.0332
-0.1297,0.0331
-0.1294,0.0330
-0.1292,0.0330
-0.1289,0.0329
-0.1287,0.0329
-0.1284,0.0328
-0.1282,0.0327
-0.1279,0.0327
-0.1277,0.0326
-0.1274,0.0326
-0.1272,0.0325
-0.1270,0.0325
-0.1267,0.0324
-0.1265,0.0323
-0.1263,0.0323
-0.1260,0.0322
-0.1258,0.0322
-0.1256,0.0321
-0.1253,0.0321
-0.1251,0.0320
-0.1249,0.0320
-0.1246,0.0319
-0.1244,0.0319
-0.1242,0.0318
-0.1240,0.0318
-0.1238,0.0317
-0.1235,0.0317
-0.1233,0.0316
-0.1231,0.0316
-0.1229,0.0315
-0.1227,0.0315
-0.1224,0.0314
-0.1222,0.0314
-0.1220,0.0313
-0.1218,0.0313
-0.1216,0.0312
-0.1214,0.0312
-0.1212,0.0311
-0.1210,0.0311
-0.1208,0.0310
-0.1205,0.0310
-0.1203,0.0309
-0.1201,0.0309
-0.1199,0.0308
-0.1197,0.0308
-0.1195,0.0307
-0.1193,0.0307
-0.1191,0.0306
-0.1189,0.0306
-0.1187,0.0306
-0.1185,0.0305
-0.1183,0.0305
-0.1182,0.0304
-0.1180,0.0304
-0.1178,0.0303
-0.1176,0.0303
-0.1174,0.0303
-0.1172,0.0302
-0.1170,0.0302
-0.1168,0.0301
-0.1166,0.0301
-0.1164,0.0300
-0.1163,0.0300
-0.1161,0.0299
-0.1159,0.0299
-0.1157,0.0299
-0.1155,0.0298
-0.1153,0.0298
-0.1152,0.0297
-0.1150,0.0297
-0.1148,0.0297
-0.1146,0.0296
-0.1144,0.0296
-0.1143,0.0295
-0.1141,0.0295
-0.1139,0.0294
-0.1137,0.0294
-0.1136,0.0294
-0.1134,0.0293
-0.1132,0.0293
-0.1130,0.0293
-0.1129,0.0292
-0.1127,0.0292
-0.1125,0.0291
-0.1124,0.0291
-0.1122,0.0291
-0.1120,0.0290
-0.1119,0.0290
-0.1117,0.0290
-0.1115,0.0289
-0.1114,0.0289
-0.1112,0.0288
-0.1110,0.0288
-0.1109,0.0288
-0.1107,0.0287
-0.1106,0.0287
-0.1104,0.0287
-0.1102,0.0286
-0.1101,0.0286
-0.1099,0.0285
-0.1098,0.0285
-0.1096,0.0285
-0.1095,0.0284
-0.1093,0.0284
-0.1091,0.0284
-0.1090,0.0283
-0.1088,0.0283
-0.1087,0.0283
-0.1085,0.0282
-0.1084,0.0282
-0.1082,0.0282
-0.1081,0.0281
-0.1079,0.0281
-0.1078,0.0281
-0.1076,0.0280
-0.1075,0.0280
-0.1073,0.0280
-0.1072,0.0279
-0.1070,0.0279
-0.1069,0.0279
-0.1067,0.0278
-0.1066,0.0278
-0.1064,0.0278
-0.1063,0.0277
-0.1062,0.0277
-0.1060,0.0277
-0.1059,0.0276
-0.1057,0.0276
-0.1056,0.0276
-0.1055,0.0275
-0.1053,0.0275
-0.1052,0.0275
-0.1050,0.0274
-0.1049,0.0274
-0.1048,0.0274
-0.1046,0.0273
-0.1045,0.0273
-0.1043,0.0273
-0.1042,0.0272
-0.1041,0.0272
-0.1039,0.0272
-0.1038,0.0271
-0.1037,0.0271
-0.1035,0.0271
-0.1034,0.0270
-0.1033,0.0270
-0.1031,0.0270
-0.1030,0.0269
-0.1029,0.0269
-0.1027,0.0269
-0.1026,0.0269
-0.1025,0.0268
-0.1023,0.0268
-0.1022,0.0268
-0.1021,0.0267
-0.1020,0.0267
-0.1018,0.0267
-0.1017,0.0266
-0.1016,0.0266
-0.1014,0.0266
-0.1013,0.0265
-0.1012,0.0265
-0.1011,0.0265
-0.1009,0.0265
-0.1008,0.0264
-0.1007,0.0264
-0.1006,0.0264
-0.1004,0.0263
-0.1003,0.0263
-0.1002,0.0263
-0.1001,0.0263
-0.1000,0.0262
-0.0998,0.0262
-0.0997,0.0262
-0.0996,0.0261
-0.0995,0.0261
-0.0994,0.0261
-0.0992,0.0261
-0.0991,0.0260
-0.0990,0.0260
-0.0989,0.0260
-0.0988,0.0260
-0.0987,0.0259
-0.0985,0.0259
-0.0984,0.0259
-0.0983,0.0258
-0.0982,0.0258
-0.0981,0.0258
-0.0980,0.0258
-0.0978,0.0257
-0.0977,0.0257
-0.0976,0.0257
-0.0975,0.0257
-0.0974,0.0256
-0.0973,0.0256
-0.0972,0.0256
-0.0971,0.0256
-0.0969,0.0255
-0.0968,0.0255
-0.0967,0.0255
-0.0966,0.0255
-0.0965,0.0254
-0.0964,0.0254
-0.0963,0.0254
-0.0962,0.0254
-0.0961,0.0253
-0.0960,0.0253
-0.0959,0.0253
-0.0957,0.0253
-0.0956,0.0252
-0.0955,0.0252
-0.0954,0.0252
-0.0953,0.0252
-0.0952,0.0251
-0.0951,0.0251
-0.0950,0.0251
-0.0949,0.0251
-0.0948,0.0250
-0.0947,0.0250
-0.0946,0.0250
-0.0945,0.0250
-0.0944,0.0249
-0.0943,0.0249
-0.0942,0.0249
-0.0941,0.0249
-0.0940,0.0248
-0.0939,0.0248
-0.0938,0.0248
-0.0937,0.0248
-0.0936,0.0247
-0.0935,0.0247
-0.0934,0.0247
-0.0933,0.0247
-0.0932,0.0247
-0.0931,0.0246
-0.0930,0.0246
-0.0929,0.0246
-0.0928,0.0246
-0.0927,0.0245
-0.0926,0.0245
-0.0925,0.0245
-0.0924,0.0245
-0.0923,0.0244
-0.0922,0.0244
-0.0921,0.0244
-0.0920,0.0244
-0.0919,0.0243
-0.0918,0.0243
-0.0917,0.0243
-0.0916,0.0243
-0.0915,0.0243
-0.0914,0.0242
-0.0913,0.0242
-0.0912,0.0242
-0.0911,0.0242
-0.0910,0.0241
-0.0909,0.0241
-0.0908,0.0241
-0.0907,0.0241
-0.0906,0.0241
-0.0906,0.0240
-0.0905,0.0240
-0.0904,0.0240
-0.0903,0.0240
-0.0902,0.0239
-0.0901,0.0239
-0.0900,0.0239
-0.0899,0.0239
-0.0898,0.0239
-0.0897,0.0238
-0.0896,0.0238
-0.0896,0.0238
-0.0895,0.0238
-0.0894,0.0237
-0.0893,0.0237
-0.0892,0.0237
-0.0891,0.0237
-0.0890,0.0237
-0.0889,0.0236
-0.0888,0.0236
-0.0888,0.0236
-0.0887,0.0236
-0.0886,0.0236
-0.0885,0.0235
-0.0884,0.0235
-0.0883,0.0235
-0.0882,0.0235
-0.0882,0.0235
-0.0881,0.0234
-0.0880,0.0234
-0.0879,0.0234
-0.0878,0.0234
-0.0877,0.0234
-0.0876,0.0233
-0.0876,0.0233
-0.0875,0.0233
-0.0874,0.0233
-0.0873,0.0233
-0.0872,0.0232
-0.0871,0.0232
-0.0871,0.0232
-0.0870,0.0232
-0.0869,0.0232
-0.0868,0.0231
-0.0867,0.0231
-0.0867,0.0231
-0.0866,0.0231
-0.0865,0.0231
-0.0864,0.0230
-0.0863,0.0230
-0.0862,0.0230
-0.0862,0.0230
-0.0861,0.0230
-0.0860,0.0229
-0.0859,0.0229
-0.0858,0.0229
-0.0858,0.0229
-0.0857,0.0229
-0.0856,0.0228
-0.0855,0.0228
-0.0855,0.0228
-0.0854,0.0228
-0.0853,0.0228
-0.0852,0.0227
-0.0851,0.0227
-0.0851,0.0227
-0.0850,0.0227
-0.0849,0.0227
-0.0848,0.0226
-0.0848,0.0226
-0.0847,0.0226
-0.0846,0.0226
-0.0845,0.0226
-0.0844,0.0225
-0.0844,0.0225
-0.0843,0.0225
-0.0842,0.0225
-0.0841,0.0225
-0.0841,0.0225
-0.0840,0.0224
-0.0839,0.0224
-0.0838,0.0224
-0.0838,0.0224
-0.0837,0.0224
-0.0836,0.0223
-0.0836,0.0223
-0.0835,0.0223
-0.0834,0.0223
-0.0833,0.0223
-0.0833,0.0222
-0.0832,0.0222
-0.0831,0.0222
-0.0830,0.0222
-0.0830,0.0222
-0.0829,0.0222
-0.0828,0.0221
-0.0827,0.0221
-0.0827,0.0221
-0.0826,0.0221
-0.0825,0.0221
-0.0825,0.0220
-0.0824,0.0220
-0.0823,0.0220
-0.0822,0.0220
-0.0822,0.0220
-0.0821,0.0220
-0.0820,0.0219
-0.0820,0.0219
-0.0819,0.0219
-0.0818,0.0219
-0.0818,0.0219
-0.0817,0.0218
-0.0816,0.0218
-0.0815,0.0218
-0.0815,0.0218
-0.0814,0.0218
-0.0813,0.0218
-0.0813,0.0217
-0.0812,0.0217
-0.0811,0.0217
-0.0811,0.0217
-0.0810,0.0217
-0.0809,0.0216
-0.0809,0.0216
-0.0808,0.0216
-0.0807,0.0216
-0.0807,0.0216
-0.0806,0.0216
-0.0805,0.0215
-0.0805,0.0215
-0.0804,0.0215
-0.0803,0.0215
-0.0803,0.0215
-0.0802,0.0215
-0.0801,0.0214
-0.0801,0.0214
-0.0800,0.0214
-0.0799,0.0214
-0.0799,0.0214
-0.0798,0.0214
-0.0797,0.0213
-0.0797,0.0213
-0.0796,0.0213
-0.0795,0.0213
-0.0795,0.0213
-0.0794,0.0213
-0.0793,0.0212
-0.0793,0.0212
-0.0792,0.0212
-0.0792,0.0212
-0.0791,0.0212
-0.0790,0.0212
-0.0790,0.0211
-0.0789,0.0211
-0.0788,0.0211
-0.0788,0.0211
-0.0787,0.0211
-0.0787,0.0211
-0.0786,0.0210
-0.0785,0.0210
-0.0785,0.0210
-0.0784,0.0210
-0.0783,0.0210
-0.0783,0.0210
-0.0782,0.0209
-0.0782,0.0209
-0.0781,0.0209
-0.0780,0.0209
-0.0780,0.0209
-0.0779,0.0209
-0.0778,0.0208
-0.0778,0.0208
-0.0777,0.0208
-0.0777,0.0208
-0.0776,0.0208
-0.0775,0.0208
-0.0775,0.0208
-0.0774,0.0207
-0.0774,0.0207
-0.0773,0.0207
-0.0772,0.0207
-0.0772,0.0207
-0.0771,0.0207
-0.0771,0.0206
-0.0770,0.0206
-0.0769,0.0206
-0.0769,0.0206
-0.0768,0.0206
-0.0768,0.0206
-0.0767,0.0205
-0.0767,0.0205
-0.0766,0.0205
-0.0765,0.0205
-0.0765,0.0205
-0.0764,0.0205
-0.0764,0.0205
-0.0763,0.0204
-0.0762,0.0204
-0.0762,0.0204
-0.0761,0.0204
-0.0761,0.0204
-0.0760,0.0204
-0.0760,0.0203
-0.0759,0.0203
-0.0758,0.0203
-0.0758,0.0203
-0.0757,0.0203
-0.0757,0.0203
-0.0756,0.0203
-0.0756,0.0202
-0.0755,0.0202
-0.0754,0.0202
-0.0754,0.0202
-0.0753,0.0202
-0.0753,0.0202
-0.0752,0.0202
-0.0752,0.0201
-0.0751,0.0201
-0.0751,0.0201
-0.0750,0.0201
-0.0750,0.0201
-0.0749,0.0201
-0.0748,0.0201
-0.0748,0.0200
-0.0747,0.0200
-0.0747,0.0200
-0.0746,0.0200
-0.0746,0.0200
-0.0745,0.0200
-0.0745,0.0200
-0.0744,0.0199
-0.0744,0.0199
-0.0743,0.0199
-0.0742,0.0199
-0.0742,0.0199
-0.0741,0.0199
-0.0741,0.0199
-0.0740,0.0198
-0.0740,0.0198
-0.0739,0.0198
-0.0739,0.0198
-0.0738,0.0198
-0.0738,0.0198
-0.0737,0.0198
-0.0737,0.0197
-0.0736,0.0197
-0.0736,0.0197
-0.0735,0.0197
-0.0735,0.0197
-0.0734,0.0197
-0.0734,0.0197
-0.0733,0.0196
-0.0732,0.0196
-0.0732,0.0196
-0.0731,0.0196
-0.0731,0.0196
-0.0730,0.0196
-0.0730,0.0196
-0.0729,0.0195
-0.0729,0.0195
-0.0728,0.0195
-0.0728,0.0195
-0.0727,0.0195
-0.0727,0.0195
-0.0726,0.0195
-0.0726,0.0194
-0.0725,0.0194
-0.0725,0.0194
-0.0724,0.0194
-0.0724,0.0194
-0.0723,0.0194
-0.0723,0.0194
-0.0722,0.0194
-0.0722,0.0193
-0.0721,0.0193
-0.0721,0.0193
-0.0720,0.0193
-0.0720,0.0193
-0.0719,0.0193
-0.0719,0.0193
-0.0718,0.0192
-0.0718,0.0192
-0.0717,0.0192
-0.0717,0.0192
-0.0716,0.0192
-0.0716,0.0192
-0.0715,0.0192
-0.0715,0.0192
-0.0714,0.0191
-0.0714,0.0191
-0.0714,0.0191
-0.0713,0.0191
-0.0713,0.0191
-0.0712,0.0191
-0.0712,0.0191
-0.0711,0.0190
-0.0711,0.0190
-0.0710,0.0190
-0.0710,0.0190
-0.0709,0.0190
-0.0709,0.0190
-0.0708,0.0190
-0.0708,0.0190
-0.0707,0.0189
-0.0707,0.0189
-0.0706,0.0189
-0.0706,0.0189
-0.0705,0.0189
-0.0705,0.0189
-0.0705,0.0189
-0.0704,0.0189
-0.0704,0.0188
-0.0703,0.0188
-0.0703,0.0188
-0.0702,0.0188
-0.0702,0.0188
-0.0701,0.0188
-0.0701,0.0188
-0.0700,0.0187
-0.0700,0.0187
-0.0699,0.0187
-0.0699,0.0187
-0.0699,0.0187
-0.0698,0.0187
-0.0698,0.0187
-0.0697,0.0187
-0.0697,0.0186
-0.0696,0.0186
-0.0696,0.0186
-0.0695,0.0186
-0.0695,0.0186
-0.0694,0.0186
-0.0694,0.0186
-0.0694,0.0186
-0.0693,0.0185
-0.0693,0.0185
-0.0692,0.0185
-0.0692,0.0185
-0.0691,0.0185
-0.0691,0.0185
-0.0690,0.0185
-0.0690,0.0185
-0.0690,0.0185
-0.0689,0.0184
-0.0689,0.0184
-0.0688,0.0184
-0.0688,0.0184
-0.0687,0.0184
-0.0687,0.0184
-0.0687,0.0184
-0.0686,0.0184
-0.0686,0.0183
-0.0685,0.0183
-0.0685,0.0183
-0.0684,0.0183
-0.0684,0.0183
-0.0683,0.0183
-0.0683,0.0183
-0.0683,0.0183
-0.0682,0.0182
-0.0682,0.0182
-0.0681,0.0182
-0.0681,0.0182
-0.0681,0.0182
-0.0680,0.0182
-0.0680,0.0182
-0.0679,0.0182
-0.0679,0.0182
-0.0678,0.0181
-0.0678,0.0181
-0.0678,0.0181
-0.0677,0.0181
-0.0677,0.0181
-0.0676,0.0181
-0.0676,0.0181
-0.0675,0.0181
-0.0675,0.0180
-0.0675,0.0180
-0.0674,0.0180
-0.0674,0.0180
-0.0673,0.0180
-0.0673,0.0180
-0.0673,0.0180
-0.0672,0.0180
-0.0672,0.0180
-0.0671,0.0179
-0.0671,0.0179
-0.0670,0.0179
-0.0670,0.0179
-0.0670,0.0179
-0.0669,0.0179
-0.0669,0.0179
-0.0668,0.0179
-0.0668,0.0178
-0.0668,0.0178
-0.0667,0.0178
-0.0667,0.0178
-0.0666,0.0178
-0.0666,0.0178
-0.0666,0.0178
-0.0665,0.0178
-0.0665,0.0178
-0.0664,0.0177
-0.0664,0.0177
-0.0664,0.0177
-0.0663,0.0177
-0.0663,0.0177
-0.0662,0.0177
-0.0662,0.0177
-0.0662,0.0177
-0.0661,0.0177
-0.0661,0.0176
-0.0660,0.0176
-0.0660,0.0176
-0.0660,0.0176
-0.0659,0.0176
-0.0659,0.0176
-0.0658,0.0176
-0.0658,0.0176
-0.0658,0.0175
-0.0657,0.0175
-0.0657,0.0175
-0.0656,0.0175
-0.0656,0.0175
-0.0656,0.0175
-0.0655,0.0175
-0.0655,0.0175
-0.0655,0.0175
-0.0654,0.0174
-0.0654,0.0174
-0.0653,0.0174
-0.0653,0.0174
-0.0653,0.0174
-0.0652,0.0174
-0.0652,0.0174
-0.0651,0.0174
-0.0651,0.0174
-0.0651,0.0173
-0.0650,0.0173
-0.0650,0.0173
-0.0650,0.0173
-0.0649,0.0173
-0.0649,0.0173
-0.0648,0.0173
-0.0648,0.0173
-0.0648,0.0173
-0.0647,0.0172
-0.0647,0.0172
-0.0647,0.0172
-0.0646,0.0172
-0.0646,0.0172
-0.0645,0.0172
-0.0645,0.0172
-0.0645,0.0172
-0.0644,0.0172
-0.0644,0.0172
-0.0644,0.0171
-0.0643,0.0171
-0.0643,0.0171
-0.0642,0.0171
-0.0642,0.0171
-0.0642,0.0171
-0.1587
-0.0240
-0.0210
0.0320
0.0890
0.1022
0.1268
0.1385
0.1462
0.1579
0.1757
0.2136
0.2224
0.2437
0.2653
0.2715
0.2822
0.2885
0.2900
0.2950
0.3047
0.3094
0.3182
0.3407
0.3485
0.3521
0.3538
0.3547
0.3592
0.3606
0.3723
0.3820
0.3864
0.3907
0.3948
0.3993
0.4034
0.4080
0.4150
0.4172
0.4185
0.4294
0.4298
0.4338
0.4370
0.4390
0.4542
0.4616
0.4738
0.4739
0.4812
0.4844
0.4858
0.4862
0.5138
0.5153
0.5211
0.5386
0.5451
0.5490
0.5531
0.5580
0.5606
0.5627
0.5636
0.5644
0.5696
0.5716
0.5790
0.5856
0.5896
0.5905
0.5916
0.5930
0.5939
0.6031
0.6043
0.6046
0.6106
0.6112
0.6114
0.6131
0.6256
0.6274
0.6274
0.6281
0.6284
0.6349
0.6383
0.6428
0.6431
0.6555
0.6584
0.6590
0.6653
0.6657
0.6657
0.6676
0.6741
0.6766
0.6781
0.6850
0.6854
0.6888
0.6905
0.6931
0.6976
0.6980
0.6985
0.7002
0.7006
0.7008
0.7011
0.7013
0.7032
0.7157
0.7163
0.7217
0.7280
0.7302
0.7358
0.7433
0.7503
0.7548
0.7561
0.7566
0.7586
0.7633
0.7658
0.7672
0.7688
0.7703
0.7743
0.7763
0.7778
0.7808
0.7814
0.7899
0.7912
0.7922
0.7976
0.8033
0.8046
0.8062
0.8073
0.8088
0.8089
0.8137
0.8154
0.8167
0.8197
0.8203
0.8226
0.8287
0.8307
0.8317
0.8332
0.8380
0.8383
0.8420
0.8426
0.8450
0.8484
0.8539
0.8556
0.8556
0.8624
0.8653
0.8682
0.8693
0.8694
0.8736
0.8758
0.8758
0.8840
0.8890
0.8952
0.8969
0.9009
0.9015
0.9017
0.9028
0.9072
0.9083
0.9088
0.9116
0.9154
0.9190
0.9205
0.9219
0.9240
0.9266
0.9280
0.9299
0.9335
0.9423
0.9430
0.9484
0.9548
0.9581
0.9586
0.9592
0.9604
0.9609
0.9613
0.9654
0.9671
0.9679
0.9699
0.9721
0.9813
0.9903
0.9938
0.9942
0.9955
1.0031
1.0035
1.0068
1.0072
1.0092
1.0118
1.0129
1.0130
1.0132
1.0161
1.0171
1.0214
1.0226
1.0229
1.0234
1.0237
1.0256
1.0256
1.0258
1.0317
1.0327
1.0353
1.0377
1.0379
1.0418
1.0420
1.0443
1.0458
1.0466
1.0501
1.0515
1.0540
1.0590
1.0598
1.0617
1.0623
1.0630
1.0633
1.0643
1.0648
1.0683
1.0747
1.0748
1.0756
1.0786
1.0805
1.0820
1.0821
1.0832
1.0850
1.0879
1.0884
1.0948
1.0967
1.0976
1.0981
1.0999
1.1000
1.1016
1.1019
1.1043
1.1050
1.1060
1.1104
1.1151
1.1168
1.1173
1.1194
1.1206
1.1217
1.1219
1.1224
1.1243
1.1313
1.1328
1.1334
1.1341
1.1353
1.1386
1.1468
1.1551
1.1650
1.1698
1.1713
1.1715
1.1715
1.1719
1.1723
1.1764
1.1781
1.1798
1.1803
1.1823
1.1859
1.1872
1.1883
1.1907
1.1908
1.1936
1.1966
1.1980
1.2062
1.2067
1.2080
1.2095
1.2100
1.2104
1.2118
1.2147
1.2154
1.2169
1.2189
1.2197
1.2206
1.2213
1.2228
1.2239
1.2281
1.2311
1.2316
1.2330
1.2332
1.2341
1.2351
1.2371
1.2380
1.2385
1.2393
1.2444
1.2451
1.2502
1.2547
1.2580
1.2599
1.2612
1.2618
1.2631
1.2653
1.2658
1.2660
1.2661
1.2661
1.2669
1.2679
1.2685
1.2708
1.2716
1.2753
1.2754
1.2803
1.2845
1.2847
1.2891
1.2940
1.2952
1.2965
1.2972
1.2983
1.2984
1.2986
1.2988
1.3031
1.3059
1.3071
1.3072
1.3082
1.3086
1.3096
1.3114
1.3118
1.3141
1.3148
1.3198
1.3199
1.3237
1.3242
1.3257
1.3274
1.3300
1.3301
1.3311
1.3326
1.3330
1.3337
1.3342
1.3368
1.3372
1.3381
1.3385
1.3396
1.3401
1.3414
1.3425
1.3432
1.3462
1.3465
1.3478
1.3483
1.3504
1.3505
1.3515
1.3562
1.3564
1.3565
1.3588
1.3607
1.3611
1.3665
1.3673
1.3692
1.3704
1.3728
1.3732
1.3735
1.3744
1.3757
1.3762
1.3784
1.3802
1.3815
1.3824
1.3837
1.3843
1.3864
1.3925
1.3953
1.3962
1.3968
1.3982
1.4010
1.4013
1.4015
1.4027
1.4037
1.4044
1.4044
1.4046
1.4057
1.4061
1.4067
1.4076
1.4076
1.4088
1.4110
1.4128
1.4133
1.4151
1.4182
1.4187
1.4207
1.4215
1.4235
1.4248
1.4249
1.4252
1.4300
1.4306
1.4329
1.4330
1.4343
1.4346
1.4348
1.4359
1.4401
1.4436
1.4441
1.4441
1.4448
1.4500
1.4505
1.4520
1.4550
1.4653
1.4676
1.4690
1.4695
1.4697
1.4709
1.4711
1.4714
1.4737
1.4746
1.4751
1.4761
1.4771
1.4772
1.4778
1.4791
1.4795
1.4805
1.4815
1.4837
1.4846
1.4854
1.4903
1.4904
1.4906
1.4944
1.4982
1.4991
1.5023
1.5035
1.5040
1.5060
1.5077
1.5095
1.5119
1.5128
1.5165
1.5174
1.5177
1.5187
1.5187
1.5191
1.5194
1.5199
1.5207
1.5224
1.5244
1.5261
1.5291
1.5319
1.5320
1.5328
1.5359
1.5388
1.5434
1.5447
1.5457
1.5459
1.5468
1.5479
1.5486
1.5502
1.5540
1.5545
1.5557
1.5568
1.5581
1.5586
1.5594
1.5600
1.5631
1.5654
1.5663
1.5695
1.5700
1.5738
1.5740
1.5749
1.5763
1.5784
1.5818
1.5850
1.5865
1.5889
1.5892
1.5905
1.5927
1.5968
1.6011
1.6026
1.6032
1.6059
1.6079
1.6092
1.6097
1.6108
1.6116
1.6117
1.6139
1.6145
1.6151
1.6155
1.6160
1.6162
1.6165
1.6179
1.6198
1.6236
1.6251
1.6260
1.6280
1.6325
1.6329
1.6364
1.6368
1.6371
1.6376
1.6407
1.6431
1.6442
1.6452
1.6502
1.6541
1.6580
1.6610
1.6612
1.6626
1.6672
1.6682
1.6682
1.6692
1.6702
1.6735
1.6738
1.6789
1.6809
1.6812
1.6839
1.6859
1.6913
1.6914
1.6921
1.6982
1.7014
1.7016
1.7034
1.7054
1.7061
1.7070
1.7071
1.7081
1.7084
1.7087
1.7118
1.7186
1.7214
1.7292
1.7294
1.7327
1.7359
1.7360
1.7365
1.7434
1.7434
1.7455
1.7468
1.7487
1.7498
1.7531
1.7539
1.7566
1.7574
1.7598
1.7611
1.7613
1.7629
1.7631
1.7664
1.7677
1.7697
1.7706
1.7715
1.7715
1.7724
1.7728
1.7729
1.7735
1.7740
1.7743
1.7757
1.7766
1.7835
1.7936
1.7945
1.7959
1.7983
1.8022
1.8023
1.8037
1.8058
1.8066
1.8101
1.8103
1.8123
1.8130
1.8133
1.8179
1.8192
1.8192
1.8225
1.8240
1.8261
1.8276
1.8277
1.8294
1.8295
1.8311
1.8329
1.8391
1.8401
1.8415
1.8440
1.8453
1.8454
1.8456
1.8458
1.8476
1.8478
1.8481
1.8508
1.8514
1.8532
1.8547
1.8628
1.8638
1.8679
1.8681
1.8696
1.8743
1.8755
1.8780
1.8801
1.8837
1.8841
1.8869
1.8874
1.8892
1.8900
1.8936
1.8965
1.8994
1.9047
1.9073
1.9086
1.9089
1.9098
1.9140
1.9149
1.9153
1.9164
1.9229
1.9308
1.9339
1.9360
1.9425
1.9446
1.9458
1.9470
1.9485
1.9505
1.9516
1.9518
1.9535
1.9541
1.9558
1.9657
1.9681
1.9689
1.9726
1.9748
1.9751
1.9753
1.9782
1.9788
1.9794
1.9869
1.9900
1.9933
1.9960
1.9965
1.9990
1.9998
2.0012
2.0024
2.0051
2.0067
2.0068
2.0089
2.0162
2.0178
2.0188
2.0214
2.0220
2.0234
2.0267
2.0329
2.0383
2.0409
2.0442
2.0452
2.0568
2.0573
2.0582
2.0604
2.0615
2.0637
2.0654
2.0731
2.0733
2.0738
2.0741
2.0747
2.0777
2.0779
2.1125
2.1165
2.1169
2.1191
2.1256
2.1257
2.1260
2.1353
2.1389
2.1422
2.1469
2.1491
2.1601
2.1629
2.1634
2.1670
2.1709
2.1751
2.1761
2.1763
2.1796
2.1818
2.1822
2.1858
2.1907
2.2137
2.2153
2.2166
2.2191
2.2241
2.2251
2.2265
2.2272
2.2333
2.2409
2.2415
2.2431
2.2435
2.2460
2.2465
2.2520
2.2530
2.2531
2.2627
2.2652
2.2805
2.2829
2.2897
2.2930
2.2948
2.2971
2.2991
2.2998
2.3017
2.3025
2.3027
2.3034
2.3040
2.3044
2.3058
2.3083
2.3089
2.3097
2.3148
2.3178
2.3184
2.3206
2.3338
2.3372
2.3372
2.3477
2.3495
2.3616
2.3630
2.3689
2.3737
2.3749
2.3758
2.3797
2.3942
2.3949
2.3955
2.3955
2.3959
2.3964
2.4033
2.4036
2.4098
2.4159
2.4297
2.4395
2.4405
2.4472
2.4477
2.4550
2.4551
2.4592
2.4668
2.4683
2.4718
2.4735
2.4778
2.4794
2.4801
2.4892
2.4943
2.4948
2.4962
2.4980
2.4990
2.5093
2.5100
2.5107
2.5138
2.5168
2.5303
2.5327
2.5374
2.5387
2.5390
2.5407
2.5414
2.5423
2.5437
2.5453
2.5482
2.5776
2.5832
2.5855
2.5863
2.5987
2.6217
2.6277
2.6350
2.6635
2.6699
2.6707
2.6848
2.6900
2.6941
2.7158
2.7388
2.7388
2.7493
2.7538
2.7566
2.7598
2.7758
2.7783
2.7949
2.8169
2.8319
2.8364
2.8618
2.8914
2.8935
2.8945
2.8998
2.9205
2.9281
2.9466
2.9472
2.9633
2.9739
2.9970
2.9998
3.0171
3.0416
3.0826
3.1353
3.1453
3.1706
3.1768
3.1905
3.1966
3.2061
3.2445
3.2511
3.2561
3.2801
3.2897
3.2932
3.3815
3.3911
3.4354
3.5566
3.5768
3.7596
4.0317
