1000
1000
-1.3938,0.2001
-1.3014,0.1927
-1.0912,0.1557
-0.9482,0.1440
-0.8461,0.1393
-0.7672,0.1348
-0.7048,0.1309
-0.6550,0.1276
-0.6138,0.1239
-0.5794,0.1207
-0.5500,0.1179
-0.5239,0.1146
-0.5010,0.1115
-0.4806,0.1087
-0.4623,0.1060
-0.4457,0.1034
-0.4307,0.1011
-0.4170,0.0989
-0.4045,0.0970
-0.3929,0.0950
-0.3823,0.0933
-0.3725,0.0916
-0.3634,0.0901
-0.3548,0.0887
-0.3469,0.0874
-0.3394,0.0860
-0.3323,0.0848
-0.3257,0.0836
-0.3194,0.0824
-0.3134,0.0813
-0.3077,0.0803
-0.3023,0.0793
-0.2972,0.0783
-0.2923,0.0774
-0.2877,0.0765
-0.2832,0.0756
-0.2789,0.0746
-0.2748,0.0737
-0.2708,0.0728
-0.2670,0.0720
-0.2634,0.0712
-0.2599,0.0704
-0.2565,0.0695
-0.2532,0.0688
-0.2500,0.0680
-0.2469,0.0672
-0.2440,0.0665
-0.2411,0.0658
-0.2384,0.0651
-0.2357,0.0644
-0.2330,0.0637
-0.2305,0.0630
-0.2281,0.0623
-0.2257,0.0617
-0.2234,0.0611
-0.2211,0.0605
-0.2189,0.0599
-0.2168,0.0593
-0.2147,0.0588
-0.2127,0.0582
-0.2107,0.0577
-0.2088,0.0571
-0.2069,0.0566
-0.2051,0.0561
-0.2033,0.0556
-0.2016,0.0552
-0.1999,0.0547
-0.1982,0.0542
-0.1966,0.0538
-0.1950,0.0533
-0.1934,0.0529
-0.1919,0.0524
-0.1904,0.0520
-0.1889,0.0516
-0.1875,0.0512
-0.1861,0.0507
-0.1847,0.0503
-0.1833,0.0499
-0.1820,0.0495
-0.1807,0.0492
-0.1794,0.0488
-0.1781,0.0484
-0.1769,0.0480
-0.1757,0.0477
-0.1745,0.0473
-0.1733,0.0470
-0.1722,0.0466
-0.1710,0.0463
-0.1699,0.0460
-0.1688,0.0457
-0.1677,0.0453
-0.1666,0.0450
-0.1656,0.0447
-0.1646,0.0444
-0.1635,0.0441
-0.1625,0.0438
-0.1615,0.0435
-0.1606,0.0432
-0.1596,0.0429
-0.1586,0.0427
-0.1577,0.0424
-0.1568,0.0421
-0.1558,0.0418
-0.1549,0.0415
-0.1540,0.0413
-0.1531,0.0410
-0.1523,0.0407
-0.1514,0.0405
-0.1505,0.0402
-0.1497,0.0399
-0.1488,0.0397
-0.1480,0.0394
-0.1472,0.0392
-0.1464,0.0390
-0.1456,0.0387
-0.1448,0.0385
-0.1440,0.0383
-0.1432,0.0380
-0.1425,0.0378
-0.1417,0.0376
-0.1410,0.0374
-0.1402,0.0371
-0.1395,0.0369
-0.1388,0.0367
-0.1380,0.0365
-0.1373,0.0363
-0.1366,0.0361
-0.1359,0.0359
-0.1352,0.0357
-0.1345,0.0355
-0.1339,0.0353
-0.1332,0.0351
-0.1325,0.0349
-0.1319,0.0347
-0.1312,0.0345
-0.1306,0.0343
-0.1299,0.0341
-0.1293,0.0339
-0.1287,0.0337
-0.1280,0.0336
-0.1274,0.0334
-0.1268,0.0332
-0.1262,0.0330
-0.1256,0.0329
-0.1250,0.0327
-0.1244,0.0325
-0.1238,0.0323
-0.1232,0.0322
-0.1226,0.0320
-0.1220,0.0318
-0.1214,0.0316
-0.1208,0.0314
-0.1202,0.0313
-0.1196,0.0311
-0.1191,0.0309
-0.1185,0.0307
-0.1179,0.0305
-0.1174,0.0303
-0.1168,0.0302
-0.1162,0.0300
-0.1157,0.0298
-0.1151,0.0296
-0.1145,0.0294
-0.1140,0.0293
-0.1134,0.0291
-0.1129,0.0289
-0.1124,0.0287
-0.1118,0.0286
-0.1113,0.0284
-0.1108,0.0282
-0.1102,0.0280
-0.1097,0.0279
-0.1092,0.0277
-0.1086,0.0275
-0.1081,0.0273
-0.1076,0.0272
-0.1071,0.0270
-0.1065,0.0268
-0.1060,0.0266
-0.1055,0.0265
-0.1050,0.0263
-0.1045,0.0261
-0.1040,0.0260
-0.1034,0.0258
-0.1029,0.0256
-0.1024,0.0254
-0.1019,0.0253
-0.1014,0.0251
-0.1009,0.0249
-0.1004,0.0248
-0.0999,0.0246
-0.0994,0.0245
-0.0989,0.0243
-0.0984,0.0241
-0.0979,0.0240
-0.0974,0.0238
-0.0969,0.0237
-0.0964,0.0235
-0.0959,0.0233
-0.0955,0.0232
-0.0950,0.0230
-0.0945,0.0229
-0.0940,0.0227
-0.0935,0.0226
-0.0930,0.0225
-0.0926,0.0223
-0.0921,0.0222
-0.0916,0.0220
-0.0911,0.0219
-0.0907,0.0218
-0.0902,0.0216
-0.0897,0.0215
-0.0893,0.0214
-0.0888,0.0212
-0.0883,0.0211
-0.0879,0.0210
-0.0874,0.0208
-0.0869,0.0207
-0.0865,0.0206
-0.0860,0.0204
-0.0855,0.0203
-0.0851,0.0202
-0.0846,0.0200
-0.0842,0.0199
-0.0837,0.0197
-0.0832,0.0196
-0.0828,0.0195
-0.0823,0.0193
-0.0818,0.0192
-0.0814,0.0190
-0.0809,0.0189
-0.0805,0.0188
-0.0800,0.0186
-0.0795,0.0185
-0.0791,0.0183
-0.0786,0.0182
-0.0781,0.0181
-0.0777,0.0179
-0.0772,0.0178
-0.0767,0.0177
-0.0762,0.0175
-0.0758,0.0174
-0.0753,0.0172
-0.0748,0.0171
-0.0743,0.0169
-0.0739,0.0168
-0.0734,0.0167
-0.0729,0.0165
-0.0724,0.0164
-0.0719,0.0163
-0.0715,0.0161
-0.0710,0.0160
-0.0705,0.0159
-0.0700,0.0157
-0.0695,0.0156
-0.0690,0.0155
-0.0685,0.0153
-0.0680,0.0152
-0.0676,0.0151
-0.0671,0.0149
-0.0666,0.0148
-0.0661,0.0147
-0.0656,0.0146
-0.0651,0.0144
-0.0646,0.0143
-0.0641,0.0142
-0.0636,0.0140
-0.0631,0.0139
-0.0626,0.0138
-0.0620,0.0136
-0.0615,0.0135
-0.0610,0.0134
-0.0605,0.0133
-0.0600,0.0131
-0.0594,0.0130
-0.0589,0.0129
-0.0584,0.0127
-0.0578,0.0126
-0.0573,0.0125
-0.0567,0.0123
-0.0562,0.0122
-0.0556,0.0121
-0.0551,0.0119
-0.0545,0.0118
-0.0540,0.0116
-0.0534,0.0115
-0.0528,0.0114
-0.0522,0.0112
-0.0516,0.0111
-0.0511,0.0110
-0.0505,0.0109
-0.0498,0.0107
-0.0492,0.0106
-0.0486,0.0105
-0.0480,0.0103
-0.0474,0.0102
-0.0467,0.0101
-0.0461,0.0100
-0.0454,0.0098
-0.0447,0.0097
-0.0440,0.0096
-0.0434,0.0095
-0.0427,0.0093
-0.0419,0.0092
-0.0412,0.0091
-0.0405,0.0090
-0.0397,0.0088
-0.0390,0.0087
-0.0382,0.0086
-0.0374,0.0084
-0.0366,0.0083
-0.0358,0.0082
-0.0350,0.0081
-0.0341,0.0080
-0.0332,0.0078
-0.0323,0.0077
-0.0314,0.0076
-0.0305,0.0075
-0.0295,0.0073
-0.0285,0.0072
-0.0274,0.0070
-0.0263,0.0069
-0.0252,0.0067
-0.0240,0.0066
-0.0228,0.0064
-0.0215,0.0062
-0.0201,0.0060
-0.0187,0.0058
-0.0170,0.0056
-0.0152,0.0052
0.0000,0.0000
0.0000,0.0000
0.0000,0.0000
0.0000,0.0000
0.0000,0.0000
0.0000,0.0000
0.0000,0.0000
0.0000,0.0000
0.0000,0.0000
0.0000,0.0000
0.0000,0.0000
0.0000,0.0000
0.0000,0.0000
0.0000,0.0000
0.0000,0.0000
0.0000,0.0000
0.0000,0.0000
0.0000,0.0000
0.0000,0.0000
0.0000,0.0000
0.0000,0.0000
0.0000,0.0000
0.0000,0.0000
0.0000,0.0000
0.0000,0.0000
0.0000,0.0000
0.0000,0.0000
0.0000,0.0000
0.0000,0.0000
0.0000,0.0000
0.0000,0.0000
0.0000,0.0000
0.0000,0.0000
0.0000,0.0000
0.0000,0.0000
0.0000,0.0000
0.0000,0.0000
0.0000,0.0000
0.0000,0.0000
0.0000,0.0000
0.0000,0.0000
0.0000,0.0000
0.0000,0.0000
0.0000,0.0000
0.0000,0.0000
0.0000,0.0000
0.0000,0.0000
0.0000,0.0000
0.0000,0.0000
0.0000,0.0000
0.0000,0.0000
0.0000,0.0000
0.0000,0.0000
0.0000,0.0000
0.0000,0.0000
0.0000,0.0000
0.0000,0.0000
0.0000,0.0000
0.0000,0.0000
0.0000,0.0000
0.0000,0.0000
0.0000,0.0000
0.0000,0.0000
0.0000,0.0000
0.0000,0.0000
0.0000,0.0000
0.0000,0.0000
0.0000,0.0000
0.0000,0.0000
0.0000,0.0000
0.0000,0.0000
0.0000,0.0000
0.0000,0.0000
0.0000,0.0000
0.0000,0.0000
0.0000,0.0000
0.0000,0.0000
0.0000,0.0000
0.0000,0.0000
0.0000,0.0000
0.0000,0.0000
0.0000,0.0000
0.0000,0.0000
0.0000,0.0000
0.0000,0.0000
0.0000,0.0000
0.0000,0.0000
0.0000,0.0000
0.0000,0.0000
0.0000,0.0000
0.0000,0.0000
0.0000,0.0000
0.0000,0.0000
0.0000,0.0000
0.0000,0.0000
0.0000,0.0000
0.0000,0.0000
0.0000,0.0000
0.0000,0.0000
0.0000,0.0000
0.0000,0.0000
0.0000,0.0000
0.0000,0.0000
0.0000,0.0000
0.0000,0.0000
0.0000,0.0000
0.0000,0.0000
0.0000,0.0000
0.0000,0.0000
0.0000,0.0000
0.0000,0.0000
0.0000,0.0000
0.0000,0.0000
0.0000,0.0000
0.0000,0.0000
0.0000,0.0000
0.0000,0.0000
0.0000,0.0000
0.0000,0.0000
0.0000,0.0000
0.0000,0.0000
0.0000,0.0000
0.0000,0.0000
0.0000,0.0000
0.0000,0.0000
0.0000,0.0000
0.0000,0.0000
0.0000,0.0000
0.0000,0.0000
0.0000,0.0000
0.0000,0.0000
0.0000,0.0000
0.0000,0.0000
0.0000,0.0000
0.0000,0.0000
0.0000,0.0000
0.0000,0.0000
0.0000,0.0000
0.0000,0.0000
0.0000,0.0000
0.0000,0.0000
0.0000,0.0000
0.0000,0.0000
0.0000,0.0000
0.0000,0.0000
0.0000,0.0000
0.0000,0.0000
0.0000,0.0000
0.0000,0.0000
0.0000,0.0000
0.0000,0.0000
0.0000,0.0000
0.0000,0.0000
0.0000,0.0000
0.0000,0.0000
0.0000,0.0000
0.0000,0.0000
0.0000,0.0000
0.0000,0.0000
0.0000,0.0000
0.0000,0.0000
0.0000,0.0000
0.0000,0.0000
0.0000,0.0000
0.0000,0.0000
0.0000,0.0000
0.0000,0.0000
0.0000,0.0000
0.0000,0.0000
0.0000,0.0000
0.0000,0.0000
0.0000,0.0000
0.0000,0.0000
0.0000,0.0000
0.0000,0.0000
0.0000,0.0000
0.0000,0.0000
0.0000,0.0000
0.0000,0.0000
0.0000,0.0000
0.0000,0.0000
0.0000,0.0000
0.0000,0.0000
0.0000,0.0000
0.0000,0.0000
0.0000,0.0000
0.0000,0.0000
0.0000,0.0000
0.0000,0.0000
0.0000,0.0000
0.0000,0.0000
0.0000,0.0000
0.0000,0.0000
0.0000,0.0000
0.0000,0.0000
0.0000,0.0000
0.0000,0.0000
0.0000,0.0000
0.0000,0.0000
0.0000,0.0000
0.0000,0.0000
0.0000,0.0000
0.0000,0.0000
0.0000,0.0000
0.0000,0.0000
0.0000,0.0000
0.0000,0.0000
0.0000,0.0000
0.0000,0.0000
0.0000,0.0000
0.0000,0.0000
0.0000,0.0000
0.0000,0.0000
0.0000,0.0000
0.0000,0.0000
0.0000,0.0000
0.0000,0.0000
0.0000,0.0000
0.0000,0.0000
0.0000,0.0000
0.0000,0.0000
0.0000,0.0000
0.0000,0.0000
0.0000,0.0000
0.0000,0.0000
0.0000,0.0000
0.0000,0.0000
0.0000,0.0000
0.0000,0.0000
0.0000,0.0000
0.0000,0.0000
0.0000,0.0000
0.0000,0.0000
0.0000,0.0000
0.0000,0.0000
0.0000,0.0000
0.0000,0.0000
0.0000,0.0000
0.0000,0.0000
0.0000,0.0000
0.0000,0.0000
0.0000,0.0000
0.0000,0.0000
0.0000,0.0000
0.0000,0.0000
0.0000,0.0000
0.0000,0.0000
0.0000,0.0000
0.0000,0.0000
0.0000,0.0000
0.0000,0.0000
0.0000,0.0000
0.0000,0.0000
0.0000,0.0000
0.0000,0.0000
0.0000,0.0000
0.0000,0.0000
0.0000,0.0000
0.0000,0.0000
0.0000,0.0000
0.0000,0.0000
0.0000,0.0000
0.0000,0.0000
0.0000,0.0000
0.0000,0.0000
0.0000,0.0000
0.0000,0.0000
0.0000,0.0000
0.0000,0.0000
0.0000,0.0000
0.0000,0.0000
0.0000,0.0000
0.0000,0.0000
0.0000,0.0000
0.0000,0.0000
0.0000,0.0000
0.0000,0.0000
0.0000,0.0000
0.0000,0.0000
0.0000,0.0000
0.0000,0.0000
0.0000,0.0000
0.0000,0.0000
0.0000,0.0000
0.0000,0.0000
0.0000,0.0000
0.0000,0.0000
0.0000,0.0000
0.0000,0.0000
0.0000,0.0000
0.0000,0.0000
0.0000,0.0000
0.0000,0.0000
0.0000,0.0000
0.0000,0.0000
0.0000,0.0000
0.0000,0.0000
0.0000,0.0000
0.0000,0.0000
0.0000,0.0000
0.0000,0.0000
0.0000,0.0000
0.0000,0.0000
0.0000,0.0000
0.0000,0.0000
0.0000,0.0000
0.0000,0.0000
0.0000,0.0000
0.0000,0.0000
0.0000,0.0000
0.0000,0.0000
0.0000,0.0000
0.0000,0.0000
0.0000,0.0000
0.0000,0.0000
0.0000,0.0000
0.0000,0.0000
0.0000,0.0000
0.0000,0.0000
0.0000,0.0000
0.0000,0.0000
0.0000,0.0000
0.0000,0.0000
0.0000,0.0000
0.0000,0.0000
0.0000,0.0000
0.0000,0.0000
0.0000,0.0000
0.0000,0.0000
0.0000,0.0000
0.0000,0.0000
0.0000,0.0000
0.0000,0.0000
0.0000,0.0000
0.0000,0.0000
0.0000,0.0000
0.0000,0.0000
0.0000,0.0000
0.0000,0.0000
0.0000,0.0000
0.0000,0.0000
0.0000,0.0000
0.0000,0.0000
0.0000,0.0000
0.0000,0.0000
0.0000,0.0000
0.0000,0.0000
0.0000,0.0000
0.0000,0.0000
0.0000,0.0000
0.0000,0.0000
0.0000,0.0000
0.0000,0.0000
0.0000,0.0000
0.0000,0.0000
0.0000,0.0000
0.0000,0.0000
0.0000,0.0000
0.0000,0.0000
0.0000,0.0000
0.0000,0.0000
0.0000,0.0000
0.0000,0.0000
0.0000,0.0000
0.0000,0.0000
0.0000,0.0000
0.0000,0.0000
0.0000,0.0000
0.0000,0.0000
0.0000,0.0000
0.0000,0.0000
0.0000,0.0000
0.0000,0.0000
0.0000,0.0000
0.0000,0.0000
0.0000,0.0000
0.0000,0.0000
0.0000,0.0000
0.0000,0.0000
0.0000,0.0000
0.0000,0.0000
0.0000,0.0000
0.0000,0.0000
0.0000,0.0000
0.0000,0.0000
0.0000,0.0000
0.0000,0.0000
0.0000,0.0000
0.0000,0.0000
0.0000,0.0000
0.0000,0.0000
0.0000,0.0000
0.0000,0.0000
0.0000,0.0000
0.0000,0.0000
0.0000,0.0000
0.0000,0.0000
0.0000,0.0000
0.0000,0.0000
0.0000,0.0000
0.0000,0.0000
0.0000,0.0000
0.0000,0.0000
0.0000,0.0000
0.0000,0.0000
0.0000,0.0000
0.0000,0.0000
0.0000,0.0000
0.0000,0.0000
0.0000,0.0000
0.0000,0.0000
0.0000,0.0000
0.0000,0.0000
0.0000,0.0000
0.0000,0.0000
0.0000,0.0000
0.0000,0.0000
0.0000,0.0000
0.0000,0.0000
0.0000,0.0000
0.0000,0.0000
0.0000,0.0000
0.0000,0.0000
0.0000,0.0000
0.0000,0.0000
0.0000,0.0000
0.0000,0.0000
0.0000,0.0000
0.0000,0.0000
0.0000,0.0000
0.0000,0.0000
0.0000,0.0000
0.0000,0.0000
0.0000,0.0000
0.0000,0.0000
0.0000,0.0000
0.0000,0.0000
0.0000,0.0000
0.0000,0.0000
0.0000,0.0000
0.0000,0.0000
0.0000,0.0000
0.0000,0.0000
0.0000,0.0000
0.0000,0.0000
0.0000,0.0000
0.0000,0.0000
0.0000,0.0000
0.0000,0.0000
0.0000,0.0000
0.0000,0.0000
0.0000,0.0000
0.0000,0.0000
0.0000,0.0000
0.0000,0.0000
0.0000,0.0000
0.0000,0.0000
0.0000,0.0000
0.0000,0.0000
0.0000,0.0000
0.0000,0.0000
0.0000,0.0000
0.0000,0.0000
0.0000,0.0000
0.0000,0.0000
0.0000,0.0000
0.0000,0.0000
0.0000,0.0000
0.0000,0.0000
0.0000,0.0000
0.0000,0.0000
0.0000,0.0000
0.0000,0.0000
0.0000,0.0000
0.0000,0.0000
0.0000,0.0000
0.0000,0.0000
0.0000,0.0000
0.0000,0.0000
0.0000,0.0000
0.0000,0.0000
0.0000,0.0000
0.0000,0.0000
0.0000,0.0000
0.0000,0.0000
0.0000,0.0000
0.0000,0.0000
0.0000,0.0000
0.0000,0.0000
0.0000,0.0000
0.0000,0.0000
0.0000,0.0000
0.0000,0.0000
0.0000,0.0000
0.0000,0.0000
0.0000,0.0000
0.0000,0.0000
0.0000,0.0000
0.0000,0.0000
0.0000,0.0000
0.0000,0.0000
0.0000,0.0000
0.0000,0.0000
0.0000,0.0000
0.0000,0.0000
0.0000,0.0000
0.0000,0.0000
0.0000,0.0000
0.0000,0.0000
0.0000,0.0000
0.0000,0.0000
0.0000,0.0000
0.0000,0.0000
0.0000,0.0000
0.0000,0.0000
0.0000,0.0000
0.0000,0.0000
0.0000,0.0000
0.0000,0.0000
0.0000,0.0000
0.0000,0.0000
0.0000,0.0000
0.0000,0.0000
0.0000,0.0000
0.0000,0.0000
0.0000,0.0000
0.0000,0.0000
0.0000,0.0000
0.0000,0.0000
0.0000,0.0000
0.0000,0.0000
0.0000,0.0000
0.0000,0.0000
0.0000,0.0000
0.0000,0.0000
0.0000,0.0000
0.0000,0.0000
0.0000,0.0000
0.0000,0.0000
0.0000,0.0000
0.0000,0.0000
0.0000,0.0000
0.0000,0.0000
0.0000,0.0000
0.0000,0.0000
0.0000,0.0000
0.0000,0.0000
0.0000,0.0000
0.0000,0.0000
0.0000,0.0000
0.0000,0.0000
0.0000,0.0000
0.0000,0.0000
0.0000,0.0000
0.0000,0.0000
0.0000,0.0000
0.0000,0.0000
0.0000,0.0000
0.0000,0.0000
0.0000,0.0000
0.0000,0.0000
0.0000,0.0000
0.0000,0.0000
0.0000,0.0000
0.0000,0.0000
0.0000,0.0000
0.0000,0.0000
0.0000,0.0000
0.0000,0.0000
0.0000,0.0000
0.0000,0.0000
0.0000,0.0000
0.0000,0.0000
0.0000,0.0000
0.0000,0.0000
0.0000,0.0000
0.0000,0.0000
0.0000,0.0000
0.0000,0.0000
0.0000,0.0000
0.0000,0.0000
0.0000,0.0000
0.0000,0.0000
0.0000,0.0000
0.0000,0.0000
0.0000,0.0000
0.0000,0.0000
0.0000,0.0000
0.0000,0.0000
0.0000,0.0000
0.0000,0.0000
0.0000,0.0000
0.0000,0.0000
0.0000,0.0000
0.0000,0.0000
0.0000,0.0000
0.0000,0.0000
0.0000,0.0000
0.0000,0.0000
0.0000,0.0000
0.0000,0.0000
0.0000,0.0000
0.0000,0.0000
0.0000,0.0000
0.0000,0.0000
0.0000,0.0000
0.0000,0.0000
0.0000,0.0000
0.0000,0.0000
0.0000,0.0000
0.0000,0.0000
0.0000,0.0000
0.0000,0.0000
0.0000,0.0000
0.0000,0.0000
0.0000,0.0000
0.0000,0.0000
0.0000,0.0000
0.0000,0.0000
0.0000,0.0000
0.0000,0.0000
0.0000,0.0000
0.0000,0.0000
0.0000,0.0000
0.0000,0.0000
0.0000,0.0000
0.0000,0.0000
0.0000,0.0000
0.0000,0.0000
0.0000,0.0000
0.0000,0.0000
0.0000,0.0000
0.0000,0.0000
0.0000,0.0000
0.0000,0.0000
0.0000,0.0000
0.0000,0.0000
0.0000,0.0000
0.0000,0.0000
0.0000,0.0000
0.0000,0.0000
0.0000,0.0000
0.0000,0.0000
0.0000,0.0000
0.0000,0.0000
0.0000,0.0000
0.0000,0.0000
0.0000,0.0000
0.0000,0.0000
0.0000,0.0000
0.0000,0.0000
0.0000,0.0000
0.0000,0.0000
0.0000,0.0000
0.0000,0.0000
0.0000,0.0000
0.0000,0.0000
0.0000,0.0000
0.0000,0.0000
0.0000,0.0000
0.0000,0.0000
0.0000,0.0000
0.0000,0.0000
0.0000,0.0000
0.0000,0.0000
0.0000,0.0000
0.0000,0.0000
0.0000,0.0000
0.0000,0.0000
0.0000,0.0000
-0.6946
-0.6679
-0.6417
-0.5652
-0.5051
-0.4846
-0.3428
-0.2998
-0.2915
-0.2285
-0.2013
-0.1832
-0.1275
-0.1192
-0.1016
-0.0988
-0.0964
-0.0890
-0.0771
-0.0315
-0.0186
-0.0114
-0.0086
-0.0041
0.0116
0.0145
0.0371
0.0600
0.0655
0.0696
0.0711
0.0761
0.0793
0.0796
0.0813
0.0832
0.0850
0.0866
0.0914
0.0935
0.0944
0.0986
0.0999
0.1140
0.1265
0.1321
0.1336
0.1561
0.1564
0.1669
0.1669
0.1765
0.1851
0.1890
0.1976
0.2111
0.2149
0.2161
0.2172
0.2203
0.2396
0.2408
0.2526
0.2567
0.2768
0.2815
0.2838
0.2884
0.3054
0.3251
0.3279
0.3287
0.3372
0.3417
0.3455
0.3525
0.3544
0.3591
0.3596
0.3675
0.3716
0.3748
0.3757
0.3870
0.3881
0.3899
0.3973
0.4024
0.4086
0.4091
0.4099
0.4142
0.4246
0.4316
0.4377
0.4396
0.4397
0.4417
0.4435
0.4514
0.4627
0.4634
0.4739
0.4755
0.4784
0.4795
0.4809
0.4841
0.4853
0.4865
0.4870
0.4929
0.4989
0.5051
0.5106
0.5129
0.5144
0.5203
0.5245
0.5253
0.5275
0.5298
0.5316
0.5319
0.5398
0.5428
0.5456
0.5477
0.5490
0.5511
0.5585
0.5630
0.5660
0.5667
0.5709
0.5711
0.5765
0.5821
0.5832
0.5870
0.5909
0.5928
0.5981
0.5989
0.6030
0.6035
0.6066
0.6070
0.6078
0.6089
0.6092
0.6127
0.6137
0.6180
0.6202
0.6203
0.6204
0.6221
0.6248
0.6286
0.6312
0.6318
0.6404
0.6451
0.6509
0.6520
0.6556
0.6576
0.6671
0.6683
0.6683
0.6687
0.6690
0.6828
0.6842
0.6846
0.6892
0.6906
0.6911
0.6960
0.6981
0.6989
0.7032
0.7052
0.7090
0.7097
0.7115
0.7155
0.7178
0.7202
0.7217
0.7300
0.7315
0.7350
0.7373
0.7433
0.7510
0.7515
0.7528
0.7578
0.7617
0.7624
0.7682
0.7715
0.7769
0.7812
0.7855
0.7858
0.7892
0.7893
0.7899
0.7909
0.7929
0.7944
0.7981
0.8000
0.8011
0.8014
0.8016
0.8077
0.8099
0.8104
0.8109
0.8154
0.8179
0.8184
0.8211
0.8246
0.8247
0.8262
0.8287
0.8289
0.8301
0.8332
0.8357
0.8413
0.8414
0.8438
0.8442
0.8448
0.8484
0.8531
0.8582
0.8600
0.8606
0.8611
0.8739
0.8743
0.8755
0.8825
0.8831
0.8870
0.8884
0.8896
0.8992
0.9048
0.9082
0.9128
0.9144
0.9205
0.9231
0.9247
0.9291
0.9320
0.9332
0.9356
0.9356
0.9358
0.9373
0.9382
0.9386
0.9410
0.9449
0.9529
0.9592
0.9600
0.9621
0.9636
0.9662
0.9670
0.9688
0.9689
0.9727
0.9752
0.9768
0.9809
0.9809
0.9832
0.9853
0.9938
0.9943
0.9981
0.9985
1.0075
1.0090
1.0100
1.0118
1.0155
1.0203
1.0240
1.0252
1.0260
1.0278
1.0285
1.0293
1.0360
1.0371
1.0390
1.0444
1.0467
1.0518
1.0522
1.0534
1.0566
1.0625
1.0630
1.0638
1.0658
1.0677
1.0718
1.0740
1.0745
1.0764
1.0785
1.0812
1.0828
1.0838
1.0871
1.0879
1.0890
1.0892
1.0905
1.0905
1.0937
1.0965
1.1008
1.1012
1.1023
1.1049
1.1066
1.1115
1.1115
1.1151
1.1161
1.1172
1.1174
1.1191
1.1208
1.1217
1.1254
1.1280
1.1281
1.1289
1.1299
1.1304
1.1353
1.1387
1.1395
1.1397
1.1399
1.1436
1.1436
1.1443
1.1450
1.1463
1.1467
1.1512
1.1514
1.1523
1.1598
1.1602
1.1610
1.1633
1.1644
1.1665
1.1677
1.1733
1.1778
1.1789
1.1799
1.1816
1.1832
1.1849
1.1870
1.1903
1.1912
1.1914
1.1920
1.1932
1.1940
1.1947
1.1953
1.1953
1.2016
1.2044
1.2046
1.2058
1.2071
1.2081
1.2154
1.2155
1.2161
1.2165
1.2171
1.2176
1.2218
1.2241
1.2257
1.2287
1.2335
1.2364
1.2384
1.2396
1.2405
1.2412
1.2435
1.2444
1.2461
1.2533
1.2548
1.2582
1.2601
1.2655
1.2659
1.2675
1.2694
1.2721
1.2761
1.2832
1.2858
1.2891
1.2911
1.2932
1.2938
1.2948
1.2977
1.3006
1.3025
1.3083
1.3094
1.3095
1.3107
1.3120
1.3144
1.3147
1.3153
1.3175
1.3231
1.3239
1.3257
1.3336
1.3348
1.3352
1.3372
1.3402
1.3434
1.3435
1.3467
1.3487
1.3519
1.3520
1.3536
1.3550
1.3558
1.3564
1.3593
1.3597
1.3611
1.3653
1.3655
1.3667
1.3673
1.3715
1.3738
1.3766
1.3806
1.3814
1.3832
1.3902
1.3923
1.3924
1.3926
1.3930
1.3944
1.3951
1.3954
1.3969
1.4005
1.4071
1.4074
1.4081
1.4082
1.4095
1.4148
1.4193
1.4194
1.4203
1.4220
1.4293
1.4295
1.4299
1.4324
1.4327
1.4333
1.4355
1.4411
1.4446
1.4522
1.4641
1.4650
1.4657
1.4692
1.4701
1.4712
1.4719
1.4727
1.4768
1.4817
1.4833
1.4849
1.4862
1.4884
1.4946
1.4951
1.4956
1.4960
1.4974
1.4985
1.4985
1.4993
1.5020
1.5039
1.5066
1.5079
1.5082
1.5086
1.5089
1.5128
1.5200
1.5223
1.5256
1.5287
1.5290
1.5334
1.5376
1.5378
1.5402
1.5425
1.5446
1.5468
1.5469
1.5476
1.5483
1.5483
1.5502
1.5546
1.5621
1.5652
1.5654
1.5666
1.5687
1.5702
1.5754
1.5761
1.5773
1.5781
1.5841
1.5854
1.5859
1.5866
1.5924
1.5997
1.6019
1.6035
1.6044
1.6058
1.6074
1.6083
1.6203
1.6233
1.6257
1.6282
1.6315
1.6321
1.6353
1.6358
1.6394
1.6439
1.6440
1.6490
1.6498
1.6516
1.6537
1.6540
1.6577
1.6592
1.6595
1.6609
1.6610
1.6612
1.6643
1.6668
1.6707
1.6730
1.6739
1.6760
1.6805
1.6815
1.6819
1.6846
1.6853
1.6876
1.6901
1.6928
1.6930
1.6952
1.6963
1.6977
1.6988
1.7025
1.7041
1.7057
1.7194
1.7203
1.7326
1.7341
1.7346
1.7350
1.7399
1.7424
1.7455
1.7457
1.7484
1.7491
1.7502
1.7527
1.7603
1.7608
1.7610
1.7669
1.7669
1.7670
1.7708
1.7739
1.7752
1.7813
1.7882
1.7885
1.7888
1.7963
1.7976
1.7981
1.8024
1.8031
1.8050
1.8091
1.8126
1.8156
1.8169
1.8186
1.8209
1.8213
1.8216
1.8243
1.8255
1.8353
1.8363
1.8370
1.8417
1.8420
1.8431
1.8493
1.8590
1.8592
1.8615
1.8642
1.8706
1.8732
1.8749
1.8794
1.8825
1.8854
1.8897
1.8906
1.8919
1.8945
1.8984
1.9071
1.9088
1.9092
1.9127
1.9145
1.9172
1.9200
1.9211
1.9225
1.9366
1.9368
1.9399
1.9423
1.9456
1.9477
1.9494
1.9500
1.9598
1.9600
1.9670
1.9696
1.9707
1.9746
1.9799
1.9825
1.9838
1.9840
1.9875
1.9875
1.9894
1.9914
1.9926
1.9929
1.9932
1.9936
1.9962
2.0049
2.0059
2.0131
2.0154
2.0171
2.0207
2.0218
2.0227
2.0250
2.0270
2.0272
2.0282
2.0357
2.0378
2.0550
2.0562
2.0563
2.0569
2.0603
2.0718
2.0753
2.0767
2.0801
2.0855
2.0897
2.0949
2.0954
2.1010
2.1017
2.1089
2.1097
2.1113
2.1115
2.1122
2.1135
2.1185
2.1204
2.1210
2.1225
2.1351
2.1387
2.1397
2.1472
2.1481
2.1485
2.1498
2.1505
2.1515
2.1532
2.1580
2.1604
2.1669
2.1688
2.1832
2.1873
2.1904
2.1992
2.2027
2.2158
2.2199
2.2201
2.2204
2.2213
2.2218
2.2243
2.2249
2.2277
2.2287
2.2304
2.2335
2.2366
2.2451
2.2464
2.2524
2.2577
2.2583
2.2597
2.2636
2.2797
2.2849
2.2857
2.2897
2.2922
2.2959
2.2962
2.2963
2.2977
2.2978
2.3045
2.3054
2.3084
2.3092
2.3142
2.3154
2.3208
2.3209
2.3210
2.3220
2.3222
2.3237
2.3317
2.3344
2.3349
2.3362
2.3373
2.3374
2.3378
2.3383
2.3410
2.3469
2.3530
2.3553
2.3594
2.3613
2.3627
2.3639
2.3750
2.3776
2.3788
2.3791
2.3903
2.3991
2.4000
2.4046
2.4132
2.4209
2.4244
2.4249
2.4293
2.4341
2.4355
2.4363
2.4366
2.4379
2.4488
2.4505
2.4558
2.4638
2.4716
2.4757
2.4965
2.4967
2.4993
2.5016
2.5057
2.5120
2.5129
2.5142
2.5172
2.5239
2.5260
2.5270
2.5294
2.5308
2.5368
2.5378
2.5432
2.5447
2.5636
2.5702
2.5729
2.5812
2.5886
2.5976
2.6073
2.6133
2.6178
2.6271
2.6450
2.6572
2.6708
2.6759
2.6783
2.6851
2.6881
2.6919
2.7010
2.7061
2.7279
2.7297
2.7375
2.7382
2.7411
2.7467
2.7492
2.7539
2.7547
2.7720
2.7739
2.8095
2.8106
2.8121
2.8223
2.8496
2.8717
2.8746
2.8755
2.8836
2.8862
2.8922
2.8924
2.8928
2.8951
2.9067
2.9246
2.9301
2.9326
2.9460
2.9508
2.9548
2.9700
2.9714
2.9783
2.9823
2.9881
2.9940
3.0146
3.0248
3.0337
3.0504
3.0511
3.0595
3.0626
3.0985
3.1269
3.1518
3.1543
3.1965
3.2127
3.2131
3.2307
3.2460
3.2642
3.3248
3.3318
3.3329
3.3634
3.3747
3.3750
3.3959
3.4081
3.4307
3.4469
3.4525
3.4653
3.4786
3.4897
3.4967
3.4973
3.5019
3.5365
3.5475
3.5502
3.5846
3.5964
3.6047
3.6287
3.6333
3.6928
3.6932
3.7014
3.7184
3.7937
3.8064
3.8153
3.8318
3.8548
3.9844
3.9996
4.0203
4.0559
4.2980
4.3195
4.5599
4.7164
4.9133
6.0592
