1000
1000
-1.7342,0.2129
-1.6400,0.2090
-1.4212,0.1611
-1.2704,0.1490
-1.1591,0.1446
-1.0722,0.1414
-1.0011,0.1375
-0.9423,0.1333
-0.8933,0.1304
-0.8512,0.1277
-0.8149,0.1256
-0.7826,0.1233
-0.7539,0.1211
-0.7281,0.1192
-0.7047,0.1173
-0.6834,0.1155
-0.6639,0.1138
-0.6459,0.1120
-0.6292,0.1102
-0.6137,0.1086
-0.5992,0.1069
-0.5857,0.1052
-0.5730,0.1037
-0.5611,0.1022
-0.5499,0.1009
-0.5395,0.0997
-0.5295,0.0985
-0.5201,0.0973
-0.5111,0.0961
-0.5024,0.0948
-0.4942,0.0936
-0.4864,0.0926
-0.4790,0.0915
-0.4719,0.0906
-0.4651,0.0896
-0.4586,0.0887
-0.4524,0.0879
-0.4464,0.0871
-0.4407,0.0863
-0.4352,0.0856
-0.4299,0.0849
-0.4247,0.0841
-0.4197,0.0834
-0.4149,0.0827
-0.4103,0.0820
-0.4057,0.0813
-0.4014,0.0806
-0.3971,0.0799
-0.3930,0.0792
-0.3890,0.0785
-0.3851,0.0779
-0.3813,0.0773
-0.3776,0.0767
-0.3741,0.0762
-0.3706,0.0757
-0.3673,0.0752
-0.3640,0.0747
-0.3608,0.0742
-0.3577,0.0738
-0.3547,0.0733
-0.3517,0.0729
-0.3489,0.0724
-0.3461,0.0720
-0.3433,0.0716
-0.3406,0.0712
-0.3380,0.0708
-0.3354,0.0703
-0.3329,0.0699
-0.3305,0.0695
-0.3281,0.0691
-0.3257,0.0687
-0.3234,0.0683
-0.3211,0.0679
-0.3189,0.0675
-0.3167,0.0671
-0.3145,0.0667
-0.3124,0.0663
-0.3104,0.0659
-0.3084,0.0656
-0.3064,0.0652
-0.3044,0.0648
-0.3025,0.0645
-0.3007,0.0641
-0.2988,0.0638
-0.2970,0.0635
-0.2953,0.0631
-0.2935,0.0628
-0.2918,0.0625
-0.2901,0.0622
-0.2885,0.0618
-0.2868,0.0615
-0.2852,0.0612
-0.2837,0.0609
-0.2821,0.0606
-0.2806,0.0603
-0.2791,0.0600
-0.2776,0.0597
-0.2761,0.0595
-0.2747,0.0592
-0.2733,0.0589
-0.2719,0.0586
-0.2705,0.0583
-0.2692,0.0581
-0.2679,0.0578
-0.2665,0.0575
-0.2653,0.0573
-0.2640,0.0570
-0.2627,0.0568
-0.2615,0.0565
-0.2603,0.0563
-0.2590,0.0560
-0.2578,0.0558
-0.2567,0.0555
-0.2555,0.0553
-0.2544,0.0551
-0.2532,0.0548
-0.2521,0.0546
-0.2510,0.0544
-0.2499,0.0542
-0.2488,0.0540
-0.2478,0.0537
-0.2467,0.0535
-0.2457,0.0533
-0.2447,0.0531
-0.2437,0.0529
-0.2427,0.0527
-0.2417,0.0526
-0.2407,0.0524
-0.2398,0.0522
-0.2388,0.0520
-0.2379,0.0518
-0.2369,0.0517
-0.2360,0.0515
-0.2351,0.0513
-0.2342,0.0511
-0.2333,0.0510
-0.2324,0.0508
-0.2316,0.0506
-0.2307,0.0505
-0.2299,0.0503
-0.2290,0.0501
-0.2282,0.0500
-0.2273,0.0498
-0.2265,0.0497
-0.2257,0.0495
-0.2249,0.0494
-0.2241,0.0492
-0.2233,0.0491
-0.2226,0.0489
-0.2218,0.0488
-0.2210,0.0486
-0.2203,0.0485
-0.2195,0.0483
-0.2188,0.0482
-0.2181,0.0481
-0.2173,0.0479
-0.2166,0.0478
-0.2159,0.0476
-0.2152,0.0475
-0.2145,0.0474
-0.2138,0.0473
-0.2131,0.0471
-0.2124,0.0470
-0.2118,0.0469
-0.2111,0.0467
-0.2105,0.0466
-0.2098,0.0465
-0.2092,0.0464
-0.2085,0.0463
-0.2079,0.0461
-0.2073,0.0460
-0.2066,0.0459
-0.2060,0.0458
-0.2054,0.0457
-0.2048,0.0456
-0.2042,0.0454
-0.2036,0.0453
-0.2030,0.0452
-0.2024,0.0451
-0.2018,0.0450
-0.2012,0.0449
-0.2007,0.0448
-0.2001,0.0447
-0.1995,0.0446
-0.1990,0.0445
-0.1984,0.0443
-0.1979,0.0442
-0.1973,0.0441
-0.1968,0.0440
-0.1962,0.0439
-0.1957,0.0438
-0.1951,0.0437
-0.1946,0.0436
-0.1941,0.0435
-0.1936,0.0434
-0.1931,0.0433
-0.1925,0.0432
-0.1920,0.0431
-0.1915,0.0430
-0.1910,0.0429
-0.1905,0.0428
-0.1900,0.0427
-0.1895,0.0426
-0.1890,0.0425
-0.1886,0.0424
-0.1881,0.0423
-0.1876,0.0422
-0.1871,0.0421
-0.1867,0.0420
-0.1862,0.0419
-0.1857,0.0418
-0.1853,0.0417
-0.1848,0.0416
-0.1844,0.0415
-0.1839,0.0414
-0.1835,0.0413
-0.1830,0.0412
-0.1826,0.0411
-0.1821,0.0410
-0.1817,0.0410
-0.1813,0.0409
-0.1809,0.0408
-0.1804,0.0407
-0.1800,0.0406
-0.1796,0.0405
-0.1792,0.0404
-0.1788,0.0404
-0.1784,0.0403
-0.1779,0.0402
-0.1775,0.0401
-0.1771,0.0400
-0.1767,0.0400
-0.1763,0.0399
-0.1760,0.0398
-0.1756,0.0397
-0.1752,0.0397
-0.1748,0.0396
-0.1744,0.0395
-0.1740,0.0394
-0.1736,0.0394
-0.1733,0.0393
-0.1729,0.0392
-0.1725,0.0391
-0.1722,0.0391
-0.1718,0.0390
-0.1714,0.0389
-0.1711,0.0389
-0.1707,0.0388
-0.1703,0.0387
-0.1700,0.0386
-0.1696,0.0386
-0.1693,0.0385
-0.1689,0.0384
-0.1686,0.0384
-0.1682,0.0383
-0.1679,0.0382
-0.1676,0.0381
-0.1672,0.0381
-0.1669,0.0380
-0.1665,0.0379
-0.1662,0.0379
-0.1659,0.0378
-0.1655,0.0377
-0.1652,0.0377
-0.1649,0.0376
-0.1646,0.0375
-0.1642,0.0375
-0.1639,0.0374
-0.1636,0.0373
-0.1633,0.0373
-0.1630,0.0372
-0.1627,0.0371
-0.1623,0.0371
-0.1620,0.0370
-0.1617,0.0370
-0.1614,0.0369
-0.1611,0.0368
-0.1608,0.0368
-0.1605,0.0367
-0.1602,0.0367
-0.1599,0.0366
-0.1596,0.0365
-0.1593,0.0365
-0.1590,0.0364
-0.1587,0.0363
-0.1584,0.0363
-0.1581,0.0362
-0.1578,0.0362
-0.1576,0.0361
-0.1573,0.0360
-0.1570,0.0360
-0.1567,0.0359
-0.1564,0.0359
-0.1561,0.0358
-0.1559,0.0357
-0.1556,0.0357
-0.1553,0.0356
-0.1550,0.0356
-0.1548,0.0355
-0.1545,0.0355
-0.1542,0.0354
-0.1539,0.0353
-0.1537,0.0353
-0.1534,0.0352
-0.1531,0.0352
-0.1529,0.0351
-0.1526,0.0351
-0.1524,0.0350
-0.1521,0.0350
-0.1518,0.0349
-0.1516,0.0348
-0.1513,0.0348
-0.1511,0.0347
-0.1508,0.0347
-0.1506,0.0346
-0.1503,0.0346
-0.1500,0.0345
-0.1498,0.0345
-0.1496,0.0344
-0.1493,0.0344
-0.1491,0.0343
-0.1488,0.0343
-0.1486,0.0342
-0.1483,0.0341
-0.1481,0.0341
-0.1478,0.0340
-0.1476,0.0340
-0.1474,0.0339
-0.1471,0.0339
-0.1469,0.0338
-0.1467,0.0338
-0.1464,0.0337
-0.1462,0.0337
-0.1460,0.0336
-0.1457,0.0336
-0.1455,0.0335
-0.1453,0.0335
-0.1450,0.0334
-0.1448,0.0334
-0.1446,0.0333
-0.1444,0.0333
-0.1441,0.0333
-0.1439,0.0332
-0.1437,0.0332
-0.1435,0.0331
-0.1433,0.0331
-0.1430,0.0330
-0.1428,0.0330
-0.1426,0.0329
-0.1424,0.0329
-0.1422,0.0328
-0.1420,0.0328
-0.1417,0.0327
-0.1415,0.0327
-0.1413,0.0326
-0.1411,0.0326
-0.1409,0.0326
-0.1407,0.0325
-0.1405,0.0325
-0.1403,0.0324
-0.1401,0.0324
-0.1399,0.0323
-0.1397,0.0323
-0.1395,0.0323
-0.1392,0.0322
-0.1390,0.0322
-0.1388,0.0321
-0.1386,0.0321
-0.1384,0.0320
-0.1383,0.0320
-0.1381,0.0320
-0.1379,0.0319
-0.1377,0.0319
-0.1375,0.0318
-0.1373,0.0318
-0.1371,0.0318
-0.1369,0.0317
-0.1367,0.0317
-0.1365,0.0316
-0.1363,0.0316
-0.1361,0.0316
-0.1359,0.0315
-0.1357,0.0315
-0.1356,0.0314
-0.1354,0.0314
-0.1352,0.0314
-0.1350,0.0313
-0.1348,0.0313
-0.1346,0.0312
-0.1345,0.0312
-0.1343,0.0312
-0.1341,0.0311
-0.1339,0.0311
-0.1337,0.0311
-0.1335,0.0310
-0.1334,0.0310
-0.1332,0.0309
-0.1330,0.0309
-0.1328,0.0309
-0.1327,0.0308
-0.1325,0.0308
-0.1323,0.0308
-0.1321,0.0307
-0.1320,0.0307
-0.1318,0.0307
-0.1316,0.0306
-0.1315,0.0306
-0.1313,0.0305
-0.1311,0.0305
-0.1309,0.0305
-0.1308,0.0304
-0.1306,0.0304
-0.1304,0.0304
-0.1303,0.0303
-0.1301,0.0303
-0.1299,0.0303
-0.1298,0.0302
-0.1296,0.0302
-0.1295,0.0302
-0.1293,0.0301
-0.1291,0.0301
-0.1290,0.0301
-0.1288,0.0300
-0.1286,0.0300
-0.1285,0.0300
-0.1283,0.0299
-0.1282,0.0299
-0.1280,0.0299
-0.1279,0.0298
-0.1277,0.0298
-0.1275,0.0298
-0.1274,0.0298
-0.1272,0.0297
-0.1271,0.0297
-0.1269,0.0297
-0.1268,0.0296
-0.1266,0.0296
-0.1265,0.0296
-0.1263,0.0295
-0.1262,0.0295
-0.1260,0.0295
-0.1259,0.0294
-0.1257,0.0294
-0.1256,0.0294
-0.1254,0.0294
-0.1253,0.0293
-0.1251,0.0293
-0.1250,0.0293
-0.1248,0.0292
-0.1247,0.0292
-0.1245,0.0292
-0.1244,0.0292
-0.1242,0.0291
-0.1241,0.0291
-0.1240,0.0291
-0.1238,0.0290
-0.1237,0.0290
-0.1235,0.0290
-0.1234,0.0290
-0.1233,0.0289
-0.1231,0.0289
-0.1230,0.0289
-0.1228,0.0288
-0.1227,0.0288
-0.1226,0.0288
-0.1224,0.0288
-0.1223,0.0287
-0.1221,0.0287
-0.1220,0.0287
-0.1219,0.0287
-0.1217,0.0286
-0.1216,0.0286
-0.1215,0.0286
-0.1213,0.0285
-0.1212,0.0285
-0.1211,0.0285
-0.1209,0.0285
-0.1208,0.0284
-0.1207,0.0284
-0.1205,0.0284
-0.1204,0.0284
-0.1203,0.0283
-0.1201,0.0283
-0.1200,0.0283
-0.1199,0.0283
-0.1197,0.0282
-0.1196,0.0282
-0.1195,0.0282
-0.1194,0.0282
-0.1192,0.0281
-0.1191,0.0281
-0.1190,0.0281
-0.1188,0.0281
-0.1187,0.0280
-0.1186,0.0280
-0.1185,0.0280
-0.1183,0.0280
-0.1182,0.0279
-0.1181,0.0279
-0.1180,0.0279
-0.1178,0.0279
-0.1177,0.0278
-0.1176,0.0278
-0.1175,0.0278
-0.1173,0.0278
-0.1172,0.0277
-0.1171,0.0277
-0.1170,0.0277
-0.1169,0.0277
-0.1167,0.0276
-0.1166,0.0276
-0.1165,0.0276
-0.1164,0.0276
-0.1163,0.0276
-0.1161,0.0275
-0.1160,0.0275
-0.1159,0.0275
-0.1158,0.0275
-0.1157,0.0274
-0.1156,0.0274
-0.1154,0.0274
-0.1153,0.0274
-0.1152,0.0274
-0.1151,0.0273
-0.1150,0.0273
-0.1149,0.0273
-0.1147,0.0273
-0.1146,0.0272
-0.1145,0.0272
-0.1144,0.0272
-0.1143,0.0272
-0.1142,0.0272
-0.1141,0.0271
-0.1139,0.0271
-0.1138,0.0271
-0.1137,0.0271
-0.1136,0.0270
-0.1135,0.0270
-0.1134,0.0270
-0.1133,0.0270
-0.1132,0.0270
-0.1131,0.0269
-0.1129,0.0269
-0.1128,0.0269
-0.1127,0.0269
-0.1126,0.0268
-0.1125,0.0268
-0.1124,0.0268
-0.1123,0.0268
-0.1122,0.0267
-0.1121,0.0267
-0.1120,0.0267
-0.1119,0.0267
-0.1118,0.0267
-0.1116,0.0266
-0.1115,0.0266
-0.1114,0.0266
-0.1113,0.0266
-0.1112,0.0265
-0.1111,0.0265
-0.1110,0.0265
-0.1109,0.0265
-0.1108,0.0265
-0.1107,0.0264
-0.1106,0.0264
-0.1105,0.0264
-0.1104,0.0264
-0.1103,0.0263
-0.1102,0.0263
-0.1101,0.0263
-0.1100,0.0263
-0.1099,0.0263
-0.1098,0.0262
-0.1097,0.0262
-0.1096,0.0262
-0.1095,0.0262
-0.1094,0.0262
-0.1093,0.0261
-0.1092,0.0261
-0.1091,0.0261
-0.1090,0.0261
-0.1089,0.0260
-0.1088,0.0260
-0.1087,0.0260
-0.1086,0.0260
-0.1085,0.0260
-0.1084,0.0259
-0.1083,0.0259
-0.1082,0.0259
-0.1081,0.0259
-0.1080,0.0258
-0.1079,0.0258
-0.1078,0.0258
-0.1077,0.0258
-0.1076,0.0258
-0.1075,0.0257
-0.1074,0.0257
-0.1073,0.0257
-0.1072,0.0257
-0.1071,0.0256
-0.1070,0.0256
-0.1069,0.0256
-0.1068,0.0256
-0.1067,0.0256
-0.1066,0.0255
-0.1065,0.0255
-0.1064,0.0255
-0.1063,0.0255
-0.1062,0.0255
-0.1061,0.0254
-0.1060,0.0254
-0.1060,0.0254
-0.1059,0.0254
-0.1058,0.0254
-0.1057,0.0253
-0.1056,0.0253
-0.1055,0.0253
-0.1054,0.0253
-0.1053,0.0252
-0.1052,0.0252
-0.1051,0.0252
-0.1050,0.0252
-0.1049,0.0252
-0.1048,0.0251
-0.1048,0.0251
-0.1047,0.0251
-0.1046,0.0251
-0.1045,0.0251
-0.1044,0.0250
-0.1043,0.0250
-0.1042,0.0250
-0.1041,0.0250
-0.1040,0.0250
-0.1040,0.0249
-0.1039,0.0249
-0.1038,0.0249
-0.1037,0.0249
-0.1036,0.0249
-0.1035,0.0248
-0.1034,0.0248
-0.1033,0.0248
-0.1033,0.0248
-0.1032,0.0248
-0.1031,0.0247
-0.1030,0.0247
-0.1029,0.0247
-0.1028,0.0247
-0.1027,0.0247
-0.1027,0.0246
-0.1026,0.0246
-0.1025,0.0246
-0.1024,0.0246
-0.1023,0.0246
-0.1022,0.0245
-0.1021,0.0245
-0.1021,0.0245
-0.1020,0.0245
-0.1019,0.0245
-0.1018,0.0244
-0.1017,0.0244
-0.1016,0.0244
-0.1016,0.0244
-0.1015,0.0244
-0.1014,0.0244
-0.1013,0.0243
-0.1012,0.0243
-0.1011,0.0243
-0.1011,0.0243
-0.1010,0.0243
-0.1009,0.0242
-0.1008,0.0242
-0.1007,0.0242
-0.1007,0.0242
-0.1006,0.0242
-0.1005,0.0241
-0.1004,0.0241
-0.1003,0.0241
-0.1003,0.0241
-0.1002,0.0241
-0.1001,0.0241
-0.1000,0.0240
-0.0999,0.0240
-0.0999,0.0240
-0.0998,0.0240
-0.0997,0.0240
-0.0996,0.0239
-0.0996,0.0239
-0.0995,0.0239
-0.0994,0.0239
-0.0993,0.0239
-0.0992,0.0239
-0.0992,0.0238
-0.0991,0.0238
-0.0990,0.0238
-0.0989,0.0238
-0.0989,0.0238
-0.0988,0.0238
-0.0987,0.0237
-0.0986,0.0237
-0.0986,0.0237
-0.0985,0.0237
-0.0984,0.0237
-0.0983,0.0236
-0.0983,0.0236
-0.0982,0.0236
-0.0981,0.0236
-0.0980,0.0236
-0.0980,0.0236
-0.0979,0.0235
-0.0978,0.0235
-0.0977,0.0235
-0.0977,0.0235
-0.0976,0.0235
-0.0975,0.0235
-0.0974,0.0234
-0.0974,0.0234
-0.0973,0.0234
-0.0972,0.0234
-0.0971,0.0234
-0.0971,0.0234
-0.0970,0.0233
-0.0969,0.0233
-0.0969,0.0233
-0.0968,0.0233
-0.0967,0.0233
-0.0966,0.0233
-0.0966,0.0233
-0.0965,0.0232
-0.0964,0.0232
-0.0963,0.0232
-0.0963,0.0232
-0.0962,0.0232
-0.0961,0.0232
-0.0961,0.0231
-0.0960,0.0231
-0.0959,0.0231
-0.0959,0.0231
-0.0958,0.0231
-0.0957,0.0231
-0.0956,0.0230
-0.0956,0.0230
-0.0955,0.0230
-0.0954,0.0230
-0.0954,0.0230
-0.0953,0.0230
-0.0952,0.0230
-0.0952,0.0229
-0.0951,0.0229
-0.0950,0.0229
-0.0950,0.0229
-0.0949,0.0229
-0.0948,0.0229
-0.0947,0.0228
-0.0947,0.0228
-0.0946,0.0228
-0.0945,0.0228
-0.0945,0.0228
-0.0944,0.0228
-0.0943,0.0228
-0.0943,0.0227
-0.0942,0.0227
-0.0941,0.0227
-0.0941,0.0227
-0.0940,0.0227
-0.0939,0.0227
-0.0939,0.0226
-0.0938,0.0226
-0.0937,0.0226
-0.0937,0.0226
-0.0936,0.0226
-0.0935,0.0226
-0.0935,0.0226
-0.0934,0.0225
-0.0933,0.0225
-0.0933,0.0225
-0.0932,0.0225
-0.0931,0.0225
-0.0931,0.0225
-0.0930,0.0225
-0.0929,0.0224
-0.0929,0.0224
-0.0928,0.0224
-0.0928,0.0224
-0.0927,0.0224
-0.0926,0.0224
-0.0926,0.0223
-0.0925,0.0223
-0.0924,0.0223
-0.0924,0.0223
-0.0923,0.0223
-0.0922,0.0223
-0.0922,0.0223
-0.0921,0.0222
-0.0921,0.0222
-0.0920,0.0222
-0.0919,0.0222
-0.0919,0.0222
-0.0918,0.0222
-0.0917,0.0222
-0.0917,0.0221
-0.0916,0.0221
-0.0916,0.0221
-0.0915,0.0221
-0.0914,0.0221
-0.0914,0.0221
-0.0913,0.0221
-0.0912,0.0221
-0.0912,0.0220
-0.0911,0.0220
-0.0911,0.0220
-0.0910,0.0220
-0.0909,0.0220
-0.0909,0.0220
-0.0908,0.0220
-0.0908,0.0219
-0.0907,0.0219
-0.0906,0.0219
-0.0906,0.0219
-0.0905,0.0219
-0.0905,0.0219
-0.0904,0.0219
-0.0903,0.0218
-0.0903,0.0218
-0.0902,0.0218
-0.0902,0.0218
-0.0901,0.0218
-0.0900,0.0218
-0.0900,0.0218
-0.0899,0.0218
-0.0899,0.0217
-0.0898,0.0217
-0.0897,0.0217
-0.0897,0.0217
-0.0896,0.0217
-0.0896,0.0217
-0.0895,0.0217
-0.0894,0.0216
-0.0894,0.0216
-0.0893,0.0216
-0.0893,0.0216
-0.0892,0.0216
-0.0892,0.0216
-0.0891,0.0216
-0.0890,0.0216
-0.0890,0.0215
-0.0889,0.0215
-0.0889,0.0215
-0.0888,0.0215
-0.0888,0.0215
-0.0887,0.0215
-0.0886,0.0215
-0.0886,0.0215
-0.0885,0.0214
-0.0885,0.0214
-0.0884,0.0214
-0.0884,0.0214
-0.0883,0.0214
-0.0882,0.0214
-0.0882,0.0214
-0.0881,0.0214
-0.0881,0.0214
-0.0880,0.0213
-0.0880,0.0213
-0.0879,0.0213
-0.0879,0.0213
-0.0878,0.0213
-0.0877,0.0213
-0.0877,0.0213
-0.0876,0.0213
-0.0876,0.0212
-0.0875,0.0212
-0.0875,0.0212
-0.0874,0.0212
-0.0874,0.0212
-0.0873,0.0212
-0.0872,0.0212
-0.0872,0.0212
-0.0871,0.0211
-0.0871,0.0211
-0.0870,0.0211
-0.0870,0.0211
-0.0869,0.0211
-0.0869,0.0211
-0.0868,0.0211
-0.0868,0.0211
-0.0867,0.0210
-0.0867,0.0210
-0.0866,0.0210
-0.0865,0.0210
-0.0865,0.0210
-0.0864,0.0210
-0.0864,0.0210
-0.0863,0.0210
-0.0863,0.0209
-0.0862,0.0209
-0.0862,0.0209
-0.0861,0.0209
-0.0861,0.0209
-0.0860,0.0209
-0.0860,0.0209
-0.0859,0.0209
-0.0859,0.0208
-0.0858,0.0208
-0.0858,0.0208
-0.0857,0.0208
-0.0856,0.0208
-0.0856,0.0208
-0.0855,0.0208
-0.0855,0.0208
-0.0854,0.0208
-0.0854,0.0207
-0.0853,0.0207
-0.0853,0.0207
-0.0852,0.0207
-0.0852,0.0207
-0.0851,0.0207
-0.0851,0.0207
-0.0850,0.0207
-0.0850,0.0206
-0.0849,0.0206
-0.0849,0.0206
-0.0848,0.0206
-0.0848,0.0206
-0.0847,0.0206
-0.0847,0.0206
-0.0846,0.0206
-0.0846,0.0206
-0.0845,0.0205
-0.0845,0.0205
-0.0844,0.0205
-0.0844,0.0205
-0.0843,0.0205
-0.0843,0.0205
-0.0842,0.0205
-0.0842,0.0205
-0.0841,0.0204
-0.0841,0.0204
-0.0840,0.0204
-0.0840,0.0204
-0.0839,0.0204
-0.0839,0.0204
-0.0838,0.0204
-0.0838,0.0204
-0.0837,0.0204
-0.0837,0.0203
-0.0836,0.0203
-0.0836,0.0203
-0.0835,0.0203
-0.0835,0.0203
-0.0834,0.0203
-0.0834,0.0203
-0.0833,0.0203
-0.0833,0.0203
-0.0832,0.0202
-0.0832,0.0202
-0.0831,0.0202
-0.0831,0.0202
-0.0831,0.0202
-0.0830,0.0202
-0.0830,0.0202
-0.0829,0.0202
-0.0829,0.0202
-0.0828,0.0202
-0.0828,0.0201
-0.0827,0.0201
-0.0827,0.0201
-0.0826,0.0201
-0.0826,0.0201
-0.0825,0.0201
-0.0825,0.0201
-0.0824,0.0201
-0.0824,0.0201
-0.0823,0.0200
-0.0823,0.0200
-0.0823,0.0200
-0.0822,0.0200
-0.0822,0.0200
-0.0821,0.0200
-0.0821,0.0200
-0.0820,0.0200
-0.0820,0.0200
-0.0819,0.0199
-0.0819,0.0199
-0.0818,0.0199
-0.0818,0.0199
-0.0817,0.0199
-0.0817,0.0199
-0.0817,0.0199
-0.0816,0.0199
-0.0816,0.0199
-0.0815,0.0199
-0.0815,0.0198
-0.0814,0.0198
-0.0814,0.0198
-0.0813,0.0198
-0.0813,0.0198
-0.0812,0.0198
-0.0812,0.0198
-0.0812,0.0198
-0.0811,0.0198
0.1515
0.2745
0.2831
0.2914
0.3058
0.3291
0.3923
0.3971
0.4156
0.4336
0.4361
0.4464
0.4619
0.4626
0.4638
0.4728
0.4870
0.5064
0.5125
0.5576
0.5612
0.5635
0.5673
0.5714
0.5793
0.5794
0.5866
0.5871
0.5892
0.5913
0.5939
0.5966
0.5993
0.6005
0.6005
0.6334
0.6348
0.6357
0.6378
0.6426
0.6429
0.6466
0.6473
0.6569
0.6574
0.6607
0.6614
0.6619
0.6673
0.6725
0.6755
0.6786
0.6874
0.6985
0.7045
0.7052
0.7157
0.7245
0.7343
0.7353
0.7423
0.7453
0.7494
0.7498
0.7530
0.7569
0.7580
0.7591
0.7617
0.7641
0.7665
0.7712
0.7829
0.7858
0.7887
0.7898
0.7969
0.8125
0.8151
0.8178
0.8193
0.8193
0.8222
0.8260
0.8267
0.8300
0.8351
0.8395
0.8407
0.8411
0.8417
0.8435
0.8436
0.8509
0.8534
0.8625
0.8635
0.8646
0.8716
0.8740
0.8747
0.8769
0.8777
0.8779
0.8799
0.8800
0.8805
0.8851
0.8863
0.8867
0.8871
0.8879
0.8880
0.8982
0.8989
0.8996
0.8998
0.9023
0.9024
0.9034
0.9046
0.9057
0.9058
0.9075
0.9122
0.9122
0.9125
0.9137
0.9145
0.9165
0.9167
0.9193
0.9195
0.9226
0.9261
0.9279
0.9284
0.9304
0.9312
0.9324
0.9327
0.9356
0.9391
0.9450
0.9474
0.9533
0.9567
0.9571
0.9572
0.9572
0.9580
0.9599
0.9615
0.9636
0.9661
0.9669
0.9677
0.9747
0.9761
0.9771
0.9775
0.9792
0.9815
0.9836
0.9853
0.9886
0.9907
0.9947
0.9954
0.9967
0.9973
0.9986
0.9990
1.0027
1.0052
1.0161
1.0225
1.0288
1.0293
1.0370
1.0377
1.0384
1.0389
1.0389
1.0390
1.0391
1.0401
1.0414
1.0431
1.0442
1.0528
1.0550
1.0563
1.0568
1.0581
1.0608
1.0613
1.0618
1.0620
1.0625
1.0659
1.0682
1.0692
1.0693
1.0695
1.0709
1.0725
1.0801
1.0841
1.0887
1.0912
1.0949
1.0960
1.0962
1.0992
1.0996
1.1002
1.1005
1.1030
1.1050
1.1056
1.1060
1.1063
1.1077
1.1088
1.1189
1.1197
1.1198
1.1204
1.1217
1.1235
1.1247
1.1280
1.1287
1.1297
1.1298
1.1321
1.1326
1.1398
1.1410
1.1438
1.1444
1.1448
1.1532
1.1553
1.1559
1.1565
1.1581
1.1598
1.1629
1.1634
1.1648
1.1662
1.1676
1.1692
1.1717
1.1732
1.1735
1.1741
1.1802
1.1832
1.1835
1.1860
1.1862
1.1868
1.1905
1.1915
1.1943
1.1977
1.2010
1.2013
1.2019
1.2027
1.2061
1.2066
1.2112
1.2113
1.2155
1.2155
1.2179
1.2185
1.2189
1.2210
1.2232
1.2264
1.2268
1.2278
1.2299
1.2310
1.2332
1.2354
1.2377
1.2387
1.2399
1.2400
1.2413
1.2430
1.2446
1.2457
1.2462
1.2463
1.2475
1.2481
1.2487
1.2497
1.2512
1.2513
1.2521
1.2549
1.2590
1.2593
1.2670
1.2712
1.2725
1.2764
1.2764
1.2773
1.2786
1.2794
1.2813
1.2830
1.2835
1.2847
1.2851
1.2859
1.2860
1.2863
1.2865
1.2875
1.2882
1.2885
1.2892
1.2893
1.2943
1.2967
1.2973
1.2995
1.3017
1.3017
1.3022
1.3023
1.3043
1.3046
1.3062
1.3078
1.3105
1.3121
1.3121
1.3182
1.3215
1.3216
1.3231
1.3259
1.3263
1.3269
1.3269
1.3277
1.3284
1.3295
1.3302
1.3317
1.3333
1.3353
1.3355
1.3358
1.3389
1.3393
1.3416
1.3440
1.3463
1.3464
1.3487
1.3498
1.3521
1.3529
1.3545
1.3556
1.3573
1.3612
1.3638
1.3651
1.3655
1.3664
1.3665
1.3667
1.3671
1.3683
1.3685
1.3696
1.3697
1.3711
1.3712
1.3742
1.3748
1.3751
1.3756
1.3784
1.3791
1.3812
1.3826
1.3858
1.3859
1.3860
1.3875
1.3880
1.3893
1.3908
1.3910
1.3917
1.3937
1.3943
1.3948
1.3976
1.4017
1.4041
1.4044
1.4045
1.4046
1.4053
1.4062
1.4065
1.4072
1.4077
1.4090
1.4115
1.4121
1.4206
1.4216
1.4226
1.4242
1.4245
1.4263
1.4276
1.4278
1.4280
1.4288
1.4296
1.4302
1.4308
1.4336
1.4352
1.4357
1.4389
1.4396
1.4398
1.4407
1.4430
1.4447
1.4466
1.4479
1.4491
1.4497
1.4500
1.4552
1.4556
1.4565
1.4598
1.4634
1.4637
1.4671
1.4671
1.4688
1.4722
1.4749
1.4750
1.4754
1.4781
1.4803
1.4840
1.4847
1.4855
1.4862
1.4906
1.4928
1.4936
1.4970
1.4971
1.4980
1.4987
1.5001
1.5002
1.5009
1.5048
1.5064
1.5067
1.5081
1.5084
1.5091
1.5139
1.5156
1.5168
1.5205
1.5222
1.5223
1.5290
1.5299
1.5315
1.5323
1.5323
1.5371
1.5422
1.5423
1.5425
1.5453
1.5455
1.5461
1.5469
1.5481
1.5487
1.5515
1.5544
1.5557
1.5561
1.5568
1.5574
1.5581
1.5584
1.5585
1.5619
1.5620
1.5628
1.5631
1.5664
1.5681
1.5748
1.5751
1.5786
1.5815
1.5815
1.5827
1.5880
1.5885
1.5894
1.5901
1.5909
1.5910
1.5912
1.5928
1.5944
1.5957
1.5979
1.6008
1.6012
1.6015
1.6021
1.6026
1.6057
1.6066
1.6067
1.6081
1.6111
1.6118
1.6171
1.6183
1.6191
1.6200
1.6206
1.6219
1.6244
1.6284
1.6285
1.6319
1.6320
1.6332
1.6337
1.6358
1.6363
1.6383
1.6390
1.6393
1.6430
1.6477
1.6483
1.6524
1.6526
1.6550
1.6552
1.6560
1.6564
1.6571
1.6586
1.6589
1.6612
1.6628
1.6632
1.6650
1.6653
1.6657
1.6666
1.6692
1.6712
1.6714
1.6751
1.6762
1.6766
1.6775
1.6793
1.6796
1.6806
1.6811
1.6819
1.6825
1.6828
1.6839
1.6849
1.6850
1.6860
1.6868
1.6885
1.6912
1.6931
1.6989
1.6995
1.6996
1.6997
1.6999
1.7008
1.7067
1.7074
1.7074
1.7091
1.7165
1.7196
1.7247
1.7273
1.7285
1.7310
1.7317
1.7336
1.7358
1.7358
1.7380
1.7489
1.7501
1.7512
1.7526
1.7570
1.7585
1.7589
1.7600
1.7610
1.7617
1.7622
1.7641
1.7661
1.7664
1.7672
1.7691
1.7719
1.7747
1.7757
1.7767
1.7787
1.7817
1.7841
1.7899
1.7904
1.7909
1.7913
1.7955
1.8079
1.8098
1.8117
1.8137
1.8145
1.8163
1.8235
1.8281
1.8287
1.8301
1.8303
1.8341
1.8384
1.8426
1.8431
1.8453
1.8483
1.8492
1.8530
1.8541
1.8545
1.8549
1.8556
1.8566
1.8574
1.8590
1.8748
1.8765
1.8792
1.8811
1.8819
1.8829
1.8832
1.8854
1.8875
1.8915
1.8934
1.8937
1.8963
1.8967
1.9009
1.9044
1.9046
1.9049
1.9050
1.9057
1.9067
1.9070
1.9072
1.9085
1.9106
1.9116
1.9213
1.9229
1.9233
1.9285
1.9332
1.9337
1.9345
1.9357
1.9372
1.9394
1.9395
1.9425
1.9442
1.9444
1.9468
1.9479
1.9488
1.9522
1.9564
1.9579
1.9589
1.9639
1.9666
1.9670
1.9675
1.9704
1.9711
1.9728
1.9734
1.9735
1.9766
1.9770
1.9786
1.9809
1.9818
1.9835
1.9844
1.9859
1.9876
1.9947
1.9959
1.9965
1.9972
2.0002
2.0015
2.0040
2.0041
2.0054
2.0084
2.0085
2.0116
2.0127
2.0128
2.0165
2.0202
2.0210
2.0214
2.0290
2.0291
2.0304
2.0320
2.0322
2.0331
2.0349
2.0371
2.0371
2.0377
2.0386
2.0395
2.0440
2.0441
2.0470
2.0476
2.0502
2.0602
2.0628
2.0683
2.0703
2.0730
2.0744
2.0752
2.0764
2.0805
2.0856
2.0860
2.0873
2.0887
2.0922
2.0960
2.0996
2.0997
2.1015
2.1055
2.1065
2.1067
2.1113
2.1145
2.1210
2.1247
2.1357
2.1390
2.1420
2.1432
2.1494
2.1507
2.1529
2.1555
2.1567
2.1583
2.1584
2.1620
2.1641
2.1676
2.1769
2.1844
2.1851
2.1860
2.1867
2.1885
2.1896
2.1898
2.1949
2.1993
2.2032
2.2083
2.2143
2.2170
2.2242
2.2255
2.2263
2.2269
2.2277
2.2328
2.2384
2.2419
2.2505
2.2531
2.2540
2.2575
2.2668
2.2668
2.2702
2.2724
2.2774
2.2811
2.2866
2.2879
2.2888
2.2895
2.2938
2.3022
2.3055
2.3099
2.3133
2.3159
2.3201
2.3246
2.3254
2.3286
2.3332
2.3357
2.3401
2.3511
2.3557
2.3644
2.3665
2.3686
2.3693
2.3753
2.3758
2.3789
2.3871
2.3912
2.3917
2.3950
2.3952
2.4103
2.4116
2.4127
2.4130
2.4150
2.4156
2.4200
2.4254
2.4316
2.4328
2.4341
2.4373
2.4379
2.4405
2.4420
2.4428
2.4643
2.4663
2.4703
2.4791
2.4801
2.4822
2.4933
2.5134
2.5147
2.5185
2.5299
2.5356
2.5401
2.5467
2.5477
2.5546
2.5567
2.5620
2.5693
2.5712
2.5743
2.5763
2.5922
2.5946
2.6027
2.6035
2.6073
2.6167
2.6167
2.6231
2.6506
2.6555
2.6598
2.6633
2.6669
2.6714
2.6718
2.6749
2.6775
2.6807
2.6819
2.6825
2.6856
2.6884
2.6971
2.7110
2.7279
2.7335
2.7434
2.7501
2.7522
2.7546
2.7560
2.7563
2.7714
2.7716
2.8031
2.8137
2.8177
2.8211
2.8234
2.8255
2.8370
2.8447
2.8528
2.8701
2.8782
2.8843
2.8877
2.8912
2.9013
2.9184
2.9336
2.9576
2.9584
2.9689
2.9924
2.9971
3.0235
3.0374
3.0422
3.0611
3.0652
3.0850
3.0972
3.1028
3.1065
3.1139
3.1895
3.2183
3.2798
3.2945
3.3209
3.4156
3.4812
3.5811
