1000
1000
-1.7780,0.2231
-1.6805,0.2188
-1.4599,0.1703
-1.3019,0.1551
-1.1848,0.1493
-1.0937,0.1452
-1.0210,0.1415
-0.9606,0.1381
-0.9100,0.1353
-0.8667,0.1330
-0.8292,0.1309
-0.7962,0.1288
-0.7666,0.1265
-0.7401,0.1243
-0.7164,0.1223
-0.6949,0.1203
-0.6752,0.1185
-0.6570,0.1167
-0.6402,0.1149
-0.6247,0.1133
-0.6102,0.1118
-0.5967,0.1103
-0.5840,0.1089
-0.5722,0.1076
-0.5610,0.1063
-0.5505,0.1049
-0.5406,0.1036
-0.5312,0.1024
-0.5223,0.1012
-0.5138,0.1000
-0.5058,0.0990
-0.4981,0.0980
-0.4907,0.0970
-0.4837,0.0961
-0.4770,0.0952
-0.4706,0.0944
-0.4644,0.0935
-0.4585,0.0927
-0.4528,0.0918
-0.4472,0.0910
-0.4419,0.0902
-0.4368,0.0895
-0.4318,0.0887
-0.4271,0.0880
-0.4224,0.0872
-0.4180,0.0866
-0.4137,0.0859
-0.4095,0.0852
-0.4054,0.0846
-0.4015,0.0840
-0.3977,0.0834
-0.3939,0.0828
-0.3903,0.0822
-0.3868,0.0816
-0.3834,0.0810
-0.3801,0.0805
-0.3768,0.0800
-0.3737,0.0794
-0.3706,0.0790
-0.3676,0.0785
-0.3647,0.0780
-0.3618,0.0776
-0.3590,0.0771
-0.3563,0.0767
-0.3536,0.0763
-0.3510,0.0759
-0.3484,0.0755
-0.3459,0.0751
-0.3435,0.0747
-0.3411,0.0743
-0.3388,0.0739
-0.3365,0.0736
-0.3342,0.0732
-0.3320,0.0728
-0.3298,0.0725
-0.3277,0.0721
-0.3256,0.0718
-0.3235,0.0714
-0.3215,0.0711
-0.3195,0.0708
-0.3176,0.0704
-0.3157,0.0701
-0.3138,0.0698
-0.3119,0.0695
-0.3101,0.0691
-0.3083,0.0688
-0.3065,0.0685
-0.3048,0.0682
-0.3031,0.0678
-0.3014,0.0675
-0.2997,0.0672
-0.2981,0.0669
-0.2965,0.0665
-0.2949,0.0662
-0.2933,0.0659
-0.2918,0.0657
-0.2903,0.0654
-0.2888,0.0651
-0.2873,0.0648
-0.2859,0.0645
-0.2844,0.0643
-0.2830,0.0640
-0.2816,0.0637
-0.2802,0.0635
-0.2789,0.0632
-0.2776,0.0630
-0.2763,0.0627
-0.2750,0.0625
-0.2737,0.0623
-0.2724,0.0620
-0.2712,0.0618
-0.2699,0.0616
-0.2687,0.0614
-0.2675,0.0612
-0.2664,0.0610
-0.2652,0.0607
-0.2640,0.0605
-0.2629,0.0603
-0.2618,0.0601
-0.2607,0.0599
-0.2596,0.0597
-0.2585,0.0595
-0.2574,0.0593
-0.2563,0.0591
-0.2553,0.0589
-0.2542,0.0586
-0.2532,0.0584
-0.2522,0.0582
-0.2512,0.0580
-0.2502,0.0578
-0.2492,0.0576
-0.2482,0.0574
-0.2473,0.0572
-0.2463,0.0571
-0.2454,0.0569
-0.2445,0.0567
-0.2436,0.0565
-0.2427,0.0563
-0.2418,0.0561
-0.2409,0.0559
-0.2400,0.0558
-0.2391,0.0556
-0.2383,0.0554
-0.2374,0.0552
-0.2366,0.0550
-0.2357,0.0548
-0.2349,0.0546
-0.2341,0.0545
-0.2333,0.0543
-0.2325,0.0541
-0.2317,0.0539
-0.2309,0.0538
-0.2301,0.0536
-0.2293,0.0534
-0.2286,0.0533
-0.2278,0.0531
-0.2271,0.0529
-0.2263,0.0528
-0.2256,0.0526
-0.2249,0.0524
-0.2241,0.0523
-0.2234,0.0521
-0.2227,0.0519
-0.2220,0.0518
-0.2213,0.0516
-0.2206,0.0515
-0.2199,0.0513
-0.2193,0.0512
-0.2186,0.0510
-0.2179,0.0509
-0.2173,0.0507
-0.2166,0.0506
-0.2160,0.0504
-0.2153,0.0503
-0.2147,0.0502
-0.2140,0.0500
-0.2134,0.0499
-0.2128,0.0498
-0.2122,0.0496
-0.2116,0.0495
-0.2110,0.0494
-0.2104,0.0492
-0.2098,0.0491
-0.2092,0.0490
-0.2086,0.0488
-0.2080,0.0487
-0.2074,0.0486
-0.2069,0.0485
-0.2063,0.0484
-0.2057,0.0482
-0.2052,0.0481
-0.2046,0.0480
-0.2041,0.0479
-0.2035,0.0478
-0.2030,0.0476
-0.2025,0.0475
-0.2019,0.0474
-0.2014,0.0473
-0.2009,0.0472
-0.2003,0.0471
-0.1998,0.0470
-0.1993,0.0468
-0.1988,0.0467
-0.1983,0.0466
-0.1978,0.0465
-0.1973,0.0464
-0.1968,0.0463
-0.1963,0.0462
-0.1958,0.0461
-0.1953,0.0460
-0.1949,0.0459
-0.1944,0.0458
-0.1939,0.0457
-0.1934,0.0456
-0.1930,0.0455
-0.1925,0.0454
-0.1920,0.0453
-0.1916,0.0452
-0.1911,0.0451
-0.1907,0.0450
-0.1902,0.0449
-0.1898,0.0448
-0.1893,0.0447
-0.1889,0.0446
-0.1885,0.0445
-0.1880,0.0444
-0.1876,0.0443
-0.1872,0.0442
-0.1867,0.0441
-0.1863,0.0440
-0.1859,0.0439
-0.1855,0.0438
-0.1851,0.0437
-0.1846,0.0436
-0.1842,0.0435
-0.1838,0.0434
-0.1834,0.0433
-0.1830,0.0433
-0.1826,0.0432
-0.1822,0.0431
-0.1818,0.0430
-0.1814,0.0429
-0.1810,0.0428
-0.1806,0.0427
-0.1802,0.0426
-0.1799,0.0426
-0.1795,0.0425
-0.1791,0.0424
-0.1787,0.0423
-0.1784,0.0422
-0.1780,0.0422
-0.1776,0.0421
-0.1772,0.0420
-0.1769,0.0419
-0.1765,0.0418
-0.1761,0.0418
-0.1758,0.0417
-0.1754,0.0416
-0.1751,0.0415
-0.1747,0.0414
-0.1744,0.0414
-0.1740,0.0413
-0.1737,0.0412
-0.1733,0.0411
-0.1730,0.0411
-0.1726,0.0410
-0.1723,0.0409
-0.1720,0.0408
-0.1716,0.0408
-0.1713,0.0407
-0.1710,0.0406
-0.1706,0.0406
-0.1703,0.0405
-0.1700,0.0404
-0.1697,0.0403
-0.1693,0.0403
-0.1690,0.0402
-0.1687,0.0401
-0.1684,0.0401
-0.1681,0.0400
-0.1678,0.0399
-0.1674,0.0399
-0.1671,0.0398
-0.1668,0.0397
-0.1665,0.0397
-0.1662,0.0396
-0.1659,0.0396
-0.1656,0.0395
-0.1653,0.0394
-0.1650,0.0394
-0.1647,0.0393
-0.1644,0.0392
-0.1641,0.0392
-0.1638,0.0391
-0.1635,0.0391
-0.1633,0.0390
-0.1630,0.0389
-0.1627,0.0389
-0.1624,0.0388
-0.1621,0.0388
-0.1618,0.0387
-0.1616,0.0387
-0.1613,0.0386
-0.1610,0.0385
-0.1607,0.0385
-0.1605,0.0384
-0.1602,0.0384
-0.1599,0.0383
-0.1596,0.0383
-0.1594,0.0382
-0.1591,0.0382
-0.1588,0.0381
-0.1586,0.0381
-0.1583,0.0380
-0.1580,0.0379
-0.1578,0.0379
-0.1575,0.0378
-0.1573,0.0378
-0.1570,0.0377
-0.1568,0.0377
-0.1565,0.0376
-0.1562,0.0376
-0.1560,0.0375
-0.1557,0.0375
-0.1555,0.0374
-0.1553,0.0374
-0.1550,0.0373
-0.1548,0.0373
-0.1545,0.0372
-0.1543,0.0372
-0.1540,0.0371
-0.1538,0.0371
-0.1535,0.0370
-0.1533,0.0370
-0.1531,0.0369
-0.1528,0.0369
-0.1526,0.0368
-0.1524,0.0368
-0.1521,0.0367
-0.1519,0.0367
-0.1517,0.0367
-0.1514,0.0366
-0.1512,0.0366
-0.1510,0.0365
-0.1507,0.0365
-0.1505,0.0364
-0.1503,0.0364
-0.1501,0.0363
-0.1498,0.0363
-0.1496,0.0362
-0.1494,0.0362
-0.1492,0.0361
-0.1490,0.0361
-0.1487,0.0361
-0.1485,0.0360
-0.1483,0.0360
-0.1481,0.0359
-0.1479,0.0359
-0.1477,0.0358
-0.1474,0.0358
-0.1472,0.0357
-0.1470,0.0357
-0.1468,0.0357
-0.1466,0.0356
-0.1464,0.0356
-0.1462,0.0355
-0.1460,0.0355
-0.1457,0.0354
-0.1455,0.0354
-0.1453,0.0353
-0.1451,0.0353
-0.1449,0.0353
-0.1447,0.0352
-0.1445,0.0352
-0.1443,0.0351
-0.1441,0.0351
-0.1439,0.0350
-0.1437,0.0350
-0.1435,0.0350
-0.1433,0.0349
-0.1431,0.0349
-0.1429,0.0348
-0.1427,0.0348
-0.1425,0.0348
-0.1423,0.0347
-0.1421,0.0347
-0.1419,0.0346
-0.1418,0.0346
-0.1416,0.0345
-0.1414,0.0345
-0.1412,0.0345
-0.1410,0.0344
-0.1408,0.0344
-0.1406,0.0343
-0.1404,0.0343
-0.1402,0.0343
-0.1401,0.0342
-0.1399,0.0342
-0.1397,0.0342
-0.1395,0.0341
-0.1393,0.0341
-0.1391,0.0340
-0.1390,0.0340
-0.1388,0.0340
-0.1386,0.0339
-0.1384,0.0339
-0.1382,0.0338
-0.1381,0.0338
-0.1379,0.0338
-0.1377,0.0337
-0.1375,0.0337
-0.1373,0.0337
-0.1372,0.0336
-0.1370,0.0336
-0.1368,0.0335
-0.1366,0.0335
-0.1365,0.0335
-0.1363,0.0334
-0.1361,0.0334
-0.1360,0.0334
-0.1358,0.0333
-0.1356,0.0333
-0.1354,0.0332
-0.1353,0.0332
-0.1351,0.0332
-0.1349,0.0331
-0.1348,0.0331
-0.1346,0.0331
-0.1344,0.0330
-0.1343,0.0330
-0.1341,0.0330
-0.1339,0.0329
-0.1338,0.0329
-0.1336,0.0328
-0.1335,0.0328
-0.1333,0.0328
-0.1331,0.0327
-0.1330,0.0327
-0.1328,0.0327
-0.1326,0.0326
-0.1325,0.0326
-0.1323,0.0326
-0.1322,0.0325
-0.1320,0.0325
-0.1319,0.0325
-0.1317,0.0324
-0.1315,0.0324
-0.1314,0.0324
-0.1312,0.0323
-0.1311,0.0323
-0.1309,0.0323
-0.1308,0.0322
-0.1306,0.0322
-0.1305,0.0322
-0.1303,0.0321
-0.1302,0.0321
-0.1300,0.0321
-0.1299,0.0320
-0.1297,0.0320
-0.1296,0.0320
-0.1294,0.0319
-0.1293,0.0319
-0.1291,0.0319
-0.1290,0.0318
-0.1288,0.0318
-0.1287,0.0318
-0.1285,0.0317
-0.1284,0.0317
-0.1282,0.0317
-0.1281,0.0316
-0.1279,0.0316
-0.1278,0.0316
-0.1276,0.0315
-0.1275,0.0315
-0.1274,0.0315
-0.1272,0.0314
-0.1271,0.0314
-0.1269,0.0314
-0.1268,0.0314
-0.1267,0.0313
-0.1265,0.0313
-0.1264,0.0313
-0.1262,0.0312
-0.1261,0.0312
-0.1260,0.0312
-0.1258,0.0311
-0.1257,0.0311
-0.1255,0.0311
-0.1254,0.0311
-0.1253,0.0310
-0.1251,0.0310
-0.1250,0.0310
-0.1249,0.0309
-0.1247,0.0309
-0.1246,0.0309
-0.1245,0.0309
-0.1243,0.0308
-0.1242,0.0308
-0.1241,0.0308
-0.1239,0.0307
-0.1238,0.0307
-0.1237,0.0307
-0.1235,0.0307
-0.1234,0.0306
-0.1233,0.0306
-0.1232,0.0306
-0.1230,0.0305
-0.1229,0.0305
-0.1228,0.0305
-0.1226,0.0305
-0.1225,0.0304
-0.1224,0.0304
-0.1223,0.0304
-0.1221,0.0304
-0.1220,0.0303
-0.1219,0.0303
-0.1218,0.0303
-0.1216,0.0302
-0.1215,0.0302
-0.1214,0.0302
-0.1213,0.0302
-0.1211,0.0301
-0.1210,0.0301
-0.1209,0.0301
-0.1208,0.0301
-0.1207,0.0300
-0.1205,0.0300
-0.1204,0.0300
-0.1203,0.0300
-0.1202,0.0299
-0.1201,0.0299
-0.1199,0.0299
-0.1198,0.0299
-0.1197,0.0298
-0.1196,0.0298
-0.1195,0.0298
-0.1193,0.0298
-0.1192,0.0297
-0.1191,0.0297
-0.1190,0.0297
-0.1189,0.0296
-0.1188,0.0296
-0.1187,0.0296
-0.1185,0.0296
-0.1184,0.0295
-0.1183,0.0295
-0.1182,0.0295
-0.1181,0.0295
-0.1180,0.0294
-0.1179,0.0294
-0.1177,0.0294
-0.1176,0.0294
-0.1175,0.0293
-0.1174,0.0293
-0.1173,0.0293
-0.1172,0.0293
-0.1171,0.0292
-0.1170,0.0292
-0.1168,0.0292
-0.1167,0.0292
-0.1166,0.0292
-0.1165,0.0291
-0.1164,0.0291
-0.1163,0.0291
-0.1162,0.0291
-0.1161,0.0290
-0.1160,0.0290
-0.1159,0.0290
-0.1158,0.0290
-0.1156,0.0289
-0.1155,0.0289
-0.1154,0.0289
-0.1153,0.0289
-0.1152,0.0288
-0.1151,0.0288
-0.1150,0.0288
-0.1149,0.0288
-0.1148,0.0288
-0.1147,0.0287
-0.1146,0.0287
-0.1145,0.0287
-0.1144,0.0287
-0.1143,0.0286
-0.1142,0.0286
-0.1141,0.0286
-0.1140,0.0286
-0.1139,0.0285
-0.1138,0.0285
-0.1137,0.0285
-0.1135,0.0285
-0.1134,0.0285
-0.1133,0.0284
-0.1132,0.0284
-0.1131,0.0284
-0.1130,0.0284
-0.1129,0.0283
-0.1128,0.0283
-0.1127,0.0283
-0.1126,0.0283
-0.1125,0.0282
-0.1124,0.0282
-0.1123,0.0282
-0.1122,0.0282
-0.1121,0.0282
-0.1120,0.0281
-0.1119,0.0281
-0.1118,0.0281
-0.1117,0.0281
-0.1116,0.0280
-0.1115,0.0280
-0.1114,0.0280
-0.1113,0.0280
-0.1112,0.0279
-0.1111,0.0279
-0.1110,0.0279
-0.1110,0.0279
-0.1109,0.0279
-0.1108,0.0278
-0.1107,0.0278
-0.1106,0.0278
-0.1105,0.0278
-0.1104,0.0277
-0.1103,0.0277
-0.1102,0.0277
-0.1101,0.0277
-0.1100,0.0277
-0.1099,0.0276
-0.1098,0.0276
-0.1097,0.0276
-0.1096,0.0276
-0.1095,0.0275
-0.1094,0.0275
-0.1093,0.0275
-0.1092,0.0275
-0.1092,0.0275
-0.1091,0.0274
-0.1090,0.0274
-0.1089,0.0274
-0.1088,0.0274
-0.1087,0.0273
-0.1086,0.0273
-0.1085,0.0273
-0.1084,0.0273
-0.1083,0.0273
-0.1082,0.0272
-0.1081,0.0272
-0.1081,0.0272
-0.1080,0.0272
-0.1079,0.0271
-0.1078,0.0271
-0.1077,0.0271
-0.1076,0.0271
-0.1075,0.0271
-0.1074,0.0270
-0.1073,0.0270
-0.1072,0.0270
-0.1072,0.0270
-0.1071,0.0269
-0.1070,0.0269
-0.1069,0.0269
-0.1068,0.0269
-0.1067,0.0269
-0.1066,0.0268
-0.1065,0.0268
-0.1065,0.0268
-0.1064,0.0268
-0.1063,0.0268
-0.1062,0.0267
-0.1061,0.0267
-0.1060,0.0267
-0.1059,0.0267
-0.1059,0.0267
-0.1058,0.0266
-0.1057,0.0266
-0.1056,0.0266
-0.1055,0.0266
-0.1054,0.0266
-0.1053,0.0265
-0.1053,0.0265
-0.1052,0.0265
-0.1051,0.0265
-0.1050,0.0265
-0.1049,0.0264
-0.1048,0.0264
-0.1048,0.0264
-0.1047,0.0264
-0.1046,0.0264
-0.1045,0.0263
-0.1044,0.0263
-0.1043,0.0263
-0.1043,0.0263
-0.1042,0.0263
-0.1041,0.0262
-0.1040,0.0262
-0.1039,0.0262
-0.1039,0.0262
-0.1038,0.0262
-0.1037,0.0261
-0.1036,0.0261
-0.1035,0.0261
-0.1035,0.0261
-0.1034,0.0261
-0.1033,0.0260
-0.1032,0.0260
-0.1031,0.0260
-0.1031,0.0260
-0.1030,0.0260
-0.1029,0.0259
-0.1028,0.0259
-0.1027,0.0259
-0.1027,0.0259
-0.1026,0.0259
-0.1025,0.0258
-0.1024,0.0258
-0.1023,0.0258
-0.1023,0.0258
-0.1022,0.0258
-0.1021,0.0258
-0.1020,0.0257
-0.1020,0.0257
-0.1019,0.0257
-0.1018,0.0257
-0.1017,0.0257
-0.1017,0.0256
-0.1016,0.0256
-0.1015,0.0256
-0.1014,0.0256
-0.1014,0.0256
-0.1013,0.0255
-0.1012,0.0255
-0.1011,0.0255
-0.1010,0.0255
-0.1010,0.0255
-0.1009,0.0255
-0.1008,0.0254
-0.1007,0.0254
-0.1007,0.0254
-0.1006,0.0254
-0.1005,0.0254
-0.1005,0.0253
-0.1004,0.0253
-0.1003,0.0253
-0.1002,0.0253
-0.1002,0.0253
-0.1001,0.0253
-0.1000,0.0252
-0.0999,0.0252
-0.0999,0.0252
-0.0998,0.0252
-0.0997,0.0252
-0.0996,0.0252
-0.0996,0.0251
-0.0995,0.0251
-0.0994,0.0251
-0.0994,0.0251
-0.0993,0.0251
-0.0992,0.0250
-0.0991,0.0250
-0.0991,0.0250
-0.0990,0.0250
-0.0989,0.0250
-0.0989,0.0250
-0.0988,0.0249
-0.0987,0.0249
-0.0986,0.0249
-0.0986,0.0249
-0.0985,0.0249
-0.0984,0.0249
-0.0984,0.0248
-0.0983,0.0248
-0.0982,0.0248
-0.0982,0.0248
-0.0981,0.0248
-0.0980,0.0248
-0.0980,0.0247
-0.0979,0.0247
-0.0978,0.0247
-0.0977,0.0247
-0.0977,0.0247
-0.0976,0.0247
-0.0975,0.0246
-0.0975,0.0246
-0.0974,0.0246
-0.0973,0.0246
-0.0973,0.0246
-0.0972,0.0246
-0.0971,0.0245
-0.0971,0.0245
-0.0970,0.0245
-0.0969,0.0245
-0.0969,0.0245
-0.0968,0.0245
-0.0967,0.0244
-0.0967,0.0244
-0.0966,0.0244
-0.0965,0.0244
-0.0965,0.0244
-0.0964,0.0244
-0.0963,0.0244
-0.0963,0.0243
-0.0962,0.0243
-0.0961,0.0243
-0.0961,0.0243
-0.0960,0.0243
-0.0960,0.0243
-0.0959,0.0242
-0.0958,0.0242
-0.0958,0.0242
-0.0957,0.0242
-0.0956,0.0242
-0.0956,0.0242
-0.0955,0.0242
-0.0954,0.0241
-0.0954,0.0241
-0.0953,0.0241
-0.0953,0.0241
-0.0952,0.0241
-0.0951,0.0241
-0.0951,0.0241
-0.0950,0.0240
-0.0949,0.0240
-0.0949,0.0240
-0.0948,0.0240
-0.0948,0.0240
-0.0947,0.0240
-0.0946,0.0240
-0.0946,0.0239
-0.0945,0.0239
-0.0944,0.0239
-0.0944,0.0239
-0.0943,0.0239
-0.0943,0.0239
-0.0942,0.0239
-0.0941,0.0238
-0.0941,0.0238
-0.0940,0.0238
-0.0940,0.0238
-0.0939,0.0238
-0.0938,0.0238
-0.0938,0.0238
-0.0937,0.0237
-0.0937,0.0237
-0.0936,0.0237
-0.0935,0.0237
-0.0935,0.0237
-0.0934,0.0237
-0.0934,0.0237
-0.0933,0.0236
-0.0932,0.0236
-0.0932,0.0236
-0.0931,0.0236
-0.0931,0.0236
-0.0930,0.0236
-0.0929,0.0236
-0.0929,0.0235
-0.0928,0.0235
-0.0928,0.0235
-0.0927,0.0235
-0.0927,0.0235
-0.0926,0.0235
-0.0925,0.0235
-0.0925,0.0235
-0.0924,0.0234
-0.0924,0.0234
-0.0923,0.0234
-0.0922,0.0234
-0.0922,0.0234
-0.0921,0.0234
-0.0921,0.0234
-0.0920,0.0233
-0.0920,0.0233
-0.0919,0.0233
-0.0918,0.0233
-0.0918,0.0233
-0.0917,0.0233
-0.0917,0.0233
-0.0916,0.0232
-0.0916,0.0232
-0.0915,0.0232
-0.0915,0.0232
-0.0914,0.0232
-0.0913,0.0232
-0.0913,0.0232
-0.0912,0.0231
-0.0912,0.0231
-0.0911,0.0231
-0.0911,0.0231
-0.0910,0.0231
-0.0910,0.0231
-0.0909,0.0231
-0.0908,0.0231
-0.0908,0.0230
-0.0907,0.0230
-0.0907,0.0230
-0.0906,0.0230
-0.0906,0.0230
-0.0905,0.0230
-0.0905,0.0230
-0.0904,0.0229
-0.0903,0.0229
-0.0903,0.0229
-0.0902,0.0229
-0.0902,0.0229
-0.0901,0.0229
-0.0901,0.0229
-0.0900,0.0229
-0.0900,0.0228
-0.0899,0.0228
-0.0899,0.0228
-0.0898,0.0228
-0.0898,0.0228
-0.0897,0.0228
-0.0897,0.0228
-0.0896,0.0228
-0.0895,0.0227
-0.0895,0.0227
-0.0894,0.0227
-0.0894,0.0227
-0.0893,0.0227
-0.0893,0.0227
-0.0892,0.0227
-0.0892,0.0227
-0.0891,0.0226
-0.0891,0.0226
-0.0890,0.0226
-0.0890,0.0226
-0.0889,0.0226
-0.0889,0.0226
-0.0888,0.0226
-0.0888,0.0226
-0.0887,0.0225
-0.0887,0.0225
-0.0886,0.0225
-0.0886,0.0225
-0.0885,0.0225
-0.0885,0.0225
-0.0884,0.0225
-0.0884,0.0225
-0.0883,0.0224
-0.0883,0.0224
-0.0882,0.0224
-0.0882,0.0224
-0.0881,0.0224
-0.0881,0.0224
-0.0880,0.0224
-0.0880,0.0224
-0.0879,0.0223
-0.0879,0.0223
-0.0878,0.0223
-0.0878,0.0223
-0.0877,0.0223
-0.0877,0.0223
-0.0876,0.0223
-0.0876,0.0223
-0.0875,0.0222
-0.0875,0.0222
-0.0874,0.0222
-0.0874,0.0222
-0.0873,0.0222
-0.0873,0.0222
-0.0872,0.0222
-0.0872,0.0222
-0.0871,0.0221
-0.0871,0.0221
-0.0870,0.0221
-0.0870,0.0221
-0.0869,0.0221
-0.0869,0.0221
-0.0868,0.0221
-0.0868,0.0221
-0.0867,0.0221
-0.0867,0.0220
-0.0866,0.0220
-0.0866,0.0220
-0.0865,0.0220
-0.0865,0.0220
-0.0864,0.0220
-0.0864,0.0220
-0.0863,0.0220
-0.0863,0.0219
-0.0862,0.0219
-0.0862,0.0219
-0.0861,0.0219
-0.0861,0.0219
-0.0861,0.0219
-0.0860,0.0219
-0.0860,0.0219
-0.0859,0.0219
-0.0859,0.0218
-0.0858,0.0218
-0.0858,0.0218
-0.0857,0.0218
-0.0857,0.0218
-0.0856,0.0218
-0.0856,0.0218
-0.0855,0.0218
-0.0855,0.0217
-0.0854,0.0217
-0.0854,0.0217
-0.0854,0.0217
0.2344
0.2394
0.2502
0.2902
0.2934
0.3155
0.3649
0.3700
0.3716
0.3884
0.4339
0.4351
0.4737
0.4791
0.4850
0.4917
0.4973
0.5135
0.5143
0.5165
0.5236
0.5286
0.5295
0.5397
0.5400
0.5416
0.5416
0.5419
0.5631
0.5684
0.5731
0.5825
0.5915
0.5978
0.6082
0.6137
0.6176
0.6226
0.6227
0.6232
0.6238
0.6440
0.6681
0.6703
0.6708
0.6833
0.6853
0.6960
0.6990
0.7025
0.7071
0.7167
0.7186
0.7339
0.7392
0.7450
0.7491
0.7574
0.7687
0.7688
0.7725
0.7741
0.7770
0.7783
0.7796
0.7841
0.7856
0.7879
0.7887
0.7898
0.7901
0.7920
0.7920
0.8010
0.8033
0.8148
0.8149
0.8157
0.8267
0.8317
0.8332
0.8376
0.8477
0.8547
0.8569
0.8615
0.8618
0.8664
0.8672
0.8757
0.8757
0.8758
0.8768
0.8803
0.8806
0.8808
0.8827
0.8834
0.8892
0.8967
0.9012
0.9094
0.9123
0.9126
0.9156
0.9176
0.9195
0.9228
0.9239
0.9289
0.9307
0.9350
0.9435
0.9443
0.9470
0.9566
0.9607
0.9657
0.9707
0.9714
0.9795
0.9824
0.9851
0.9905
0.9916
0.9930
0.9931
0.9970
0.9990
0.9990
1.0013
1.0021
1.0035
1.0036
1.0049
1.0084
1.0120
1.0196
1.0201
1.0240
1.0314
1.0329
1.0336
1.0343
1.0347
1.0371
1.0374
1.0382
1.0402
1.0402
1.0403
1.0475
1.0480
1.0516
1.0570
1.0589
1.0605
1.0605
1.0637
1.0691
1.0707
1.0743
1.0809
1.0827
1.0829
1.0867
1.0874
1.0880
1.0918
1.0921
1.0940
1.0967
1.0973
1.0980
1.0983
1.0987
1.1010
1.1019
1.1028
1.1039
1.1049
1.1054
1.1054
1.1056
1.1081
1.1106
1.1229
1.1233
1.1249
1.1261
1.1270
1.1271
1.1276
1.1296
1.1327
1.1341
1.1367
1.1410
1.1414
1.1421
1.1473
1.1477
1.1517
1.1580
1.1585
1.1598
1.1606
1.1607
1.1607
1.1618
1.1631
1.1639
1.1648
1.1674
1.1684
1.1704
1.1709
1.1731
1.1734
1.1763
1.1785
1.1787
1.1800
1.1801
1.1805
1.1819
1.1870
1.1877
1.1896
1.1903
1.1904
1.1933
1.1945
1.1950
1.1960
1.1976
1.1978
1.1989
1.2007
1.2014
1.2020
1.2036
1.2066
1.2070
1.2083
1.2096
1.2121
1.2143
1.2144
1.2169
1.2186
1.2214
1.2214
1.2244
1.2254
1.2278
1.2290
1.2320
1.2345
1.2421
1.2425
1.2436
1.2456
1.2469
1.2496
1.2532
1.2544
1.2549
1.2590
1.2635
1.2665
1.2670
1.2675
1.2683
1.2689
1.2719
1.2748
1.2753
1.2828
1.2839
1.2854
1.2863
1.2867
1.2867
1.2879
1.2911
1.2914
1.2928
1.2932
1.2988
1.2992
1.3020
1.3035
1.3091
1.3130
1.3136
1.3160
1.3175
1.3189
1.3202
1.3214
1.3222
1.3238
1.3243
1.3266
1.3282
1.3310
1.3316
1.3329
1.3331
1.3342
1.3349
1.3359
1.3362
1.3368
1.3391
1.3428
1.3434
1.3435
1.3486
1.3487
1.3502
1.3502
1.3520
1.3524
1.3531
1.3622
1.3625
1.3643
1.3644
1.3645
1.3649
1.3662
1.3691
1.3738
1.3755
1.3758
1.3766
1.3769
1.3809
1.3810
1.3843
1.3846
1.3879
1.3904
1.3919
1.3943
1.3946
1.3951
1.3952
1.3967
1.3984
1.3988
1.3997
1.3998
1.4000
1.4020
1.4020
1.4037
1.4059
1.4060
1.4069
1.4083
1.4098
1.4135
1.4137
1.4160
1.4173
1.4183
1.4208
1.4210
1.4214
1.4221
1.4230
1.4253
1.4289
1.4290
1.4292
1.4308
1.4313
1.4327
1.4330
1.4344
1.4358
1.4379
1.4381
1.4385
1.4414
1.4417
1.4451
1.4462
1.4500
1.4501
1.4513
1.4514
1.4533
1.4542
1.4568
1.4569
1.4573
1.4575
1.4577
1.4611
1.4613
1.4621
1.4633
1.4637
1.4652
1.4694
1.4701
1.4706
1.4706
1.4712
1.4740
1.4754
1.4760
1.4787
1.4787
1.4794
1.4807
1.4827
1.4859
1.4894
1.4908
1.4917
1.4930
1.4947
1.4948
1.4958
1.4974
1.4992
1.4995
1.5000
1.5003
1.5006
1.5009
1.5016
1.5058
1.5067
1.5079
1.5089
1.5096
1.5105
1.5118
1.5176
1.5180
1.5182
1.5214
1.5235
1.5281
1.5288
1.5290
1.5295
1.5297
1.5327
1.5344
1.5373
1.5408
1.5415
1.5428
1.5440
1.5457
1.5543
1.5546
1.5574
1.5576
1.5577
1.5606
1.5633
1.5655
1.5673
1.5720
1.5724
1.5733
1.5784
1.5839
1.5843
1.5845
1.5852
1.5855
1.5882
1.5895
1.5925
1.5942
1.5968
1.5995
1.6000
1.6004
1.6031
1.6033
1.6050
1.6054
1.6058
1.6063
1.6102
1.6113
1.6147
1.6170
1.6171
1.6200
1.6204
1.6205
1.6240
1.6248
1.6258
1.6296
1.6307
1.6326
1.6342
1.6361
1.6374
1.6392
1.6394
1.6406
1.6408
1.6410
1.6440
1.6463
1.6504
1.6554
1.6580
1.6582
1.6595
1.6608
1.6608
1.6608
1.6610
1.6611
1.6632
1.6634
1.6704
1.6704
1.6707
1.6712
1.6713
1.6718
1.6739
1.6745
1.6769
1.6769
1.6770
1.6774
1.6786
1.6790
1.6800
1.6800
1.6809
1.6820
1.6826
1.6829
1.6832
1.6861
1.6863
1.6871
1.6873
1.6897
1.6921
1.6929
1.6929
1.6949
1.6966
1.6967
1.6988
1.6995
1.7022
1.7025
1.7034
1.7057
1.7058
1.7078
1.7089
1.7108
1.7114
1.7114
1.7133
1.7155
1.7156
1.7158
1.7165
1.7195
1.7206
1.7220
1.7227
1.7236
1.7241
1.7254
1.7263
1.7270
1.7273
1.7293
1.7318
1.7363
1.7379
1.7425
1.7428
1.7430
1.7445
1.7450
1.7463
1.7494
1.7560
1.7560
1.7568
1.7574
1.7579
1.7605
1.7625
1.7640
1.7643
1.7646
1.7665
1.7691
1.7694
1.7701
1.7720
1.7732
1.7752
1.7758
1.7780
1.7786
1.7807
1.7817
1.7826
1.7834
1.7855
1.7868
1.7903
1.7912
1.7936
1.7938
1.7979
1.8019
1.8023
1.8027
1.8028
1.8031
1.8032
1.8038
1.8041
1.8081
1.8096
1.8108
1.8120
1.8123
1.8126
1.8134
1.8160
1.8161
1.8172
1.8203
1.8225
1.8239
1.8265
1.8311
1.8329
1.8336
1.8354
1.8366
1.8367
1.8387
1.8429
1.8430
1.8443
1.8459
1.8460
1.8481
1.8500
1.8513
1.8519
1.8531
1.8539
1.8563
1.8577
1.8584
1.8602
1.8608
1.8610
1.8630
1.8634
1.8652
1.8662
1.8725
1.8739
1.8747
1.8765
1.8799
1.8802
1.8819
1.8819
1.8850
1.8858
1.8860
1.8895
1.8898
1.8911
1.8945
1.8952
1.8962
1.8963
1.9006
1.9024
1.9041
1.9063
1.9066
1.9081
1.9101
1.9113
1.9123
1.9161
1.9166
1.9184
1.9203
1.9203
1.9249
1.9261
1.9270
1.9290
1.9298
1.9313
1.9350
1.9374
1.9382
1.9389
1.9389
1.9417
1.9423
1.9435
1.9435
1.9441
1.9444
1.9467
1.9486
1.9521
1.9531
1.9562
1.9563
1.9563
1.9571
1.9585
1.9592
1.9609
1.9641
1.9674
1.9685
1.9685
1.9688
1.9690
1.9693
1.9700
1.9701
1.9707
1.9717
1.9736
1.9748
1.9756
1.9762
1.9770
1.9822
1.9827
1.9829
1.9836
1.9853
1.9888
2.0000
2.0003
2.0007
2.0013
2.0018
2.0019
2.0048
2.0083
2.0095
2.0114
2.0128
2.0151
2.0154
2.0166
2.0177
2.0188
2.0202
2.0215
2.0216
2.0220
2.0221
2.0241
2.0251
2.0260
2.0291
2.0294
2.0310
2.0319
2.0337
2.0344
2.0356
2.0373
2.0408
2.0421
2.0474
2.0485
2.0511
2.0512
2.0547
2.0569
2.0623
2.0636
2.0679
2.0735
2.0757
2.0775
2.0799
2.0811
2.0833
2.0836
2.0860
2.0867
2.0873
2.0904
2.0953
2.0968
2.0970
2.1016
2.1034
2.1041
2.1063
2.1093
2.1106
2.1114
2.1125
2.1133
2.1142
2.1150
2.1151
2.1158
2.1162
2.1217
2.1248
2.1259
2.1272
2.1303
2.1319
2.1329
2.1383
2.1393
2.1410
2.1434
2.1502
2.1506
2.1554
2.1633
2.1699
2.1711
2.1729
2.1742
2.1744
2.1744
2.1749
2.1760
2.1772
2.1785
2.1836
2.1837
2.1864
2.1881
2.1889
2.1965
2.1966
2.1982
2.2035
2.2191
2.2195
2.2223
2.2357
2.2420
2.2431
2.2467
2.2481
2.2482
2.2547
2.2548
2.2568
2.2628
2.2629
2.2638
2.2660
2.2702
2.2722
2.2754
2.2763
2.2782
2.2796
2.2829
2.2843
2.2914
2.2935
2.2976
2.3066
2.3116
2.3147
2.3165
2.3360
2.3580
2.3624
2.3638
2.3659
2.3751
2.3775
2.3856
2.3904
2.4004
2.4075
2.4086
2.4101
2.4126
2.4130
2.4131
2.4134
2.4164
2.4166
2.4168
2.4196
2.4212
2.4217
2.4338
2.4479
2.4499
2.4505
2.4605
2.4613
2.4645
2.4657
2.4704
2.4742
2.4819
2.4847
2.4873
2.4874
2.4911
2.5091
2.5104
2.5129
2.5139
2.5306
2.5361
2.5368
2.5385
2.5400
2.5501
2.5654
2.5694
2.5733
2.5736
2.5768
2.5788
2.5816
2.5868
2.5892
2.5927
2.6011
2.6062
2.6338
2.6484
2.6829
2.6925
2.6956
2.7027
2.7167
2.7262
2.7416
2.7427
2.7640
2.7676
2.7991
2.8081
2.8088
2.8186
2.8242
2.8380
2.8643
2.8926
2.9088
2.9223
2.9454
2.9555
2.9672
2.9706
2.9734
2.9811
3.0077
3.0848
3.0872
3.0891
3.0921
3.1017
3.1077
3.1079
3.2824
3.3002
3.3230
3.3723
3.5045
