1000
1000
-1.4856,0.1852
-1.3934,0.1827
-1.1801,0.1411
-1.0365,0.1352
-0.9311,0.1325
-0.8508,0.1316
-0.7875,0.1299
-0.7349,0.1273
-0.6910,0.1243
-0.6538,0.1218
-0.6221,0.1198
-0.5942,0.1178
-0.5696,0.1158
-0.5472,0.1132
-0.5271,0.1106
-0.5088,0.1080
-0.4922,0.1056
-0.4770,0.1034
-0.4630,0.1013
-0.4500,0.0991
-0.4381,0.0972
-0.4270,0.0954
-0.4166,0.0936
-0.4069,0.0918
-0.3978,0.0901
-0.3893,0.0886
-0.3812,0.0871
-0.3737,0.0858
-0.3665,0.0844
-0.3597,0.0832
-0.3533,0.0820
-0.3472,0.0809
-0.3414,0.0798
-0.3358,0.0788
-0.3306,0.0778
-0.3255,0.0769
-0.3208,0.0761
-0.3162,0.0753
-0.3117,0.0745
-0.3075,0.0737
-0.3034,0.0729
-0.2994,0.0722
-0.2956,0.0714
-0.2919,0.0708
-0.2884,0.0701
-0.2849,0.0694
-0.2816,0.0688
-0.2785,0.0682
-0.2754,0.0676
-0.2724,0.0670
-0.2695,0.0664
-0.2667,0.0659
-0.2640,0.0654
-0.2613,0.0649
-0.2588,0.0644
-0.2563,0.0639
-0.2539,0.0635
-0.2515,0.0630
-0.2492,0.0626
-0.2470,0.0622
-0.2448,0.0617
-0.2427,0.0613
-0.2406,0.0609
-0.2386,0.0605
-0.2366,0.0601
-0.2347,0.0597
-0.2328,0.0593
-0.2309,0.0589
-0.2291,0.0585
-0.2273,0.0582
-0.2256,0.0578
-0.2239,0.0574
-0.2222,0.0571
-0.2206,0.0567
-0.2190,0.0563
-0.2174,0.0560
-0.2159,0.0557
-0.2143,0.0553
-0.2129,0.0550
-0.2114,0.0546
-0.2100,0.0543
-0.2086,0.0540
-0.2072,0.0537
-0.2058,0.0533
-0.2045,0.0530
-0.2032,0.0527
-0.2019,0.0524
-0.2007,0.0521
-0.1994,0.0519
-0.1982,0.0516
-0.1970,0.0513
-0.1959,0.0510
-0.1947,0.0508
-0.1936,0.0505
-0.1925,0.0503
-0.1914,0.0500
-0.1903,0.0497
-0.1893,0.0495
-0.1882,0.0492
-0.1872,0.0490
-0.1862,0.0487
-0.1852,0.0485
-0.1842,0.0483
-0.1832,0.0480
-0.1823,0.0478
-0.1813,0.0476
-0.1804,0.0474
-0.1795,0.0472
-0.1786,0.0469
-0.1777,0.0467
-0.1769,0.0465
-0.1760,0.0463
-0.1752,0.0461
-0.1744,0.0459
-0.1735,0.0457
-0.1727,0.0455
-0.1719,0.0454
-0.1711,0.0452
-0.1704,0.0450
-0.1696,0.0448
-0.1688,0.0446
-0.1681,0.0445
-0.1674,0.0443
-0.1666,0.0441
-0.1659,0.0440
-0.1652,0.0438
-0.1645,0.0436
-0.1638,0.0435
-0.1631,0.0433
-0.1624,0.0431
-0.1618,0.0430
-0.1611,0.0428
-0.1605,0.0426
-0.1598,0.0425
-0.1592,0.0423
-0.1585,0.0421
-0.1579,0.0420
-0.1573,0.0418
-0.1567,0.0417
-0.1561,0.0415
-0.1555,0.0414
-0.1549,0.0412
-0.1543,0.0410
-0.1537,0.0409
-0.1531,0.0408
-0.1525,0.0406
-0.1520,0.0405
-0.1514,0.0403
-0.1508,0.0402
-0.1503,0.0400
-0.1498,0.0399
-0.1492,0.0398
-0.1487,0.0396
-0.1481,0.0395
-0.1476,0.0394
-0.1471,0.0392
-0.1466,0.0391
-0.1461,0.0390
-0.1456,0.0389
-0.1451,0.0387
-0.1446,0.0386
-0.1441,0.0385
-0.1436,0.0384
-0.1431,0.0382
-0.1426,0.0381
-0.1422,0.0380
-0.1417,0.0379
-0.1412,0.0378
-0.1408,0.0377
-0.1403,0.0375
-0.1399,0.0374
-0.1394,0.0373
-0.1390,0.0372
-0.1385,0.0371
-0.1381,0.0370
-0.1377,0.0369
-0.1372,0.0368
-0.1368,0.0367
-0.1364,0.0365
-0.1360,0.0364
-0.1355,0.0363
-0.1351,0.0362
-0.1347,0.0361
-0.1343,0.0360
-0.1339,0.0359
-0.1335,0.0358
-0.1331,0.0357
-0.1327,0.0356
-0.1323,0.0355
-0.1319,0.0354
-0.1315,0.0353
-0.1312,0.0352
-0.1308,0.0351
-0.1304,0.0350
-0.1300,0.0349
-0.1296,0.0348
-0.1293,0.0347
-0.1289,0.0346
-0.1285,0.0345
-0.1282,0.0344
-0.1278,0.0343
-0.1274,0.0342
-0.1271,0.0341
-0.1267,0.0340
-0.1264,0.0339
-0.1260,0.0338
-0.1257,0.0338
-0.1253,0.0337
-0.1250,0.0336
-0.1247,0.0335
-0.1243,0.0334
-0.1240,0.0333
-0.1236,0.0332
-0.1233,0.0331
-0.1230,0.0330
-0.1227,0.0329
-0.1223,0.0329
-0.1220,0.0328
-0.1217,0.0327
-0.1214,0.0326
-0.1210,0.0325
-0.1207,0.0324
-0.1204,0.0323
-0.1201,0.0322
-0.1198,0.0322
-0.1195,0.0321
-0.1192,0.0320
-0.1189,0.0319
-0.1185,0.0318
-0.1182,0.0318
-0.1179,0.0317
-0.1176,0.0316
-0.1173,0.0315
-0.1171,0.0314
-0.1168,0.0314
-0.1165,0.0313
-0.1162,0.0312
-0.1159,0.0311
-0.1156,0.0310
-0.1153,0.0310
-0.1150,0.0309
-0.1147,0.0308
-0.1145,0.0307
-0.1142,0.0306
-0.1139,0.0306
-0.1136,0.0305
-0.1133,0.0304
-0.1131,0.0303
-0.1128,0.0303
-0.1125,0.0302
-0.1123,0.0301
-0.1120,0.0300
-0.1117,0.0300
-0.1114,0.0299
-0.1112,0.0298
-0.1109,0.0297
-0.1107,0.0297
-0.1104,0.0296
-0.1101,0.0295
-0.1099,0.0294
-0.1096,0.0294
-0.1094,0.0293
-0.1091,0.0292
-0.1088,0.0291
-0.1086,0.0291
-0.1083,0.0290
-0.1081,0.0289
-0.1078,0.0288
-0.1076,0.0288
-0.1073,0.0287
-0.1071,0.0286
-0.1069,0.0285
-0.1066,0.0285
-0.1064,0.0284
-0.1061,0.0283
-0.1059,0.0283
-0.1056,0.0282
-0.1054,0.0281
-0.1052,0.0280
-0.1049,0.0280
-0.1047,0.0279
-0.1045,0.0278
-0.1042,0.0278
-0.1040,0.0277
-0.1038,0.0276
-0.1035,0.0276
-0.1033,0.0275
-0.1031,0.0274
-0.1029,0.0274
-0.1026,0.0273
-0.1024,0.0272
-0.1022,0.0272
-0.1020,0.0271
-0.1018,0.0270
-0.1015,0.0270
-0.1013,0.0269
-0.1011,0.0268
-0.1009,0.0268
-0.1007,0.0267
-0.1004,0.0266
-0.1002,0.0266
-0.1000,0.0265
-0.0998,0.0264
-0.0996,0.0264
-0.0994,0.0263
-0.0992,0.0262
-0.0989,0.0262
-0.0987,0.0261
-0.0985,0.0260
-0.0983,0.0260
-0.0981,0.0259
-0.0979,0.0258
-0.0977,0.0258
-0.0975,0.0257
-0.0973,0.0256
-0.0971,0.0256
-0.0969,0.0255
-0.0967,0.0254
-0.0965,0.0254
-0.0963,0.0253
-0.0961,0.0253
-0.0959,0.0252
-0.0957,0.0251
-0.0955,0.0251
-0.0953,0.0250
-0.0951,0.0249
-0.0949,0.0249
-0.0947,0.0248
-0.0945,0.0248
-0.0943,0.0247
-0.0941,0.0246
-0.0939,0.0246
-0.0937,0.0245
-0.0936,0.0245
-0.0934,0.0244
-0.0932,0.0244
-0.0930,0.0243
-0.0928,0.0242
-0.0926,0.0242
-0.0924,0.0241
-0.0922,0.0241
-0.0921,0.0240
-0.0919,0.0239
-0.0917,0.0239
-0.0915,0.0238
-0.0913,0.0238
-0.0912,0.0237
-0.0910,0.0237
-0.0908,0.0236
-0.0906,0.0235
-0.0904,0.0235
-0.0903,0.0234
-0.0901,0.0234
-0.0899,0.0233
-0.0897,0.0233
-0.0895,0.0232
-0.0894,0.0231
-0.0892,0.0231
-0.0890,0.0230
-0.0888,0.0230
-0.0887,0.0229
-0.0885,0.0229
-0.0883,0.0228
-0.0881,0.0227
-0.0880,0.0227
-0.0878,0.0226
-0.0876,0.0226
-0.0875,0.0225
-0.0873,0.0225
-0.0871,0.0224
-0.0870,0.0224
-0.0868,0.0223
-0.0866,0.0222
-0.0864,0.0222
-0.0863,0.0221
-0.0861,0.0221
-0.0859,0.0220
-0.0858,0.0220
-0.0856,0.0219
-0.0854,0.0219
-0.0853,0.0218
-0.0851,0.0218
-0.0850,0.0217
-0.0848,0.0216
-0.0846,0.0216
-0.0845,0.0215
-0.0843,0.0215
-0.0841,0.0214
-0.0840,0.0214
-0.0838,0.0213
-0.0837,0.0213
-0.0835,0.0212
-0.0833,0.0211
-0.0832,0.0211
-0.0830,0.0210
-0.0829,0.0210
-0.0827,0.0209
-0.0825,0.0209
-0.0824,0.0208
-0.0822,0.0208
-0.0821,0.0207
-0.0819,0.0207
-0.0817,0.0206
-0.0816,0.0206
-0.0814,0.0205
-0.0813,0.0205
-0.0811,0.0204
-0.0810,0.0204
-0.0808,0.0203
-0.0807,0.0203
-0.0805,0.0202
-0.0804,0.0202
-0.0802,0.0201
-0.0801,0.0201
-0.0799,0.0200
-0.0798,0.0200
-0.0796,0.0199
-0.0795,0.0199
-0.0793,0.0198
-0.0792,0.0198
-0.0790,0.0197
-0.0789,0.0197
-0.0787,0.0196
-0.0786,0.0196
-0.0784,0.0195
-0.0783,0.0195
-0.0781,0.0194
-0.0780,0.0194
-0.0778,0.0194
-0.0777,0.0193
-0.0775,0.0193
-0.0774,0.0192
-0.0773,0.0192
-0.0771,0.0191
-0.0770,0.0191
-0.0768,0.0190
-0.0767,0.0190
-0.0765,0.0190
-0.0764,0.0189
-0.0763,0.0189
-0.0761,0.0188
-0.0760,0.0188
-0.0758,0.0187
-0.0757,0.0187
-0.0755,0.0187
-0.0754,0.0186
-0.0753,0.0186
-0.0751,0.0185
-0.0750,0.0185
-0.0748,0.0184
-0.0747,0.0184
-0.0746,0.0184
-0.0744,0.0183
-0.0743,0.0183
-0.0742,0.0182
-0.0740,0.0182
-0.0739,0.0182
-0.0737,0.0181
-0.0736,0.0181
-0.0735,0.0180
-0.0733,0.0180
-0.0732,0.0179
-0.0731,0.0179
-0.0729,0.0179
-0.0728,0.0178
-0.0727,0.0178
-0.0725,0.0177
-0.0724,0.0177
-0.0722,0.0176
-0.0721,0.0176
-0.0720,0.0176
-0.0718,0.0175
-0.0717,0.0175
-0.0716,0.0174
-0.0714,0.0174
-0.0713,0.0173
-0.0712,0.0173
-0.0710,0.0173
-0.0709,0.0172
-0.0708,0.0172
-0.0706,0.0171
-0.0705,0.0171
-0.0704,0.0171
-0.0702,0.0170
-0.0701,0.0170
-0.0700,0.0169
-0.0698,0.0169
-0.0697,0.0168
-0.0696,0.0168
-0.0694,0.0168
-0.0693,0.0167
-0.0692,0.0167
-0.0691,0.0166
-0.0689,0.0166
-0.0688,0.0166
-0.0687,0.0165
-0.0685,0.0165
-0.0684,0.0164
-0.0683,0.0164
-0.0681,0.0164
-0.0680,0.0163
-0.0679,0.0163
-0.0678,0.0162
-0.0676,0.0162
-0.0675,0.0162
-0.0674,0.0161
-0.0673,0.0161
-0.0671,0.0160
-0.0670,0.0160
-0.0669,0.0160
-0.0667,0.0159
-0.0666,0.0159
-0.0665,0.0159
-0.0664,0.0158
-0.0662,0.0158
-0.0661,0.0157
-0.0660,0.0157
-0.0659,0.0157
-0.0657,0.0156
-0.0656,0.0156
-0.0655,0.0155
-0.0654,0.0155
-0.0652,0.0155
-0.0651,0.0154
-0.0650,0.0154
-0.0649,0.0153
-0.0647,0.0153
-0.0646,0.0153
-0.0645,0.0152
-0.0644,0.0152
-0.0642,0.0151
-0.0641,0.0151
-0.0640,0.0151
-0.0639,0.0150
-0.0637,0.0150
-0.0636,0.0150
-0.0635,0.0149
-0.0634,0.0149
-0.0633,0.0148
-0.0631,0.0148
-0.0630,0.0148
-0.0629,0.0147
-0.0628,0.0147
-0.0626,0.0146
-0.0625,0.0146
-0.0624,0.0146
-0.0623,0.0145
-0.0621,0.0145
-0.0620,0.0144
-0.0619,0.0144
-0.0618,0.0144
-0.0617,0.0143
-0.0615,0.0143
-0.0614,0.0143
-0.0613,0.0142
-0.0612,0.0142
-0.0611,0.0141
-0.0609,0.0141
-0.0608,0.0141
-0.0607,0.0140
-0.0606,0.0140
-0.0604,0.0140
-0.0603,0.0139
-0.0602,0.0139
-0.0601,0.0138
-0.0600,0.0138
-0.0598,0.0138
-0.0597,0.0137
-0.0596,0.0137
-0.0595,0.0137
-0.0594,0.0136
-0.0592,0.0136
-0.0591,0.0135
-0.0590,0.0135
-0.0589,0.0135
-0.0588,0.0134
-0.0586,0.0134
-0.0585,0.0134
-0.0584,0.0133
-0.0583,0.0133
-0.0582,0.0133
-0.0580,0.0132
-0.0579,0.0132
-0.0578,0.0131
-0.0577,0.0131
-0.0576,0.0131
-0.0574,0.0130
-0.0573,0.0130
-0.0572,0.0130
-0.0571,0.0129
-0.0570,0.0129
-0.0568,0.0129
-0.0567,0.0128
-0.0566,0.0128
-0.0565,0.0127
-0.0564,0.0127
-0.0563,0.0127
-0.0561,0.0126
-0.0560,0.0126
-0.0559,0.0126
-0.0558,0.0125
-0.0557,0.0125
-0.0555,0.0125
-0.0554,0.0124
-0.0553,0.0124
-0.0552,0.0124
-0.0551,0.0123
-0.0550,0.0123
-0.0548,0.0123
-0.0547,0.0122
-0.0546,0.0122
-0.0545,0.0121
-0.0544,0.0121
-0.0542,0.0121
-0.0541,0.0120
-0.0540,0.0120
-0.0539,0.0120
-0.0538,0.0119
-0.0537,0.0119
-0.0535,0.0119
-0.0534,0.0118
-0.0533,0.0118
-0.0532,0.0118
-0.0531,0.0117
-0.0530,0.0117
-0.0528,0.0117
-0.0527,0.0116
-0.0526,0.0116
-0.0525,0.0116
-0.0524,0.0115
-0.0523,0.0115
-0.0521,0.0115
-0.0520,0.0114
-0.0519,0.0114
-0.0518,0.0114
-0.0517,0.0113
-0.0516,0.0113
-0.0514,0.0113
-0.0513,0.0113
-0.0512,0.0112
-0.0511,0.0112
-0.0510,0.0112
-0.0509,0.0111
-0.0507,0.0111
-0.0506,0.0111
-0.0505,0.0110
-0.0504,0.0110
-0.0503,0.0110
-0.0501,0.0109
-0.0500,0.0109
-0.0499,0.0109
-0.0498,0.0108
-0.0497,0.0108
-0.0496,0.0108
-0.0494,0.0107
-0.0493,0.0107
-0.0492,0.0107
-0.0491,0.0107
-0.0490,0.0106
-0.0489,0.0106
-0.0487,0.0106
-0.0486,0.0105
-0.0485,0.0105
-0.0484,0.0105
-0.0483,0.0104
-0.0482,0.0104
-0.0481,0.0104
-0.0479,0.0104
-0.0478,0.0103
-0.0477,0.0103
-0.0476,0.0103
-0.0475,0.0102
-0.0474,0.0102
-0.0472,0.0102
-0.0471,0.0102
-0.0470,0.0101
-0.0469,0.0101
-0.0468,0.0101
-0.0467,0.0100
-0.0465,0.0100
-0.0464,0.0100
-0.0463,0.0100
-0.0462,0.0099
-0.0461,0.0099
-0.0459,0.0099
-0.0458,0.0098
-0.0457,0.0098
-0.0456,0.0098
-0.0455,0.0098
-0.0454,0.0097
-0.0452,0.0097
-0.0451,0.0097
-0.0450,0.0096
-0.0449,0.0096
-0.0448,0.0096
-0.0446,0.0095
-0.0445,0.0095
-0.0444,0.0095
-0.0443,0.0095
-0.0442,0.0094
-0.0440,0.0094
-0.0439,0.0094
-0.0438,0.0093
-0.0437,0.0093
-0.0436,0.0093
-0.0434,0.0093
-0.0433,0.0092
-0.0432,0.0092
-0.0431,0.0092
-0.0429,0.0091
-0.0428,0.0091
-0.0427,0.0091
-0.0426,0.0091
-0.0425,0.0090
-0.0423,0.0090
-0.0422,0.0090
-0.0421,0.0089
-0.0420,0.0089
-0.0418,0.0089
-0.0417,0.0088
-0.0416,0.0088
-0.0415,0.0088
-0.0413,0.0088
-0.0412,0.0087
-0.0411,0.0087
-0.0410,0.0087
-0.0408,0.0086
-0.0407,0.0086
-0.0406,0.0086
-0.0405,0.0086
-0.0403,0.0085
-0.0402,0.0085
-0.0401,0.0085
-0.0400,0.0084
-0.0398,0.0084
-0.0397,0.0084
-0.0396,0.0083
-0.0394,0.0083
-0.0393,0.0083
-0.0392,0.0082
-0.0391,0.0082
-0.0389,0.0082
-0.0388,0.0082
-0.0387,0.0081
-0.0385,0.0081
-0.0384,0.0081
-0.0383,0.0080
-0.0381,0.0080
-0.0380,0.0080
-0.0379,0.0079
-0.0377,0.0079
-0.0376,0.0079
-0.0375,0.0078
-0.0373,0.0078
-0.0372,0.0078
-0.0371,0.0077
-0.0369,0.0077
-0.0368,0.0077
-0.0367,0.0077
-0.0365,0.0076
-0.0364,0.0076
-0.0363,0.0076
-0.0361,0.0075
-0.0360,0.0075
-0.0359,0.0075
-0.0357,0.0074
-0.0356,0.0074
-0.0355,0.0074
-0.0353,0.0073
-0.0352,0.0073
-0.0350,0.0073
-0.0349,0.0072
-0.0348,0.0072
-0.0346,0.0072
-0.0345,0.0071
-0.0344,0.0071
-0.0342,0.0071
-0.0341,0.0070
-0.0339,0.0070
-0.0338,0.0070
-0.0337,0.0069
-0.0335,0.0069
-0.0334,0.0069
-0.0332,0.0068
-0.0331,0.0068
-0.0329,0.0068
-0.0328,0.0067
-0.0327,0.0067
-0.0325,0.0067
-0.0324,0.0066
-0.0322,0.0066
-0.0321,0.0066
-0.0319,0.0066
-0.0318,0.0065
-0.0316,0.0065
-0.0315,0.0065
-0.0313,0.0064
-0.0312,0.0064
-0.0310,0.0064
-0.0309,0.0063
-0.0307,0.0063
-0.0306,0.0063
-0.0304,0.0062
-0.0303,0.0062
-0.0301,0.0062
-0.0300,0.0061
-0.0298,0.0061
-0.0297,0.0061
-0.0295,0.0060
-0.0294,0.0060
-0.0292,0.0060
-0.0291,0.0059
-0.0289,0.0059
-0.0288,0.0059
-0.0286,0.0058
-0.0284,0.0058
-0.0283,0.0058
-0.0281,0.0057
-0.0280,0.0057
-0.0278,0.0057
-0.0276,0.0057
-0.0275,0.0056
-0.0273,0.0056
-0.0271,0.0056
-0.0270,0.0055
-0.0268,0.0055
-0.0266,0.0055
-0.0265,0.0054
-0.0263,0.0054
-0.0261,0.0054
-0.0260,0.0053
-0.0258,0.0053
-0.0256,0.0053
-0.0254,0.0052
-0.0253,0.0052
-0.0251,0.0052
-0.0249,0.0051
-0.0247,0.0051
-0.0245,0.0051
-0.0243,0.0050
-0.0242,0.0050
-0.0240,0.0049
-0.0238,0.0049
-0.0236,0.0049
-0.0234,0.0048
-0.0232,0.0048
-0.0230,0.0048
-0.0228,0.0047
-0.0226,0.0047
-0.0224,0.0046
-0.0222,0.0046
-0.0220,0.0046
-0.0218,0.0045
-0.0215,0.0045
-0.0213,0.0045
-0.0211,0.0044
-0.0209,0.0044
-0.0207,0.0044
-0.0205,0.0043
-0.0202,0.0043
-0.0200,0.0042
-0.0198,0.0042
-0.0195,0.0042
-0.0193,0.0041
-0.0191,0.0041
-0.0188,0.0041
-0.0186,0.0040
-0.0183,0.0040
-0.0181,0.0039
-0.0178,0.0039
-0.0176,0.0038
-0.0173,0.0038
-0.0170,0.0037
-0.0167,0.0037
-0.0165,0.0037
-0.0162,0.0036
-0.0159,0.0036
-0.0156,0.0035
-0.0153,0.0035
-0.0150,0.0034
-0.0147,0.0034
-0.0144,0.0033
-0.0140,0.0033
-0.0137,0.0032
-0.0134,0.0032
-0.0130,0.0031
-0.0127,0.0030
-0.0123,0.0030
-0.0119,0.0029
-0.0116,0.0029
-0.0112,0.0028
-0.0108,0.0028
-0.0103,0.0028
-0.0099,0.0027
-0.0094,0.0027
-0.0090,0.0026
-0.0085,0.0025
-0.0079,0.0025
-0.0074,0.0024
-0.0067,0.0023
-0.0061,0.0022
0.0000,0.0000
0.0000,0.0000
0.0000,0.0000
0.0000,0.0000
0.0000,0.0000
0.0000,0.0000
0.0000,0.0000
0.0000,0.0000
0.0000,0.0000
0.0000,0.0000
0.0000,0.0000
0.0000,0.0000
0.0000,0.0000
0.0000,0.0000
0.0000,0.0000
0.0000,0.0000
0.0000,0.0000
0.0000,0.0000
0.0000,0.0000
0.0000,0.0000
0.0000,0.0000
0.0000,0.0000
0.0000,0.0000
0.0000,0.0000
0.0000,0.0000
0.0000,0.0000
0.0000,0.0000
0.0000,0.0000
0.0000,0.0000
0.0000,0.0000
0.0000,0.0000
0.0000,0.0000
0.0000,0.0000
0.0000,0.0000
0.0000,0.0000
0.0000,0.0000
0.0000,0.0000
0.0000,0.0000
0.0000,0.0000
0.0000,0.0000
0.0000,0.0000
0.0000,0.0000
0.0000,0.0000
0.0000,0.0000
0.0000,0.0000
0.0000,0.0000
0.0000,0.0000
0.0000,0.0000
0.0000,0.0000
0.0000,0.0000
0.0000,0.0000
0.0000,0.0000
0.0000,0.0000
0.0000,0.0000
0.0000,0.0000
0.0000,0.0000
0.0000,0.0000
0.0000,0.0000
0.0000,0.0000
0.0000,0.0000
0.0000,0.0000
0.0000,0.0000
0.0000,0.0000
0.0000,0.0000
0.0000,0.0000
0.0000,0.0000
0.0000,0.0000
0.0000,0.0000
0.0000,0.0000
0.0000,0.0000
0.0000,0.0000
0.0000,0.0000
0.0000,0.0000
0.0000,0.0000
0.0000,0.0000
0.0000,0.0000
0.0000,0.0000
0.0000,0.0000
0.0000,0.0000
0.0000,0.0000
0.0000,0.0000
0.0000,0.0000
0.0000,0.0000
0.0000,0.0000
0.0000,0.0000
0.0000,0.0000
0.0000,0.0000
0.0000,0.0000
0.0000,0.0000
0.0000,0.0000
0.0000,0.0000
0.0000,0.0000
0.0000,0.0000
0.0000,0.0000
0.0000,0.0000
0.0000,0.0000
0.0000,0.0000
0.0000,0.0000
0.0000,0.0000
-0.3874
-0.3099
-0.1807
-0.1792
-0.1539
-0.0710
-0.0388
0.0295
0.0594
0.0963
0.1537
0.1816
0.1879
0.2060
0.2218
0.2302
0.2388
0.2420
0.2475
0.2549
0.2675
0.2687
0.2731
0.2757
0.2805
0.3041
0.3110
0.3350
0.3436
0.3453
0.3496
0.3558
0.3630
0.3658
0.3770
0.3796
0.3903
0.4011
0.4147
0.4239
0.4308
0.4321
0.4392
0.4398
0.4451
0.4508
0.4561
0.4581
0.4672
0.4699
0.4731
0.4779
0.4789
0.4845
0.4868
0.4903
0.4945
0.5139
0.5268
0.5322
0.5327
0.5431
0.5528
0.5541
0.5544
0.5577
0.5624
0.5655
0.5717
0.5791
0.5833
0.5842
0.5859
0.5874
0.5877
0.5893
0.5926
0.5976
0.5993
0.6010
0.6017
0.6048
0.6050
0.6060
0.6066
0.6095
0.6249
0.6321
0.6482
0.6493
0.6575
0.6608
0.6609
0.6616
0.6637
0.6683
0.6688
0.6692
0.6830
0.6846
0.6927
0.6959
0.6964
0.6974
0.6988
0.7005
0.7011
0.7020
0.7028
0.7034
0.7043
0.7103
0.7150
0.7161
0.7206
0.7245
0.7263
0.7266
0.7282
0.7290
0.7307
0.7316
0.7322
0.7330
0.7336
0.7423
0.7481
0.7489
0.7532
0.7540
0.7559
0.7567
0.7591
0.7617
0.7672
0.7697
0.7726
0.7728
0.7732
0.7738
0.7745
0.7764
0.7777
0.7795
0.7835
0.7835
0.7839
0.7842
0.7876
0.7893
0.7921
0.7923
0.7946
0.8034
0.8047
0.8081
0.8109
0.8121
0.8171
0.8184
0.8184
0.8218
0.8271
0.8306
0.8345
0.8416
0.8480
0.8500
0.8504
0.8534
0.8549
0.8549
0.8564
0.8610
0.8617
0.8624
0.8696
0.8766
0.8794
0.8796
0.8844
0.8936
0.8996
0.8996
0.9074
0.9143
0.9190
0.9205
0.9217
0.9230
0.9241
0.9244
0.9279
0.9312
0.9322
0.9323
0.9384
0.9387
0.9391
0.9400
0.9418
0.9425
0.9522
0.9547
0.9567
0.9586
0.9615
0.9619
0.9644
0.9713
0.9752
0.9770
0.9808
0.9814
0.9848
0.9866
0.9875
0.9877
0.9886
0.9912
0.9937
0.9937
0.9944
0.9971
0.9975
0.9999
1.0031
1.0036
1.0060
1.0088
1.0108
1.0115
1.0126
1.0134
1.0187
1.0199
1.0202
1.0218
1.0222
1.0225
1.0290
1.0295
1.0325
1.0333
1.0375
1.0379
1.0387
1.0397
1.0410
1.0432
1.0444
1.0488
1.0491
1.0493
1.0505
1.0587
1.0596
1.0635
1.0644
1.0648
1.0719
1.0790
1.0794
1.0828
1.0847
1.0904
1.0910
1.0915
1.0915
1.0929
1.0956
1.0973
1.0998
1.1013
1.1013
1.1073
1.1112
1.1135
1.1164
1.1166
1.1181
1.1202
1.1211
1.1220
1.1222
1.1303
1.1316
1.1323
1.1327
1.1329
1.1340
1.1360
1.1399
1.1415
1.1439
1.1457
1.1491
1.1511
1.1564
1.1568
1.1574
1.1590
1.1602
1.1618
1.1625
1.1664
1.1665
1.1694
1.1825
1.1839
1.1881
1.1928
1.1931
1.1964
1.1978
1.1995
1.2000
1.2056
1.2062
1.2063
1.2077
1.2089
1.2151
1.2221
1.2232
1.2246
1.2254
1.2262
1.2273
1.2280
1.2306
1.2310
1.2401
1.2418
1.2419
1.2432
1.2452
1.2452
1.2474
1.2514
1.2528
1.2539
1.2564
1.2593
1.2624
1.2630
1.2649
1.2660
1.2706
1.2708
1.2770
1.2816
1.2827
1.2831
1.2845
1.2858
1.2906
1.2907
1.2913
1.2929
1.2968
1.2982
1.3020
1.3022
1.3052
1.3065
1.3069
1.3122
1.3166
1.3189
1.3194
1.3211
1.3254
1.3268
1.3308
1.3316
1.3317
1.3341
1.3360
1.3374
1.3385
1.3389
1.3392
1.3413
1.3417
1.3444
1.3454
1.3469
1.3529
1.3533
1.3557
1.3588
1.3652
1.3679
1.3694
1.3712
1.3752
1.3765
1.3883
1.3888
1.3907
1.3914
1.3958
1.3970
1.3981
1.3983
1.3986
1.4019
1.4035
1.4040
1.4067
1.4082
1.4090
1.4092
1.4096
1.4100
1.4114
1.4207
1.4256
1.4268
1.4297
1.4358
1.4393
1.4394
1.4396
1.4480
1.4493
1.4493
1.4494
1.4542
1.4612
1.4613
1.4660
1.4668
1.4675
1.4685
1.4735
1.4738
1.4746
1.4748
1.4748
1.4789
1.4789
1.4828
1.4830
1.4850
1.4859
1.4877
1.4896
1.4899
1.4909
1.4933
1.4948
1.4973
1.4976
1.4989
1.4998
1.5037
1.5041
1.5046
1.5061
1.5074
1.5109
1.5128
1.5154
1.5172
1.5214
1.5297
1.5298
1.5304
1.5313
1.5358
1.5442
1.5452
1.5465
1.5478
1.5486
1.5527
1.5541
1.5551
1.5614
1.5628
1.5631
1.5665
1.5708
1.5722
1.5731
1.5736
1.5770
1.5777
1.5796
1.5867
1.5934
1.5939
1.5954
1.5973
1.5982
1.5987
1.6040
1.6057
1.6064
1.6070
1.6085
1.6091
1.6105
1.6140
1.6172
1.6209
1.6218
1.6227
1.6233
1.6237
1.6244
1.6248
1.6253
1.6279
1.6287
1.6302
1.6311
1.6322
1.6348
1.6370
1.6376
1.6391
1.6448
1.6495
1.6529
1.6547
1.6604
1.6616
1.6644
1.6646
1.6655
1.6681
1.6698
1.6701
1.6706
1.6719
1.6727
1.6729
1.6754
1.6764
1.6766
1.6809
1.6828
1.6829
1.6838
1.6973
1.6979
1.6988
1.7006
1.7034
1.7044
1.7067
1.7073
1.7081
1.7090
1.7102
1.7105
1.7113
1.7154
1.7173
1.7201
1.7218
1.7229
1.7229
1.7275
1.7283
1.7317
1.7322
1.7334
1.7344
1.7357
1.7361
1.7402
1.7415
1.7464
1.7469
1.7485
1.7498
1.7503
1.7519
1.7540
1.7554
1.7573
1.7582
1.7601
1.7623
1.7684
1.7694
1.7699
1.7770
1.7837
1.7840
1.7852
1.7853
1.7888
1.7899
1.7919
1.7968
1.7975
1.7989
1.7993
1.8007
1.8011
1.8014
1.8049
1.8066
1.8099
1.8119
1.8144
1.8180
1.8195
1.8239
1.8239
1.8248
1.8254
1.8259
1.8269
1.8340
1.8350
1.8367
1.8374
1.8401
1.8404
1.8456
1.8497
1.8501
1.8510
1.8514
1.8566
1.8600
1.8603
1.8605
1.8629
1.8648
1.8675
1.8681
1.8699
1.8737
1.8744
1.8820
1.8856
1.8890
1.8913
1.8930
1.8994
1.9003
1.9086
1.9092
1.9135
1.9147
1.9150
1.9184
1.9218
1.9258
1.9286
1.9306
1.9375
1.9380
1.9391
1.9406
1.9437
1.9444
1.9446
1.9458
1.9501
1.9508
1.9643
1.9675
1.9721
1.9761
1.9767
1.9767
1.9787
1.9799
1.9830
1.9843
1.9857
1.9866
1.9882
1.9900
1.9953
1.9966
1.9989
1.9998
2.0034
2.0064
2.0067
2.0095
2.0122
2.0130
2.0144
2.0150
2.0153
2.0156
2.0231
2.0250
2.0313
2.0320
2.0333
2.0384
2.0395
2.0396
2.0396
2.0421
2.0434
2.0588
2.0631
2.0667
2.0675
2.0677
2.0683
2.0706
2.0720
2.0727
2.0794
2.0815
2.0918
2.0938
2.0952
2.0952
2.1043
2.1092
2.1093
2.1097
2.1145
2.1191
2.1200
2.1201
2.1224
2.1253
2.1306
2.1347
2.1359
2.1408
2.1408
2.1410
2.1418
2.1463
2.1478
2.1542
2.1545
2.1567
2.1738
2.1755
2.1765
2.1793
2.1845
2.1852
2.1875
2.1876
2.1895
2.1931
2.1985
2.2006
2.2014
2.2022
2.2037
2.2076
2.2093
2.2093
2.2110
2.2145
2.2159
2.2185
2.2191
2.2192
2.2225
2.2237
2.2260
2.2313
2.2323
2.2336
2.2376
2.2381
2.2386
2.2501
2.2572
2.2591
2.2615
2.2677
2.2684
2.2746
2.2749
2.2818
2.2850
2.2882
2.2930
2.2948
2.3026
2.3030
2.3033
2.3208
2.3212
2.3224
2.3248
2.3342
2.3360
2.3378
2.3418
2.3443
2.3449
2.3471
2.3511
2.3518
2.3532
2.3536
2.3594
2.3655
2.3681
2.3721
2.3734
2.3756
2.3760
2.3791
2.3815
2.3908
2.3921
2.3950
2.3992
2.4070
2.4237
2.4249
2.4282
2.4432
2.4435
2.4463
2.4480
2.4542
2.4547
2.4618
2.4636
2.4650
2.4712
2.4731
2.4782
2.4804
2.4822
2.4871
2.4910
2.4942
2.5046
2.5161
2.5172
2.5298
2.5336
2.5421
2.5426
2.5498
2.5541
2.5553
2.5582
2.5591
2.5647
2.5659
2.5721
2.5802
2.5811
2.6046
2.6106
2.6277
2.6357
2.6408
2.6452
2.6599
2.6613
2.6661
2.6672
2.6692
2.6848
2.6973
2.6989
2.7051
2.7204
2.7414
2.7438
2.7474
2.7520
2.7602
2.7603
2.7610
2.7688
2.7721
2.7859
2.7866
2.7946
2.8000
2.8037
2.8041
2.8113
2.8188
2.8301
2.8409
2.8498
2.8637
2.8649
2.8766
2.8802
2.8863
2.8863
2.8928
2.8959
2.8980
2.8998
2.9064
2.9233
2.9295
2.9365
2.9408
2.9438
2.9496
2.9742
2.9789
2.9793
2.9853
2.9904
2.9933
2.9935
3.0047
3.0134
3.0135
3.0140
3.0176
3.0194
3.0231
3.0262
3.0273
3.0351
3.0407
3.0551
3.0567
3.0606
3.0628
3.0645
3.0764
3.0820
3.0984
3.1016
3.1089
3.1134
3.1152
3.1208
3.1426
3.1585
3.1648
3.1760
3.1861
3.2041
3.2133
3.2213
3.2250
3.2408
3.2561
3.2880
3.2966
3.3115
3.3123
3.3288
3.3575
3.3812
3.3977
3.3989
3.4114
3.4263
3.4458
3.4581
3.4956
3.5031
3.5153
3.5162
3.5403
3.5760
3.5905
3.5929
3.6173
3.6219
3.7184
3.7377
3.7928
3.8209
3.8295
3.8341
3.8530
3.8662
4.0047
4.0123
4.1406
4.1668
4.1928
4.2088
4.2569
4.2902
4.4574
4.4727
4.5247
4.7483
5.0458
5.0696
5.5076
