1000
1000
-1.6463,0.1976
-1.5528,0.1947
-1.3322,0.1471
-1.1801,0.1387
-1.0685,0.1358
-0.9836,0.1342
-0.9152,0.1321
-0.8578,0.1294
-0.8099,0.1269
-0.7687,0.1240
-0.7334,0.1216
-0.7023,0.1194
-0.6750,0.1172
-0.6507,0.1153
-0.6288,0.1133
-0.6090,0.1113
-0.5908,0.1095
-0.5740,0.1074
-0.5586,0.1056
-0.5443,0.1038
-0.5310,0.1021
-0.5187,0.1005
-0.5073,0.0991
-0.4966,0.0978
-0.4865,0.0964
-0.4770,0.0951
-0.4681,0.0940
-0.4597,0.0929
-0.4518,0.0918
-0.4442,0.0908
-0.4370,0.0898
-0.4302,0.0889
-0.4236,0.0880
-0.4173,0.0871
-0.4113,0.0862
-0.4055,0.0854
-0.4000,0.0846
-0.3947,0.0838
-0.3896,0.0830
-0.3846,0.0822
-0.3799,0.0814
-0.3753,0.0807
-0.3708,0.0800
-0.3665,0.0793
-0.3624,0.0787
-0.3584,0.0781
-0.3545,0.0775
-0.3507,0.0769
-0.3470,0.0763
-0.3434,0.0756
-0.3399,0.0751
-0.3366,0.0745
-0.3332,0.0739
-0.3300,0.0733
-0.3269,0.0727
-0.3238,0.0721
-0.3208,0.0716
-0.3178,0.0710
-0.3150,0.0704
-0.3122,0.0699
-0.3095,0.0693
-0.3068,0.0688
-0.3043,0.0683
-0.3017,0.0679
-0.2993,0.0674
-0.2969,0.0669
-0.2945,0.0664
-0.2922,0.0660
-0.2900,0.0655
-0.2878,0.0651
-0.2856,0.0647
-0.2835,0.0643
-0.2815,0.0639
-0.2795,0.0635
-0.2775,0.0631
-0.2755,0.0627
-0.2736,0.0624
-0.2718,0.0620
-0.2700,0.0617
-0.2682,0.0613
-0.2664,0.0610
-0.2647,0.0606
-0.2630,0.0603
-0.2614,0.0600
-0.2597,0.0597
-0.2581,0.0594
-0.2566,0.0591
-0.2550,0.0587
-0.2535,0.0584
-0.2520,0.0582
-0.2505,0.0579
-0.2491,0.0576
-0.2476,0.0573
-0.2462,0.0570
-0.2449,0.0567
-0.2435,0.0564
-0.2421,0.0561
-0.2408,0.0559
-0.2395,0.0556
-0.2382,0.0553
-0.2369,0.0550
-0.2357,0.0548
-0.2345,0.0545
-0.2332,0.0542
-0.2320,0.0540
-0.2309,0.0537
-0.2297,0.0535
-0.2286,0.0533
-0.2274,0.0531
-0.2263,0.0528
-0.2252,0.0526
-0.2242,0.0524
-0.2231,0.0522
-0.2220,0.0519
-0.2210,0.0517
-0.2200,0.0515
-0.2190,0.0513
-0.2180,0.0511
-0.2170,0.0509
-0.2160,0.0507
-0.2150,0.0505
-0.2141,0.0503
-0.2132,0.0501
-0.2122,0.0499
-0.2113,0.0497
-0.2104,0.0495
-0.2095,0.0493
-0.2086,0.0491
-0.2078,0.0490
-0.2069,0.0488
-0.2061,0.0486
-0.2052,0.0484
-0.2044,0.0483
-0.2036,0.0481
-0.2028,0.0479
-0.2020,0.0478
-0.2012,0.0476
-0.2004,0.0475
-0.1996,0.0473
-0.1988,0.0472
-0.1981,0.0470
-0.1973,0.0469
-0.1966,0.0467
-0.1959,0.0466
-0.1951,0.0464
-0.1944,0.0463
-0.1937,0.0462
-0.1930,0.0460
-0.1923,0.0459
-0.1916,0.0457
-0.1909,0.0456
-0.1902,0.0455
-0.1896,0.0453
-0.1889,0.0452
-0.1883,0.0451
-0.1876,0.0449
-0.1870,0.0448
-0.1863,0.0447
-0.1857,0.0445
-0.1850,0.0444
-0.1844,0.0443
-0.1838,0.0441
-0.1832,0.0440
-0.1826,0.0439
-0.1820,0.0438
-0.1814,0.0436
-0.1808,0.0435
-0.1802,0.0434
-0.1796,0.0433
-0.1790,0.0432
-0.1785,0.0430
-0.1779,0.0429
-0.1773,0.0428
-0.1768,0.0427
-0.1762,0.0426
-0.1757,0.0424
-0.1751,0.0423
-0.1746,0.0422
-0.1740,0.0421
-0.1735,0.0420
-0.1730,0.0418
-0.1724,0.0417
-0.1719,0.0416
-0.1714,0.0415
-0.1709,0.0414
-0.1704,0.0413
-0.1699,0.0412
-0.1694,0.0411
-0.1689,0.0409
-0.1684,0.0408
-0.1679,0.0407
-0.1674,0.0406
-0.1670,0.0405
-0.1665,0.0404
-0.1660,0.0403
-0.1655,0.0402
-0.1651,0.0401
-0.1646,0.0400
-0.1642,0.0399
-0.1637,0.0398
-0.1632,0.0397
-0.1628,0.0396
-0.1624,0.0395
-0.1619,0.0394
-0.1615,0.0393
-0.1610,0.0392
-0.1606,0.0392
-0.1602,0.0391
-0.1598,0.0390
-0.1593,0.0389
-0.1589,0.0388
-0.1585,0.0387
-0.1581,0.0386
-0.1577,0.0385
-0.1573,0.0384
-0.1569,0.0384
-0.1565,0.0383
-0.1561,0.0382
-0.1557,0.0381
-0.1553,0.0380
-0.1549,0.0379
-0.1545,0.0378
-0.1541,0.0378
-0.1537,0.0377
-0.1533,0.0376
-0.1530,0.0375
-0.1526,0.0374
-0.1522,0.0373
-0.1518,0.0373
-0.1515,0.0372
-0.1511,0.0371
-0.1507,0.0370
-0.1504,0.0370
-0.1500,0.0369
-0.1497,0.0368
-0.1493,0.0367
-0.1490,0.0367
-0.1486,0.0366
-0.1483,0.0365
-0.1479,0.0364
-0.1476,0.0364
-0.1472,0.0363
-0.1469,0.0362
-0.1466,0.0361
-0.1462,0.0361
-0.1459,0.0360
-0.1456,0.0359
-0.1452,0.0358
-0.1449,0.0358
-0.1446,0.0357
-0.1443,0.0356
-0.1440,0.0356
-0.1436,0.0355
-0.1433,0.0354
-0.1430,0.0354
-0.1427,0.0353
-0.1424,0.0352
-0.1421,0.0352
-0.1418,0.0351
-0.1415,0.0350
-0.1412,0.0350
-0.1409,0.0349
-0.1406,0.0349
-0.1403,0.0348
-0.1400,0.0347
-0.1397,0.0347
-0.1394,0.0346
-0.1391,0.0346
-0.1388,0.0345
-0.1385,0.0344
-0.1382,0.0344
-0.1379,0.0343
-0.1377,0.0343
-0.1374,0.0342
-0.1371,0.0341
-0.1368,0.0341
-0.1366,0.0340
-0.1363,0.0340
-0.1360,0.0339
-0.1357,0.0339
-0.1355,0.0338
-0.1352,0.0338
-0.1349,0.0337
-0.1347,0.0337
-0.1344,0.0336
-0.1341,0.0335
-0.1339,0.0335
-0.1336,0.0334
-0.1334,0.0334
-0.1331,0.0333
-0.1329,0.0333
-0.1326,0.0332
-0.1324,0.0332
-0.1321,0.0331
-0.1319,0.0331
-0.1316,0.0330
-0.1314,0.0330
-0.1311,0.0329
-0.1309,0.0329
-0.1306,0.0328
-0.1304,0.0328
-0.1301,0.0327
-0.1299,0.0327
-0.1297,0.0326
-0.1294,0.0326
-0.1292,0.0325
-0.1290,0.0325
-0.1287,0.0324
-0.1285,0.0324
-0.1283,0.0323
-0.1280,0.0323
-0.1278,0.0322
-0.1276,0.0322
-0.1274,0.0322
-0.1271,0.0321
-0.1269,0.0321
-0.1267,0.0320
-0.1265,0.0320
-0.1262,0.0319
-0.1260,0.0319
-0.1258,0.0318
-0.1256,0.0318
-0.1254,0.0317
-0.1252,0.0317
-0.1250,0.0317
-0.1247,0.0316
-0.1245,0.0316
-0.1243,0.0315
-0.1241,0.0315
-0.1239,0.0314
-0.1237,0.0314
-0.1235,0.0314
-0.1233,0.0313
-0.1231,0.0313
-0.1229,0.0312
-0.1227,0.0312
-0.1225,0.0312
-0.1223,0.0311
-0.1221,0.0311
-0.1219,0.0310
-0.1217,0.0310
-0.1215,0.0310
-0.1213,0.0309
-0.1211,0.0309
-0.1209,0.0308
-0.1207,0.0308
-0.1205,0.0308
-0.1203,0.0307
-0.1201,0.0307
-0.1200,0.0306
-0.1198,0.0306
-0.1196,0.0306
-0.1194,0.0305
-0.1192,0.0305
-0.1190,0.0305
-0.1188,0.0304
-0.1187,0.0304
-0.1185,0.0303
-0.1183,0.0303
-0.1181,0.0303
-0.1179,0.0302
-0.1178,0.0302
-0.1176,0.0302
-0.1174,0.0301
-0.1172,0.0301
-0.1170,0.0300
-0.1169,0.0300
-0.1167,0.0300
-0.1165,0.0299
-0.1164,0.0299
-0.1162,0.0299
-0.1160,0.0298
-0.1158,0.0298
-0.1157,0.0298
-0.1155,0.0297
-0.1153,0.0297
-0.1152,0.0297
-0.1150,0.0296
-0.1148,0.0296
-0.1147,0.0295
-0.1145,0.0295
-0.1143,0.0295
-0.1142,0.0294
-0.1140,0.0294
-0.1138,0.0294
-0.1137,0.0293
-0.1135,0.0293
-0.1134,0.0293
-0.1132,0.0292
-0.1130,0.0292
-0.1129,0.0292
-0.1127,0.0291
-0.1126,0.0291
-0.1124,0.0291
-0.1122,0.0290
-0.1121,0.0290
-0.1119,0.0290
-0.1118,0.0289
-0.1116,0.0289
-0.1115,0.0288
-0.1113,0.0288
-0.1112,0.0288
-0.1110,0.0287
-0.1109,0.0287
-0.1107,0.0287
-0.1106,0.0286
-0.1104,0.0286
-0.1103,0.0286
-0.1101,0.0285
-0.1100,0.0285
-0.1098,0.0285
-0.1097,0.0284
-0.1095,0.0284
-0.1094,0.0284
-0.1092,0.0283
-0.1091,0.0283
-0.1089,0.0283
-0.1088,0.0282
-0.1087,0.0282
-0.1085,0.0282
-0.1084,0.0281
-0.1082,0.0281
-0.1081,0.0281
-0.1080,0.0281
-0.1078,0.0280
-0.1077,0.0280
-0.1075,0.0280
-0.1074,0.0279
-0.1073,0.0279
-0.1071,0.0279
-0.1070,0.0278
-0.1068,0.0278
-0.1067,0.0278
-0.1066,0.0277
-0.1064,0.0277
-0.1063,0.0277
-0.1062,0.0277
-0.1060,0.0276
-0.1059,0.0276
-0.1058,0.0276
-0.1056,0.0275
-0.1055,0.0275
-0.1054,0.0275
-0.1053,0.0275
-0.1051,0.0274
-0.1050,0.0274
-0.1049,0.0274
-0.1047,0.0273
-0.1046,0.0273
-0.1045,0.0273
-0.1043,0.0273
-0.1042,0.0272
-0.1041,0.0272
-0.1040,0.0272
-0.1038,0.0271
-0.1037,0.0271
-0.1036,0.0271
-0.1035,0.0271
-0.1033,0.0270
-0.1032,0.0270
-0.1031,0.0270
-0.1030,0.0269
-0.1029,0.0269
-0.1027,0.0269
-0.1026,0.0269
-0.1025,0.0268
-0.1024,0.0268
-0.1022,0.0268
-0.1021,0.0268
-0.1020,0.0267
-0.1019,0.0267
-0.1018,0.0267
-0.1016,0.0267
-0.1015,0.0266
-0.1014,0.0266
-0.1013,0.0266
-0.1012,0.0265
-0.1011,0.0265
-0.1009,0.0265
-0.1008,0.0265
-0.1007,0.0264
-0.1006,0.0264
-0.1005,0.0264
-0.1004,0.0264
-0.1003,0.0263
-0.1001,0.0263
-0.1000,0.0263
-0.0999,0.0263
-0.0998,0.0262
-0.0997,0.0262
-0.0996,0.0262
-0.0995,0.0262
-0.0994,0.0261
-0.0992,0.0261
-0.0991,0.0261
-0.0990,0.0260
-0.0989,0.0260
-0.0988,0.0260
-0.0987,0.0260
-0.0986,0.0259
-0.0985,0.0259
-0.0984,0.0259
-0.0982,0.0259
-0.0981,0.0258
-0.0980,0.0258
-0.0979,0.0258
-0.0978,0.0258
-0.0977,0.0257
-0.0976,0.0257
-0.0975,0.0257
-0.0974,0.0257
-0.0973,0.0256
-0.0972,0.0256
-0.0971,0.0256
-0.0970,0.0256
-0.0969,0.0255
-0.0968,0.0255
-0.0967,0.0255
-0.0966,0.0255
-0.0965,0.0255
-0.0964,0.0254
-0.0963,0.0254
-0.0961,0.0254
-0.0960,0.0254
-0.0959,0.0253
-0.0958,0.0253
-0.0957,0.0253
-0.0956,0.0253
-0.0955,0.0252
-0.0954,0.0252
-0.0953,0.0252
-0.0952,0.0252
-0.0951,0.0252
-0.0951,0.0251
-0.0950,0.0251
-0.0949,0.0251
-0.0948,0.0251
-0.0947,0.0250
-0.0946,0.0250
-0.0945,0.0250
-0.0944,0.0250
-0.0943,0.0250
-0.0942,0.0249
-0.0941,0.0249
-0.0940,0.0249
-0.0939,0.0249
-0.0938,0.0248
-0.0937,0.0248
-0.0936,0.0248
-0.0935,0.0248
-0.0934,0.0248
-0.0933,0.0247
-0.0932,0.0247
-0.0931,0.0247
-0.0930,0.0247
-0.0930,0.0247
-0.0929,0.0246
-0.0928,0.0246
-0.0927,0.0246
-0.0926,0.0246
-0.0925,0.0245
-0.0924,0.0245
-0.0923,0.0245
-0.0922,0.0245
-0.0921,0.0245
-0.0920,0.0244
-0.0920,0.0244
-0.0919,0.0244
-0.0918,0.0244
-0.0917,0.0244
-0.0916,0.0243
-0.0915,0.0243
-0.0914,0.0243
-0.0913,0.0243
-0.0912,0.0242
-0.0912,0.0242
-0.0911,0.0242
-0.0910,0.0242
-0.0909,0.0242
-0.0908,0.0241
-0.0907,0.0241
-0.0906,0.0241
-0.0905,0.0241
-0.0905,0.0240
-0.0904,0.0240
-0.0903,0.0240
-0.0902,0.0240
-0.0901,0.0240
-0.0900,0.0239
-0.0899,0.0239
-0.0899,0.0239
-0.0898,0.0239
-0.0897,0.0239
-0.0896,0.0238
-0.0895,0.0238
-0.0894,0.0238
-0.0894,0.0238
-0.0893,0.0238
-0.0892,0.0237
-0.0891,0.0237
-0.0890,0.0237
-0.0890,0.0237
-0.0889,0.0237
-0.0888,0.0236
-0.0887,0.0236
-0.0886,0.0236
-0.0885,0.0236
-0.0885,0.0236
-0.0884,0.0235
-0.0883,0.0235
-0.0882,0.0235
-0.0881,0.0235
-0.0881,0.0235
-0.0880,0.0234
-0.0879,0.0234
-0.0878,0.0234
-0.0877,0.0234
-0.0877,0.0234
-0.0876,0.0233
-0.0875,0.0233
-0.0874,0.0233
-0.0874,0.0233
-0.0873,0.0233
-0.0872,0.0233
-0.0871,0.0232
-0.0870,0.0232
-0.0870,0.0232
-0.0869,0.0232
-0.0868,0.0232
-0.0867,0.0231
-0.0867,0.0231
-0.0866,0.0231
-0.0865,0.0231
-0.0864,0.0231
-0.0864,0.0231
-0.0863,0.0230
-0.0862,0.0230
-0.0861,0.0230
-0.0861,0.0230
-0.0860,0.0230
-0.0859,0.0229
-0.0858,0.0229
-0.0858,0.0229
-0.0857,0.0229
-0.0856,0.0229
-0.0855,0.0229
-0.0855,0.0228
-0.0854,0.0228
-0.0853,0.0228
-0.0853,0.0228
-0.0852,0.0228
-0.0851,0.0228
-0.0850,0.0227
-0.0850,0.0227
-0.0849,0.0227
-0.0848,0.0227
-0.0848,0.0227
-0.0847,0.0227
-0.0846,0.0226
-0.0845,0.0226
-0.0845,0.0226
-0.0844,0.0226
-0.0843,0.0226
-0.0843,0.0226
-0.0842,0.0225
-0.0841,0.0225
-0.0840,0.0225
-0.0840,0.0225
-0.0839,0.0225
-0.0838,0.0225
-0.0838,0.0224
-0.0837,0.0224
-0.0836,0.0224
-0.0836,0.0224
-0.0835,0.0224
-0.0834,0.0224
-0.0834,0.0223
-0.0833,0.0223
-0.0832,0.0223
-0.0832,0.0223
-0.0831,0.0223
-0.0830,0.0223
-0.0830,0.0222
-0.0829,0.0222
-0.0828,0.0222
-0.0827,0.0222
-0.0827,0.0222
-0.0826,0.0222
-0.0825,0.0221
-0.0825,0.0221
-0.0824,0.0221
-0.0823,0.0221
-0.0823,0.0221
-0.0822,0.0221
-0.0822,0.0221
-0.0821,0.0220
-0.0820,0.0220
-0.0820,0.0220
-0.0819,0.0220
-0.0818,0.0220
-0.0818,0.0220
-0.0817,0.0219
-0.0816,0.0219
-0.0816,0.0219
-0.0815,0.0219
-0.0814,0.0219
-0.0814,0.0219
-0.0813,0.0218
-0.0812,0.0218
-0.0812,0.0218
-0.0811,0.0218
-0.0810,0.0218
-0.0810,0.0218
-0.0809,0.0218
-0.0809,0.0217
-0.0808,0.0217
-0.0807,0.0217
-0.0807,0.0217
-0.0806,0.0217
-0.0805,0.0217
-0.0805,0.0216
-0.0804,0.0216
-0.0804,0.0216
-0.0803,0.0216
-0.0802,0.0216
-0.0802,0.0216
-0.0801,0.0216
-0.0800,0.0215
-0.0800,0.0215
-0.0799,0.0215
-0.0799,0.0215
-0.0798,0.0215
-0.0797,0.0215
-0.0797,0.0214
-0.0796,0.0214
-0.0796,0.0214
-0.0795,0.0214
-0.0794,0.0214
-0.0794,0.0214
-0.0793,0.0214
-0.0793,0.0213
-0.0792,0.0213
-0.0791,0.0213
-0.0791,0.0213
-0.0790,0.0213
-0.0790,0.0213
-0.0789,0.0213
-0.0788,0.0212
-0.0788,0.0212
-0.0787,0.0212
-0.0787,0.0212
-0.0786,0.0212
-0.0785,0.0212
-0.0785,0.0212
-0.0784,0.0211
-0.0784,0.0211
-0.0783,0.0211
-0.0782,0.0211
-0.0782,0.0211
-0.0781,0.0211
-0.0781,0.0211
-0.0780,0.0210
-0.0780,0.0210
-0.0779,0.0210
-0.0778,0.0210
-0.0778,0.0210
-0.0777,0.0210
-0.0777,0.0210
-0.0776,0.0209
-0.0776,0.0209
-0.0775,0.0209
-0.0774,0.0209
-0.0774,0.0209
-0.0773,0.0209
-0.0773,0.0209
-0.0772,0.0209
-0.0772,0.0208
-0.0771,0.0208
-0.0771,0.0208
-0.0770,0.0208
-0.0769,0.0208
-0.0769,0.0208
-0.0768,0.0208
-0.0768,0.0207
-0.0767,0.0207
-0.0767,0.0207
-0.0766,0.0207
-0.0766,0.0207
-0.0765,0.0207
-0.0765,0.0207
-0.0764,0.0206
-0.0763,0.0206
-0.0763,0.0206
-0.0762,0.0206
-0.0762,0.0206
-0.0761,0.0206
-0.0761,0.0206
-0.0760,0.0206
-0.0760,0.0205
-0.0759,0.0205
-0.0759,0.0205
-0.0758,0.0205
-0.0757,0.0205
-0.0757,0.0205
-0.0756,0.0205
-0.0756,0.0204
-0.0755,0.0204
-0.0755,0.0204
-0.0754,0.0204
-0.0754,0.0204
-0.0753,0.0204
-0.0753,0.0204
-0.0752,0.0203
-0.0752,0.0203
-0.0751,0.0203
-0.0751,0.0203
-0.0750,0.0203
-0.0750,0.0203
-0.0749,0.0203
-0.0749,0.0203
-0.0748,0.0202
-0.0748,0.0202
-0.0747,0.0202
-0.0746,0.0202
-0.0746,0.0202
-0.0745,0.0202
-0.0745,0.0202
-0.0744,0.0201
-0.0744,0.0201
-0.0743,0.0201
-0.0743,0.0201
-0.0742,0.0201
-0.0742,0.0201
-0.0741,0.0201
-0.0741,0.0201
-0.0740,0.0200
-0.0740,0.0200
-0.0739,0.0200
-0.0739,0.0200
-0.0738,0.0200
-0.0738,0.0200
-0.0737,0.0200
-0.0737,0.0200
-0.0736,0.0199
-0.0736,0.0199
-0.0735,0.0199
-0.0735,0.0199
-0.0735,0.0199
-0.0734,0.0199
-0.0734,0.0199
-0.0733,0.0199
-0.0733,0.0198
-0.0732,0.0198
-0.0732,0.0198
-0.0731,0.0198
-0.0731,0.0198
-0.0730,0.0198
-0.0730,0.0198
-0.0729,0.0198
-0.0729,0.0197
-0.0728,0.0197
-0.0728,0.0197
-0.0727,0.0197
-0.0727,0.0197
-0.0726,0.0197
-0.0726,0.0197
-0.0725,0.0197
-0.0725,0.0197
-0.0724,0.0196
-0.0724,0.0196
-0.0724,0.0196
-0.0723,0.0196
-0.0723,0.0196
-0.0722,0.0196
-0.0722,0.0196
-0.0721,0.0196
-0.0721,0.0195
-0.0720,0.0195
-0.0720,0.0195
-0.0719,0.0195
-0.0719,0.0195
-0.0718,0.0195
-0.0718,0.0195
-0.0718,0.0195
-0.0717,0.0195
-0.0717,0.0194
-0.0716,0.0194
-0.0716,0.0194
-0.0715,0.0194
-0.0715,0.0194
-0.0714,0.0194
-0.0714,0.0194
-0.0714,0.0194
-0.0713,0.0193
-0.0713,0.0193
-0.0712,0.0193
-0.0712,0.0193
-0.0711,0.0193
-0.0711,0.0193
-0.0710,0.0193
-0.0710,0.0193
-0.0710,0.0193
-0.0709,0.0192
-0.0709,0.0192
-0.0708,0.0192
-0.0708,0.0192
-0.0707,0.0192
-0.0707,0.0192
-0.0706,0.0192
-0.0706,0.0192
-0.0706,0.0192
-0.0705,0.0191
-0.0705,0.0191
-0.0704,0.0191
-0.0704,0.0191
-0.0703,0.0191
-0.0703,0.0191
-0.0703,0.0191
-0.0702,0.0191
-0.0702,0.0190
-0.0701,0.0190
-0.0701,0.0190
-0.0700,0.0190
-0.0700,0.0190
-0.0700,0.0190
-0.0699,0.0190
-0.0699,0.0190
-0.0698,0.0190
-0.0698,0.0189
-0.0697,0.0189
-0.0697,0.0189
-0.0697,0.0189
-0.0696,0.0189
-0.0696,0.0189
-0.0695,0.0189
-0.0695,0.0189
-0.0694,0.0189
-0.0694,0.0188
-0.0694,0.0188
-0.0693,0.0188
-0.0693,0.0188
-0.0692,0.0188
-0.0692,0.0188
-0.0692,0.0188
-0.0691,0.0188
-0.0691,0.0188
-0.0690,0.0187
-0.0690,0.0187
-0.0690,0.0187
-0.0689,0.0187
-0.0689,0.0187
-0.0688,0.0187
-0.0688,0.0187
-0.0688,0.0187
-0.0687,0.0187
-0.0687,0.0186
-0.0686,0.0186
-0.0686,0.0186
-0.0686,0.0186
-0.0685,0.0186
-0.0685,0.0186
-0.0684,0.0186
-0.0684,0.0186
-0.0684,0.0186
-0.0683,0.0186
-0.0683,0.0185
-0.0682,0.0185
-0.0682,0.0185
-0.0682,0.0185
-0.0681,0.0185
-0.0681,0.0185
-0.0680,0.0185
-0.0680,0.0185
-0.0680,0.0185
-0.0679,0.0184
-0.0679,0.0184
-0.0678,0.0184
-0.0678,0.0184
-0.0678,0.0184
-0.0677,0.0184
-0.0677,0.0184
-0.0676,0.0184
-0.0676,0.0184
-0.0676,0.0184
-0.0675,0.0183
-0.0675,0.0183
-0.0675,0.0183
-0.0674,0.0183
-0.0674,0.0183
-0.0673,0.0183
-0.0673,0.0183
-0.0673,0.0183
-0.0672,0.0183
-0.0672,0.0183
-0.0671,0.0182
-0.0671,0.0182
-0.0671,0.0182
-0.0670,0.0182
-0.0670,0.0182
-0.0670,0.0182
-0.2437
-0.1298
0.0116
0.0411
0.1485
0.2227
0.2466
0.2687
0.3031
0.3134
0.3246
0.3352
0.3507
0.3600
0.3779
0.3839
0.4008
0.4059
0.4168
0.4188
0.4211
0.4237
0.4300
0.4354
0.4374
0.4489
0.4565
0.4588
0.4632
0.4649
0.4653
0.4856
0.4860
0.4883
0.4896
0.4928
0.5075
0.5131
0.5141
0.5149
0.5153
0.5178
0.5180
0.5307
0.5452
0.5468
0.5481
0.5518
0.5615
0.5646
0.5703
0.5721
0.5749
0.5765
0.5770
0.5778
0.5798
0.5988
0.6073
0.6233
0.6233
0.6254
0.6289
0.6335
0.6344
0.6376
0.6416
0.6530
0.6609
0.6623
0.6653
0.6654
0.6674
0.6692
0.6709
0.6738
0.6744
0.6827
0.6962
0.6975
0.7033
0.7134
0.7136
0.7148
0.7211
0.7261
0.7304
0.7328
0.7350
0.7362
0.7402
0.7443
0.7544
0.7575
0.7604
0.7611
0.7623
0.7633
0.7650
0.7678
0.7741
0.7743
0.7755
0.7770
0.7770
0.7771
0.7816
0.7850
0.7860
0.7860
0.7867
0.7873
0.7915
0.7919
0.7921
0.7925
0.7943
0.7956
0.8006
0.8070
0.8078
0.8102
0.8117
0.8326
0.8335
0.8384
0.8403
0.8405
0.8438
0.8445
0.8451
0.8489
0.8502
0.8515
0.8523
0.8549
0.8551
0.8642
0.8680
0.8744
0.8760
0.8775
0.8791
0.8823
0.8853
0.8868
0.8891
0.8903
0.8922
0.8937
0.8943
0.8998
0.9016
0.9024
0.9027
0.9037
0.9049
0.9053
0.9058
0.9065
0.9066
0.9083
0.9087
0.9101
0.9162
0.9183
0.9200
0.9207
0.9215
0.9254
0.9254
0.9272
0.9279
0.9290
0.9329
0.9376
0.9398
0.9399
0.9400
0.9412
0.9420
0.9445
0.9451
0.9474
0.9500
0.9505
0.9522
0.9578
0.9584
0.9682
0.9686
0.9720
0.9763
0.9765
0.9825
0.9835
0.9848
0.9934
0.9956
0.9956
0.9960
1.0007
1.0008
1.0031
1.0099
1.0121
1.0154
1.0159
1.0220
1.0221
1.0247
1.0257
1.0276
1.0289
1.0322
1.0339
1.0365
1.0415
1.0421
1.0427
1.0583
1.0590
1.0591
1.0599
1.0671
1.0681
1.0713
1.0716
1.0717
1.0721
1.0768
1.0774
1.0793
1.0813
1.0821
1.0836
1.0838
1.0839
1.0887
1.0927
1.0932
1.0933
1.0939
1.0951
1.1069
1.1076
1.1083
1.1088
1.1101
1.1109
1.1109
1.1110
1.1145
1.1181
1.1182
1.1215
1.1221
1.1229
1.1239
1.1243
1.1246
1.1254
1.1276
1.1282
1.1290
1.1326
1.1337
1.1351
1.1372
1.1401
1.1411
1.1413
1.1433
1.1437
1.1463
1.1551
1.1560
1.1564
1.1567
1.1571
1.1582
1.1619
1.1620
1.1634
1.1643
1.1648
1.1662
1.1699
1.1719
1.1732
1.1748
1.1766
1.1768
1.1796
1.1831
1.1832
1.1917
1.1954
1.1956
1.1964
1.1982
1.1982
1.1986
1.1988
1.2016
1.2027
1.2035
1.2036
1.2045
1.2073
1.2135
1.2174
1.2224
1.2226
1.2244
1.2274
1.2278
1.2311
1.2311
1.2378
1.2385
1.2385
1.2399
1.2403
1.2480
1.2483
1.2488
1.2490
1.2497
1.2503
1.2527
1.2536
1.2541
1.2652
1.2653
1.2673
1.2695
1.2705
1.2745
1.2748
1.2761
1.2785
1.2789
1.2794
1.2796
1.2817
1.2823
1.2841
1.2855
1.2858
1.2880
1.2881
1.2883
1.2893
1.2933
1.2940
1.2951
1.2981
1.2994
1.3002
1.3002
1.3019
1.3019
1.3060
1.3069
1.3086
1.3108
1.3117
1.3128
1.3155
1.3166
1.3182
1.3244
1.3252
1.3276
1.3279
1.3298
1.3301
1.3313
1.3316
1.3329
1.3333
1.3344
1.3359
1.3378
1.3393
1.3455
1.3460
1.3469
1.3576
1.3614
1.3642
1.3672
1.3680
1.3720
1.3723
1.3729
1.3732
1.3749
1.3770
1.3796
1.3801
1.3822
1.3843
1.3844
1.3850
1.3860
1.3877
1.3883
1.3887
1.3903
1.3921
1.3923
1.3924
1.3936
1.3938
1.3974
1.3995
1.4007
1.4018
1.4022
1.4031
1.4034
1.4039
1.4042
1.4057
1.4089
1.4153
1.4161
1.4171
1.4190
1.4216
1.4218
1.4225
1.4231
1.4263
1.4264
1.4271
1.4275
1.4283
1.4311
1.4326
1.4337
1.4345
1.4347
1.4356
1.4365
1.4386
1.4403
1.4414
1.4415
1.4441
1.4512
1.4517
1.4534
1.4554
1.4620
1.4651
1.4690
1.4699
1.4723
1.4731
1.4762
1.4767
1.4786
1.4803
1.4861
1.4865
1.4868
1.4895
1.4930
1.4970
1.4971
1.4974
1.4979
1.5046
1.5047
1.5052
1.5070
1.5076
1.5077
1.5083
1.5109
1.5144
1.5165
1.5172
1.5196
1.5222
1.5236
1.5259
1.5292
1.5300
1.5308
1.5313
1.5343
1.5344
1.5367
1.5443
1.5447
1.5467
1.5483
1.5488
1.5489
1.5489
1.5536
1.5539
1.5560
1.5607
1.5619
1.5620
1.5639
1.5640
1.5652
1.5675
1.5677
1.5687
1.5690
1.5694
1.5701
1.5708
1.5729
1.5744
1.5818
1.5827
1.5834
1.5850
1.5861
1.5913
1.5914
1.5927
1.5939
1.5956
1.5958
1.5963
1.5968
1.5978
1.6015
1.6076
1.6117
1.6141
1.6145
1.6159
1.6161
1.6161
1.6182
1.6204
1.6251
1.6261
1.6266
1.6285
1.6287
1.6296
1.6367
1.6386
1.6390
1.6398
1.6415
1.6422
1.6431
1.6438
1.6459
1.6463
1.6498
1.6506
1.6509
1.6582
1.6601
1.6622
1.6653
1.6655
1.6701
1.6701
1.6702
1.6703
1.6707
1.6711
1.6718
1.6729
1.6739
1.6794
1.6803
1.6807
1.6821
1.6844
1.6856
1.6864
1.6877
1.6878
1.6916
1.6950
1.6963
1.6964
1.6967
1.6976
1.6983
1.7001
1.7009
1.7035
1.7069
1.7090
1.7095
1.7114
1.7123
1.7124
1.7128
1.7140
1.7209
1.7212
1.7225
1.7242
1.7264
1.7271
1.7278
1.7307
1.7317
1.7340
1.7346
1.7356
1.7374
1.7383
1.7412
1.7428
1.7430
1.7499
1.7504
1.7536
1.7539
1.7540
1.7546
1.7588
1.7602
1.7612
1.7614
1.7643
1.7706
1.7710
1.7728
1.7860
1.7908
1.7947
1.7956
1.7973
1.7977
1.7982
1.7987
1.8010
1.8014
1.8021
1.8055
1.8058
1.8079
1.8085
1.8105
1.8107
1.8151
1.8161
1.8201
1.8212
1.8224
1.8235
1.8272
1.8275
1.8280
1.8292
1.8310
1.8319
1.8326
1.8344
1.8352
1.8364
1.8398
1.8400
1.8430
1.8439
1.8448
1.8481
1.8510
1.8518
1.8521
1.8542
1.8587
1.8597
1.8633
1.8635
1.8642
1.8648
1.8694
1.8713
1.8742
1.8749
1.8789
1.8797
1.8843
1.8898
1.8910
1.8911
1.8919
1.9052
1.9063
1.9077
1.9113
1.9143
1.9150
1.9227
1.9253
1.9256
1.9273
1.9311
1.9317
1.9381
1.9390
1.9418
1.9420
1.9425
1.9429
1.9465
1.9468
1.9475
1.9507
1.9512
1.9518
1.9559
1.9561
1.9608
1.9611
1.9617
1.9623
1.9646
1.9649
1.9651
1.9655
1.9669
1.9671
1.9690
1.9721
1.9737
1.9773
1.9806
1.9824
1.9877
1.9877
1.9880
1.9906
1.9907
1.9968
1.9975
1.9982
1.9987
2.0023
2.0047
2.0064
2.0084
2.0093
2.0095
2.0096
2.0117
2.0134
2.0152
2.0194
2.0202
2.0285
2.0297
2.0299
2.0326
2.0343
2.0384
2.0401
2.0403
2.0434
2.0513
2.0536
2.0559
2.0577
2.0593
2.0604
2.0615
2.0638
2.0714
2.0738
2.0815
2.0824
2.0836
2.0932
2.0943
2.1013
2.1017
2.1035
2.1070
2.1108
2.1132
2.1172
2.1173
2.1198
2.1235
2.1242
2.1248
2.1252
2.1256
2.1273
2.1285
2.1292
2.1321
2.1344
2.1373
2.1402
2.1423
2.1480
2.1521
2.1529
2.1533
2.1542
2.1570
2.1571
2.1583
2.1626
2.1643
2.1690
2.1707
2.1709
2.1730
2.1730
2.1735
2.1807
2.1809
2.1845
2.1868
2.1878
2.1885
2.1891
2.1899
2.1955
2.1963
2.2027
2.2053
2.2077
2.2080
2.2100
2.2117
2.2130
2.2195
2.2208
2.2210
2.2258
2.2267
2.2311
2.2312
2.2313
2.2334
2.2342
2.2376
2.2390
2.2404
2.2412
2.2450
2.2454
2.2460
2.2477
2.2482
2.2503
2.2524
2.2583
2.2602
2.2618
2.2648
2.2680
2.2697
2.2740
2.2752
2.2787
2.2800
2.2801
2.2828
2.2921
2.2966
2.3030
2.3055
2.3060
2.3074
2.3075
2.3076
2.3084
2.3093
2.3094
2.3115
2.3116
2.3156
2.3216
2.3217
2.3237
2.3285
2.3301
2.3310
2.3356
2.3419
2.3426
2.3486
2.3550
2.3626
2.3639
2.3752
2.3752
2.3789
2.3856
2.3876
2.3961
2.4032
2.4042
2.4127
2.4175
2.4177
2.4255
2.4260
2.4272
2.4297
2.4403
2.4430
2.4431
2.4480
2.4532
2.4568
2.4641
2.4645
2.4811
2.4831
2.4846
2.4878
2.4891
2.4997
2.5153
2.5189
2.5227
2.5305
2.5311
2.5338
2.5369
2.5386
2.5484
2.5488
2.5536
2.5642
2.5690
2.5727
2.5791
2.5860
2.5938
2.5942
2.5966
2.6003
2.6131
2.6160
2.6165
2.6203
2.6433
2.6519
2.6543
2.6610
2.6697
2.6709
2.6801
2.6834
2.6887
2.7016
2.7225
2.7235
2.7380
2.7447
2.7516
2.7652
2.7770
2.7875
2.8153
2.8441
2.8444
2.8771
2.8802
2.9021
2.9119
2.9626
2.9659
2.9822
3.0382
3.0392
3.0459
3.0642
3.0719
3.1239
3.1242
3.1434
3.1673
3.1765
3.1923
3.3056
3.3062
3.3715
3.4249
3.4613
3.5790
3.8836
4.0971
4.1989
