1000
1000
-1.0660,0.2488
-0.9671,0.2440
-0.7846,0.1971
-0.6684,0.1739
-0.5876,0.1572
-0.5275,0.1444
-0.4808,0.1349
-0.4435,0.1271
-0.4130,0.1206
-0.3870,0.1144
-0.3648,0.1092
-0.3455,0.1047
-0.3284,0.1004
-0.3130,0.0962
-0.2990,0.0924
-0.2864,0.0888
-0.2747,0.0852
-0.2639,0.0820
-0.2536,0.0789
-0.2439,0.0759
-0.2345,0.0730
-0.2256,0.0703
-0.2172,0.0679
-0.2090,0.0655
-0.2010,0.0634
-0.1932,0.0612
-0.1856,0.0591
-0.1780,0.0571
-0.1704,0.0552
-0.1629,0.0535
-0.1554,0.0518
-0.1479,0.0501
-0.1403,0.0484
-0.1326,0.0468
-0.1248,0.0452
-0.1167,0.0435
-0.1081,0.0417
-0.0990,0.0399
-0.0892,0.0375
-0.0782,0.0348
0.0000,0.0000
0.0000,0.0000
0.0000,0.0000
0.0000,0.0000
0.0000,0.0000
0.0000,0.0000
0.0000,0.0000
0.0000,0.0000
0.0000,0.0000
0.0000,0.0000
0.0000,0.0000
0.0000,0.0000
0.0000,0.0000
0.0000,0.0000
0.0000,0.0000
0.0000,0.0000
0.0000,0.0000
0.0000,0.0000
0.0000,0.0000
0.0000,0.0000
0.0000,0.0000
0.0000,0.0000
0.0000,0.0000
0.0000,0.0000
0.0000,0.0000
0.0000,0.0000
0.0000,0.0000
0.0000,0.0000
0.0000,0.0000
0.0000,0.0000
0.0000,0.0000
0.0000,0.0000
0.0000,0.0000
0.0000,0.0000
0.0000,0.0000
0.0000,0.0000
0.0000,0.0000
0.0000,0.0000
0.0000,0.0000
0.0000,0.0000
0.0000,0.0000
0.0000,0.0000
0.0000,0.0000
0.0000,0.0000
0.0000,0.0000
0.0000,0.0000
0.0000,0.0000
0.0000,0.0000
0.0000,0.0000
0.0000,0.0000
0.0000,0.0000
0.0000,0.0000
0.0000,0.0000
0.0000,0.0000
0.0000,0.0000
0.0000,0.0000
0.0000,0.0000
0.0000,0.0000
0.0000,0.0000
0.0000,0.0000
0.0000,0.0000
0.0000,0.0000
0.0000,0.0000
0.0000,0.0000
0.0000,0.0000
0.0000,0.0000
0.0000,0.0000
0.0000,0.0000
0.0000,0.0000
0.0000,0.0000
0.0000,0.0000
0.0000,0.0000
0.0000,0.0000
0.0000,0.0000
0.0000,0.0000
0.0000,0.0000
0.0000,0.0000
0.0000,0.0000
0.0000,0.0000
0.0000,0.0000
0.0000,0.0000
0.0000,0.0000
0.0000,0.0000
0.0000,0.0000
0.0000,0.0000
0.0000,0.0000
0.0000,0.0000
0.0000,0.0000
0.0000,0.0000
0.0000,0.0000
0.0000,0.0000
0.0000,0.0000
0.0000,0.0000
0.0000,0.0000
0.0000,0.0000
0.0000,0.0000
0.0000,0.0000
0.0000,0.0000
0.0000,0.0000
0.0000,0.0000
0.0000,0.0000
0.0000,0.0000
0.0000,0.0000
0.0000,0.0000
0.0000,0.0000
0.0000,0.0000
0.0000,0.0000
0.0000,0.0000
0.0000,0.0000
0.0000,0.0000
0.0000,0.0000
0.0000,0.0000
0.0000,0.0000
0.0000,0.0000
0.0000,0.0000
0.0000,0.0000
0.0000,0.0000
0.0000,0.0000
0.0000,0.0000
0.0000,0.0000
0.0000,0.0000
0.0000,0.0000
0.0000,0.0000
0.0000,0.0000
0.0000,0.0000
0.0000,0.0000
0.0000,0.0000
0.0000,0.0000
0.0000,0.0000
0.0000,0.0000
0.0000,0.0000
0.0000,0.0000
0.0000,0.0000
0.0000,0.0000
0.0000,0.0000
0.0000,0.0000
0.0000,0.0000
0.0000,0.0000
0.0000,0.0000
0.0000,0.0000
0.0000,0.0000
0.0000,0.0000
0.0000,0.0000
0.0000,0.0000
0.0000,0.0000
0.0000,0.0000
0.0000,0.0000
0.0000,0.0000
0.0000,0.0000
0.0000,0.0000
0.0000,0.0000
0.0000,0.0000
0.0000,0.0000
0.0000,0.0000
0.0000,0.0000
0.0000,0.0000
0.0000,0.0000
0.0000,0.0000
0.0000,0.0000
0.0000,0.0000
0.0000,0.0000
0.0000,0.0000
0.0000,0.0000
0.0000,0.0000
0.0000,0.0000
0.0000,0.0000
0.0000,0.0000
0.0000,0.0000
0.0000,0.0000
0.0000,0.0000
0.0000,0.0000
0.0000,0.0000
0.0000,0.0000
0.0000,0.0000
0.0000,0.0000
0.0000,0.0000
0.0000,0.0000
0.0000,0.0000
0.0000,0.0000
0.0000,0.0000
0.0000,0.0000
0.0000,0.0000
0.0000,0.0000
0.0000,0.0000
0.0000,0.0000
0.0000,0.0000
0.0000,0.0000
0.0000,0.0000
0.0000,0.0000
0.0000,0.0000
0.0000,0.0000
0.0000,0.0000
0.0000,0.0000
0.0000,0.0000
0.0000,0.0000
0.0000,0.0000
0.0000,0.0000
0.0000,0.0000
0.0000,0.0000
0.0000,0.0000
0.0000,0.0000
0.0000,0.0000
0.0000,0.0000
0.0000,0.0000
0.0000,0.0000
0.0000,0.0000
0.0000,0.0000
0.0000,0.0000
0.0000,0.0000
0.0000,0.0000
0.0000,0.0000
0.0000,0.0000
0.0000,0.0000
0.0000,0.0000
0.0000,0.0000
0.0000,0.0000
0.0000,0.0000
0.0000,0.0000
0.0000,0.0000
0.0000,0.0000
0.0000,0.0000
0.0000,0.0000
0.0000,0.0000
0.0000,0.0000
0.0000,0.0000
0.0000,0.0000
0.0000,0.0000
0.0000,0.0000
0.0000,0.0000
0.0000,0.0000
0.0000,0.0000
0.0000,0.0000
0.0000,0.0000
0.0000,0.0000
0.0000,0.0000
0.0000,0.0000
0.0000,0.0000
0.0000,0.0000
0.0000,0.0000
0.0000,0.0000
0.0000,0.0000
0.0000,0.0000
0.0000,0.0000
0.0000,0.0000
0.0000,0.0000
0.0000,0.0000
0.0000,0.0000
0.0000,0.0000
0.0000,0.0000
0.0000,0.0000
0.0000,0.0000
0.0000,0.0000
0.0000,0.0000
0.0000,0.0000
0.0000,0.0000
0.0000,0.0000
0.0000,0.0000
0.0000,0.0000
0.0000,0.0000
0.0000,0.0000
0.0000,0.0000
0.0000,0.0000
0.0000,0.0000
0.0000,0.0000
0.0000,0.0000
0.0000,0.0000
0.0000,0.0000
0.0000,0.0000
0.0000,0.0000
0.0000,0.0000
0.0000,0.0000
0.0000,0.0000
0.0000,0.0000
0.0000,0.0000
0.0000,0.0000
0.0000,0.0000
0.0000,0.0000
0.0000,0.0000
0.0000,0.0000
0.0000,0.0000
0.0000,0.0000
0.0000,0.0000
0.0000,0.0000
0.0000,0.0000
0.0000,0.0000
0.0000,0.0000
0.0000,0.0000
0.0000,0.0000
0.0000,0.0000
0.0000,0.0000
0.0000,0.0000
0.0000,0.0000
0.0000,0.0000
0.0000,0.0000
0.0000,0.0000
0.0000,0.0000
0.0000,0.0000
0.0000,0.0000
0.0000,0.0000
0.0000,0.0000
0.0000,0.0000
0.0000,0.0000
0.0000,0.0000
0.0000,0.0000
0.0000,0.0000
0.0000,0.0000
0.0000,0.0000
0.0000,0.0000
0.0000,0.0000
0.0000,0.0000
0.0000,0.0000
0.0000,0.0000
0.0000,0.0000
0.0000,0.0000
0.0000,0.0000
0.0000,0.0000
0.0000,0.0000
0.0000,0.0000
0.0000,0.0000
0.0000,0.0000
0.0000,0.0000
0.0000,0.0000
0.0000,0.0000
0.0000,0.0000
0.0000,0.0000
0.0000,0.0000
0.0000,0.0000
0.0000,0.0000
0.0000,0.0000
0.0000,0.0000
0.0000,0.0000
0.0000,0.0000
0.0000,0.0000
0.0000,0.0000
0.0000,0.0000
0.0000,0.0000
0.0000,0.0000
0.0000,0.0000
0.0000,0.0000
0.0000,0.0000
0.0000,0.0000
0.0000,0.0000
0.0000,0.0000
0.0000,0.0000
0.0000,0.0000
0.0000,0.0000
0.0000,0.0000
0.0000,0.0000
0.0000,0.0000
0.0000,0.0000
0.0000,0.0000
0.0000,0.0000
0.0000,0.0000
0.0000,0.0000
0.0000,0.0000
0.0000,0.0000
0.0000,0.0000
0.0000,0.0000
0.0000,0.0000
0.0000,0.0000
0.0000,0.0000
0.0000,0.0000
0.0000,0.0000
0.0000,0.0000
0.0000,0.0000
0.0000,0.0000
0.0000,0.0000
0.0000,0.0000
0.0000,0.0000
0.0000,0.0000
0.0000,0.0000
0.0000,0.0000
0.0000,0.0000
0.0000,0.0000
0.0000,0.0000
0.0000,0.0000
0.0000,0.0000
0.0000,0.0000
0.0000,0.0000
0.0000,0.0000
0.0000,0.0000
0.0000,0.0000
0.0000,0.0000
0.0000,0.0000
0.0000,0.0000
0.0000,0.0000
0.0000,0.0000
0.0000,0.0000
0.0000,0.0000
0.0000,0.0000
0.0000,0.0000
0.0000,0.0000
0.0000,0.0000
0.0000,0.0000
0.0000,0.0000
0.0000,0.0000
0.0000,0.0000
0.0000,0.0000
0.0000,0.0000
0.0000,0.0000
0.0000,0.0000
0.0000,0.0000
0.0000,0.0000
0.0000,0.0000
0.0000,0.0000
0.0000,0.0000
0.0000,0.0000
0.0000,0.0000
0.0000,0.0000
0.0000,0.0000
0.0000,0.0000
0.0000,0.0000
0.0000,0.0000
0.0000,0.0000
0.0000,0.0000
0.0000,0.0000
0.0000,0.0000
0.0000,0.0000
0.0000,0.0000
0.0000,0.0000
0.0000,0.0000
0.0000,0.0000
0.0000,0.0000
0.0000,0.0000
0.0000,0.0000
0.0000,0.0000
0.0000,0.0000
0.0000,0.0000
0.0000,0.0000
0.0000,0.0000
0.0000,0.0000
0.0000,0.0000
0.0000,0.0000
0.0000,0.0000
0.0000,0.0000
0.0000,0.0000
0.0000,0.0000
0.0000,0.0000
0.0000,0.0000
0.0000,0.0000
0.0000,0.0000
0.0000,0.0000
0.0000,0.0000
0.0000,0.0000
0.0000,0.0000
0.0000,0.0000
0.0000,0.0000
0.0000,0.0000
0.0000,0.0000
0.0000,0.0000
0.0000,0.0000
0.0000,0.0000
0.0000,0.0000
0.0000,0.0000
0.0000,0.0000
0.0000,0.0000
0.0000,0.0000
0.0000,0.0000
0.0000,0.0000
0.0000,0.0000
0.0000,0.0000
0.0000,0.0000
0.0000,0.0000
0.0000,0.0000
0.0000,0.0000
0.0000,0.0000
0.0000,0.0000
0.0000,0.0000
0.0000,0.0000
0.0000,0.0000
0.0000,0.0000
0.0000,0.0000
0.0000,0.0000
0.0000,0.0000
0.0000,0.0000
0.0000,0.0000
0.0000,0.0000
0.0000,0.0000
0.0000,0.0000
0.0000,0.0000
0.0000,0.0000
0.0000,0.0000
0.0000,0.0000
0.0000,0.0000
0.0000,0.0000
0.0000,0.0000
0.0000,0.0000
0.0000,0.0000
0.0000,0.0000
0.0000,0.0000
0.0000,0.0000
0.0000,0.0000
0.0000,0.0000
0.0000,0.0000
0.0000,0.0000
0.0000,0.0000
0.0000,0.0000
0.0000,0.0000
0.0000,0.0000
0.0000,0.0000
0.0000,0.0000
0.0000,0.0000
0.0000,0.0000
0.0000,0.0000
0.0000,0.0000
0.0000,0.0000
0.0000,0.0000
0.0000,0.0000
0.0000,0.0000
0.0000,0.0000
0.0000,0.0000
0.0000,0.0000
0.0000,0.0000
0.0000,0.0000
0.0000,0.0000
0.0000,0.0000
0.0000,0.0000
0.0000,0.0000
0.0000,0.0000
0.0000,0.0000
0.0000,0.0000
0.0000,0.0000
0.0000,0.0000
0.0000,0.0000
0.0000,0.0000
0.0000,0.0000
0.0000,0.0000
0.0000,0.0000
0.0000,0.0000
0.0000,0.0000
0.0000,0.0000
0.0000,0.0000
0.0000,0.0000
0.0000,0.0000
0.0000,0.0000
0.0000,0.0000
0.0000,0.0000
0.0000,0.0000
0.0000,0.0000
0.0000,0.0000
0.0000,0.0000
0.0000,0.0000
0.0000,0.0000
0.0000,0.0000
0.0000,0.0000
0.0000,0.0000
0.0000,0.0000
0.0000,0.0000
0.0000,0.0000
0.0000,0.0000
0.0000,0.0000
0.0000,0.0000
0.0000,0.0000
0.0000,0.0000
0.0000,0.0000
0.0000,0.0000
0.0000,0.0000
0.0000,0.0000
0.0000,0.0000
0.0000,0.0000
0.0000,0.0000
0.0000,0.0000
0.0000,0.0000
0.0000,0.0000
0.0000,0.0000
0.0000,0.0000
0.0000,0.0000
0.0000,0.0000
0.0000,0.0000
0.0000,0.0000
0.0000,0.0000
0.0000,0.0000
0.0000,0.0000
0.0000,0.0000
0.0000,0.0000
0.0000,0.0000
0.0000,0.0000
0.0000,0.0000
0.0000,0.0000
0.0000,0.0000
0.0000,0.0000
0.0000,0.0000
0.0000,0.0000
0.0000,0.0000
0.0000,0.0000
0.0000,0.0000
0.0000,0.0000
0.0000,0.0000
0.0000,0.0000
0.0000,0.0000
0.0000,0.0000
0.0000,0.0000
0.0000,0.0000
0.0000,0.0000
0.0000,0.0000
0.0000,0.0000
0.0000,0.0000
0.0000,0.0000
0.0000,0.0000
0.0000,0.0000
0.0000,0.0000
0.0000,0.0000
0.0000,0.0000
0.0000,0.0000
0.0000,0.0000
0.0000,0.0000
0.0000,0.0000
0.0000,0.0000
0.0000,0.0000
0.0000,0.0000
0.0000,0.0000
0.0000,0.0000
0.0000,0.0000
0.0000,0.0000
0.0000,0.0000
0.0000,0.0000
0.0000,0.0000
0.0000,0.0000
0.0000,0.0000
0.0000,0.0000
0.0000,0.0000
0.0000,0.0000
0.0000,0.0000
0.0000,0.0000
0.0000,0.0000
0.0000,0.0000
0.0000,0.0000
0.0000,0.0000
0.0000,0.0000
0.0000,0.0000
0.0000,0.0000
0.0000,0.0000
0.0000,0.0000
0.0000,0.0000
0.0000,0.0000
0.0000,0.0000
0.0000,0.0000
0.0000,0.0000
0.0000,0.0000
0.0000,0.0000
0.0000,0.0000
0.0000,0.0000
0.0000,0.0000
0.0000,0.0000
0.0000,0.0000
0.0000,0.0000
0.0000,0.0000
0.0000,0.0000
0.0000,0.0000
0.0000,0.0000
0.0000,0.0000
0.0000,0.0000
0.0000,0.0000
0.0000,0.0000
0.0000,0.0000
0.0000,0.0000
0.0000,0.0000
0.0000,0.0000
0.0000,0.0000
0.0000,0.0000
0.0000,0.0000
0.0000,0.0000
0.0000,0.0000
0.0000,0.0000
0.0000,0.0000
0.0000,0.0000
0.0000,0.0000
0.0000,0.0000
0.0000,0.0000
0.0000,0.0000
0.0000,0.0000
0.0000,0.0000
0.0000,0.0000
0.0000,0.0000
0.0000,0.0000
0.0000,0.0000
0.0000,0.0000
0.0000,0.0000
0.0000,0.0000
0.0000,0.0000
0.0000,0.0000
0.0000,0.0000
0.0000,0.0000
0.0000,0.0000
0.0000,0.0000
0.0000,0.0000
0.0000,0.0000
0.0000,0.0000
0.0000,0.0000
0.0000,0.0000
0.0000,0.0000
0.0000,0.0000
0.0000,0.0000
0.0000,0.0000
0.0000,0.0000
0.0000,0.0000
0.0000,0.0000
0.0000,0.0000
0.0000,0.0000
0.0000,0.0000
0.0000,0.0000
0.0000,0.0000
0.0000,0.0000
0.0000,0.0000
0.0000,0.0000
0.0000,0.0000
0.0000,0.0000
0.0000,0.0000
0.0000,0.0000
0.0000,0.0000
0.0000,0.0000
0.0000,0.0000
0.0000,0.0000
0.0000,0.0000
0.0000,0.0000
0.0000,0.0000
0.0000,0.0000
0.0000,0.0000
0.0000,0.0000
0.0000,0.0000
0.0000,0.0000
0.0000,0.0000
0.0000,0.0000
0.0000,0.0000
0.0000,0.0000
0.0000,0.0000
0.0000,0.0000
0.0000,0.0000
0.0000,0.0000
0.0000,0.0000
0.0000,0.0000
0.0000,0.0000
0.0000,0.0000
0.0000,0.0000
0.0000,0.0000
0.0000,0.0000
0.0000,0.0000
0.0000,0.0000
0.0000,0.0000
0.0000,0.0000
0.0000,0.0000
0.0000,0.0000
0.0000,0.0000
0.0000,0.0000
0.0000,0.0000
0.0000,0.0000
0.0000,0.0000
0.0000,0.0000
0.0000,0.0000
0.0000,0.0000
0.0000,0.0000
0.0000,0.0000
0.0000,0.0000
0.0000,0.0000
0.0000,0.0000
0.0000,0.0000
0.0000,0.0000
0.0000,0.0000
0.0000,0.0000
0.0000,0.0000
0.0000,0.0000
0.0000,0.0000
0.0000,0.0000
0.0000,0.0000
0.0000,0.0000
0.0000,0.0000
0.0000,0.0000
0.0000,0.0000
0.0000,0.0000
0.0000,0.0000
0.0000,0.0000
0.0000,0.0000
0.0000,0.0000
0.0000,0.0000
0.0000,0.0000
0.0000,0.0000
0.0000,0.0000
0.0000,0.0000
0.0000,0.0000
0.0000,0.0000
0.0000,0.0000
0.0000,0.0000
0.0000,0.0000
0.0000,0.0000
0.0000,0.0000
0.0000,0.0000
0.0000,0.0000
0.0000,0.0000
0.0000,0.0000
0.0000,0.0000
0.0000,0.0000
0.0000,0.0000
0.0000,0.0000
0.0000,0.0000
0.0000,0.0000
0.0000,0.0000
0.0000,0.0000
0.0000,0.0000
0.0000,0.0000
0.0000,0.0000
0.0000,0.0000
0.0000,0.0000
0.0000,0.0000
0.0000,0.0000
0.0000,0.0000
0.0000,0.0000
0.0000,0.0000
0.0000,0.0000
0.0000,0.0000
0.0000,0.0000
0.0000,0.0000
0.0000,0.0000
0.0000,0.0000
0.0000,0.0000
0.0000,0.0000
0.0000,0.0000
0.0000,0.0000
0.0000,0.0000
0.0000,0.0000
0.0000,0.0000
0.0000,0.0000
0.0000,0.0000
0.0000,0.0000
0.0000,0.0000
0.0000,0.0000
0.0000,0.0000
0.0000,0.0000
0.0000,0.0000
0.0000,0.0000
0.0000,0.0000
0.0000,0.0000
0.0000,0.0000
0.0000,0.0000
0.0000,0.0000
0.0000,0.0000
0.0000,0.0000
0.0000,0.0000
0.0000,0.0000
0.0000,0.0000
0.0000,0.0000
0.0000,0.0000
0.0000,0.0000
0.0000,0.0000
0.0000,0.0000
0.0000,0.0000
0.0000,0.0000
0.0000,0.0000
0.0000,0.0000
0.0000,0.0000
0.0000,0.0000
0.0000,0.0000
0.0000,0.0000
0.0000,0.0000
0.0000,0.0000
0.0000,0.0000
0.0000,0.0000
0.0000,0.0000
0.0000,0.0000
0.0000,0.0000
0.0000,0.0000
0.0000,0.0000
0.0000,0.0000
0.0000,0.0000
0.0000,0.0000
0.0000,0.0000
0.0000,0.0000
0.0000,0.0000
0.0000,0.0000
0.0000,0.0000
0.0000,0.0000
0.0000,0.0000
0.0000,0.0000
0.0000,0.0000
0.0000,0.0000
0.0000,0.0000
0.0000,0.0000
0.0000,0.0000
0.0000,0.0000
0.0000,0.0000
0.0000,0.0000
0.0000,0.0000
0.0000,0.0000
0.0000,0.0000
0.0000,0.0000
0.0000,0.0000
0.0000,0.0000
0.0000,0.0000
0.0000,0.0000
0.0000,0.0000
0.0000,0.0000
0.0000,0.0000
0.0000,0.0000
0.0000,0.0000
0.0000,0.0000
0.0000,0.0000
0.0000,0.0000
0.0000,0.0000
0.0000,0.0000
0.0000,0.0000
0.0000,0.0000
0.0000,0.0000
0.0000,0.0000
0.0000,0.0000
0.0000,0.0000
0.0000,0.0000
0.0000,0.0000
0.0000,0.0000
0.0000,0.0000
0.0000,0.0000
0.0000,0.0000
0.0000,0.0000
0.0000,0.0000
0.0000,0.0000
0.0000,0.0000
0.0000,0.0000
0.0000,0.0000
0.0000,0.0000
0.0000,0.0000
0.0000,0.0000
0.0000,0.0000
0.0000,0.0000
0.0000,0.0000
0.0000,0.0000
0.0000,0.0000
0.0000,0.0000
0.0000,0.0000
0.0000,0.0000
0.0000,0.0000
0.0000,0.0000
0.0000,0.0000
0.0000,0.0000
0.0000,0.0000
0.0000,0.0000
0.0000,0.0000
0.0000,0.0000
0.0000,0.0000
0.0000,0.0000
0.0000,0.0000
0.0000,0.0000
0.0000,0.0000
0.0000,0.0000
0.0000,0.0000
0.0000,0.0000
0.0000,0.0000
0.0000,0.0000
0.0000,0.0000
0.0000,0.0000
0.0000,0.0000
0.0000,0.0000
0.0000,0.0000
0.0000,0.0000
0.0000,0.0000
0.0000,0.0000
0.0000,0.0000
0.0000,0.0000
0.0000,0.0000
0.0000,0.0000
0.0000,0.0000
0.0000,0.0000
0.0000,0.0000
-2.6103
-1.8447
-1.6425
-1.4754
-1.4185
-1.3400
-1.1425
-1.1250
-1.1196
-1.0548
-1.0261
-1.0072
-0.9945
-0.9346
-0.9225
-0.8991
-0.8842
-0.8546
-0.8539
-0.8449
-0.8429
-0.8395
-0.8278
-0.8251
-0.8194
-0.8093
-0.7912
-0.7849
-0.7822
-0.7815
-0.7670
-0.7657
-0.7598
-0.7584
-0.7426
-0.7193
-0.7104
-0.6922
-0.6847
-0.6659
-0.6570
-0.5830
-0.5830
-0.5810
-0.5797
-0.5710
-0.5684
-0.5659
-0.5604
-0.5562
-0.5529
-0.5508
-0.5306
-0.5263
-0.5126
-0.5125
-0.5120
-0.4934
-0.4913
-0.4868
-0.4866
-0.4820
-0.4783
-0.4765
-0.4630
-0.4557
-0.4539
-0.4520
-0.4475
-0.4351
-0.4319
-0.4271
-0.4260
-0.4229
-0.4110
-0.4107
-0.4050
-0.3981
-0.3955
-0.3922
-0.3800
-0.3744
-0.3717
-0.3627
-0.3620
-0.3574
-0.3496
-0.3487
-0.3419
-0.3190
-0.3163
-0.3064
-0.3046
-0.2991
-0.2960
-0.2891
-0.2834
-0.2827
-0.2817
-0.2726
-0.2701
-0.2690
-0.2680
-0.2666
-0.2616
-0.2590
-0.2561
-0.2544
-0.2405
-0.2372
-0.2364
-0.2323
-0.2286
-0.2247
-0.2222
-0.2210
-0.2097
-0.2051
-0.2018
-0.2013
-0.1967
-0.1934
-0.1910
-0.1908
-0.1900
-0.1879
-0.1865
-0.1830
-0.1830
-0.1817
-0.1787
-0.1703
-0.1680
-0.1666
-0.1557
-0.1531
-0.1516
-0.1512
-0.1423
-0.1281
-0.1217
-0.1215
-0.1214
-0.1158
-0.1153
-0.1142
-0.1086
-0.1078
-0.1067
-0.1038
-0.0940
-0.0933
-0.0849
-0.0821
-0.0779
-0.0730
-0.0724
-0.0662
-0.0627
-0.0602
-0.0575
-0.0567
-0.0486
-0.0405
-0.0353
-0.0340
-0.0317
-0.0287
-0.0273
-0.0221
-0.0214
-0.0199
-0.0196
-0.0185
-0.0173
-0.0153
-0.0108
-0.0096
0.0061
0.0091
0.0107
0.0130
0.0165
0.0190
0.0224
0.0231
0.0257
0.0320
0.0344
0.0353
0.0401
0.0479
0.0531
0.0549
0.0588
0.0599
0.0621
0.0632
0.0640
0.0670
0.0706
0.0729
0.0738
0.0791
0.0818
0.0842
0.0871
0.0903
0.0923
0.0952
0.0964
0.1026
0.1039
0.1042
0.1090
0.1116
0.1188
0.1198
0.1243
0.1259
0.1279
0.1283
0.1291
0.1340
0.1370
0.1393
0.1411
0.1478
0.1526
0.1575
0.1596
0.1601
0.1669
0.1677
0.1714
0.1725
0.1747
0.1796
0.1814
0.1840
0.1864
0.1874
0.1875
0.1913
0.1987
0.1993
0.2046
0.2105
0.2114
0.2132
0.2189
0.2190
0.2192
0.2201
0.2203
0.2233
0.2243
0.2268
0.2281
0.2326
0.2362
0.2367
0.2500
0.2516
0.2581
0.2583
0.2605
0.2636
0.2639
0.2648
0.2660
0.2685
0.2741
0.2779
0.2793
0.2860
0.2880
0.2896
0.2969
0.2973
0.2978
0.3052
0.3098
0.3104
0.3122
0.3132
0.3192
0.3197
0.3198
0.3224
0.3226
0.3229
0.3261
0.3267
0.3272
0.3289
0.3291
0.3293
0.3309
0.3360
0.3371
0.3380
0.3381
0.3384
0.3386
0.3414
0.3428
0.3433
0.3465
0.3481
0.3506
0.3619
0.3681
0.3714
0.3776
0.3791
0.3868
0.3872
0.3898
0.3963
0.3977
0.3982
0.3995
0.4011
0.4139
0.4157
0.4179
0.4184
0.4239
0.4298
0.4306
0.4334
0.4351
0.4357
0.4405
0.4413
0.4421
0.4426
0.4484
0.4492
0.4515
0.4519
0.4540
0.4541
0.4545
0.4564
0.4666
0.4680
0.4730
0.4781
0.4803
0.4811
0.4838
0.4894
0.4963
0.4982
0.5001
0.5011
0.5094
0.5094
0.5102
0.5108
0.5135
0.5139
0.5144
0.5184
0.5185
0.5199
0.5203
0.5257
0.5264
0.5292
0.5295
0.5304
0.5311
0.5338
0.5341
0.5360
0.5365
0.5371
0.5389
0.5397
0.5404
0.5407
0.5458
0.5513
0.5527
0.5603
0.5638
0.5647
0.5656
0.5669
0.5688
0.5697
0.5733
0.5739
0.5775
0.5785
0.5805
0.5841
0.5847
0.5872
0.5872
0.5882
0.5901
0.5906
0.5943
0.5962
0.5977
0.6008
0.6017
0.6054
0.6153
0.6162
0.6165
0.6193
0.6208
0.6230
0.6281
0.6286
0.6304
0.6304
0.6384
0.6395
0.6399
0.6421
0.6436
0.6482
0.6505
0.6515
0.6547
0.6569
0.6612
0.6627
0.6635
0.6665
0.6683
0.6687
0.6688
0.6695
0.6707
0.6721
0.6724
0.6728
0.6731
0.6756
0.6770
0.6797
0.6926
0.6967
0.6983
0.7017
0.7054
0.7055
0.7111
0.7117
0.7119
0.7140
0.7143
0.7173
0.7178
0.7186
0.7218
0.7276
0.7302
0.7326
0.7339
0.7408
0.7417
0.7495
0.7517
0.7549
0.7550
0.7598
0.7655
0.7691
0.7709
0.7753
0.7764
0.7773
0.7848
0.7856
0.7878
0.7881
0.7885
0.7920
0.7969
0.7983
0.7995
0.7996
0.8014
0.8024
0.8039
0.8095
0.8107
0.8127
0.8145
0.8236
0.8237
0.8239
0.8256
0.8277
0.8282
0.8324
0.8381
0.8439
0.8447
0.8481
0.8481
0.8502
0.8509
0.8514
0.8537
0.8593
0.8594
0.8625
0.8640
0.8657
0.8665
0.8724
0.8727
0.8774
0.8818
0.8855
0.8866
0.8890
0.8925
0.8955
0.8968
0.8997
0.9006
0.9007
0.9050
0.9050
0.9080
0.9092
0.9111
0.9118
0.9166
0.9167
0.9198
0.9216
0.9243
0.9280
0.9281
0.9305
0.9316
0.9372
0.9422
0.9446
0.9486
0.9507
0.9511
0.9530
0.9641
0.9746
0.9772
0.9873
0.9877
0.9879
0.9898
0.9921
0.9930
1.0002
1.0092
1.0140
1.0242
1.0253
1.0267
1.0301
1.0302
1.0349
1.0349
1.0398
1.0403
1.0410
1.0416
1.0425
1.0426
1.0454
1.0520
1.0544
1.0559
1.0586
1.0609
1.0695
1.0711
1.0715
1.0755
1.0759
1.0771
1.0781
1.0798
1.0805
1.0835
1.0847
1.0852
1.0855
1.0884
1.0892
1.0956
1.0957
1.0961
1.0970
1.1005
1.1052
1.1069
1.1087
1.1149
1.1179
1.1190
1.1225
1.1259
1.1270
1.1341
1.1345
1.1366
1.1388
1.1511
1.1571
1.1575
1.1600
1.1607
1.1654
1.1709
1.1712
1.1743
1.1796
1.1837
1.1895
1.1985
1.1993
1.1997
1.2001
1.2086
1.2100
1.2108
1.2115
1.2126
1.2221
1.2245
1.2272
1.2277
1.2317
1.2377
1.2389
1.2405
1.2428
1.2473
1.2494
1.2514
1.2537
1.2545
1.2574
1.2587
1.2589
1.2613
1.2619
1.2686
1.2715
1.2728
1.2738
1.2771
1.2833
1.2926
1.2972
1.2987
1.3056
1.3097
1.3131
1.3132
1.3173
1.3210
1.3212
1.3215
1.3255
1.3330
1.3386
1.3392
1.3394
1.3405
1.3411
1.3441
1.3453
1.3480
1.3484
1.3507
1.3516
1.3516
1.3538
1.3543
1.3684
1.3730
1.3763
1.3963
1.3967
1.3972
1.4104
1.4175
1.4187
1.4215
1.4294
1.4325
1.4329
1.4332
1.4349
1.4502
1.4521
1.4524
1.4539
1.4585
1.4650
1.4703
1.4743
1.4779
1.4789
1.4805
1.4895
1.4924
1.4930
1.4983
1.5036
1.5054
1.5076
1.5076
1.5083
1.5135
1.5223
1.5235
1.5255
1.5298
1.5308
1.5312
1.5343
1.5363
1.5364
1.5472
1.5516
1.5523
1.5550
1.5556
1.5601
1.5666
1.5686
1.5697
1.5712
1.5741
1.5745
1.5782
1.5811
1.5831
1.5832
1.5936
1.5968
1.6031
1.6087
1.6107
1.6122
1.6137
1.6155
1.6169
1.6172
1.6195
1.6225
1.6254
1.6352
1.6404
1.6445
1.6501
1.6509
1.6584
1.6599
1.6601
1.6678
1.6687
1.6754
1.6765
1.6781
1.6862
1.6994
1.7009
1.7015
1.7188
1.7261
1.7288
1.7376
1.7402
1.7440
1.7463
1.7466
1.7467
1.7524
1.7559
1.7559
1.7661
1.7678
1.7719
1.7722
1.7728
1.7774
1.7774
1.7788
1.7896
1.7957
1.7970
1.7975
1.8040
1.8315
1.8375
1.8413
1.8425
1.8430
1.8442
1.8468
1.8481
1.8561
1.8605
1.8662
1.8667
1.8774
1.8780
1.8873
1.8982
1.9056
1.9089
1.9126
1.9157
1.9175
1.9200
1.9245
1.9278
1.9295
1.9310
1.9370
1.9376
1.9517
1.9607
1.9628
1.9714
1.9724
1.9729
1.9763
1.9767
1.9778
1.9792
1.9949
2.0258
2.0265
2.0325
2.0409
2.0554
2.0569
2.0625
2.0665
2.0810
2.0848
2.0851
2.0862
2.0877
2.0898
2.0928
2.1002
2.1015
2.1034
2.1035
2.1189
2.1251
2.1377
2.1520
2.1647
2.1689
2.1692
2.1725
2.1802
2.1830
2.1885
2.1998
2.2027
2.2064
2.2169
2.2254
2.2282
2.2292
2.2496
2.2510
2.2579
2.2632
2.2638
2.2649
2.2682
2.2758
2.2818
2.2862
2.2970
2.3063
2.3162
2.3166
2.3218
2.3343
2.3357
2.3358
2.3457
2.3512
2.3801
2.3865
2.4110
2.4238
2.4383
2.4399
2.4417
2.4454
2.4732
2.4819
2.4870
2.4940
2.4941
2.4994
2.5026
2.5040
2.5064
2.5097
2.5366
2.5496
2.5528
2.5541
2.5594
2.5985
2.5991
2.6003
2.6008
2.6163
2.6210
2.6221
2.6298
2.6311
2.6351
2.6491
2.6644
2.6678
2.6713
2.6905
2.6907
2.7005
2.7022
2.7122
2.7181
2.7191
2.7302
2.7755
2.7790
2.8181
2.8423
2.8546
2.8707
2.8958
2.9015
2.9238
2.9291
2.9445
2.9560
2.9606
2.9613
2.9917
2.9941
3.0022
3.0149
3.0149
3.0364
3.0546
3.0798
3.0827
3.0916
3.1343
3.1484
3.1734
3.1763
3.2035
3.2067
3.2381
3.2930
3.3071
3.3184
3.3236
3.3331
3.3553
3.3578
3.4117
3.5380
3.6016
3.6475
3.8049
3.9151
3.9981
4.0693
4.2357
4.3294
4.5779
4.6914
4.7064
5.1830
