1000
1000
-1.4076,0.1941
-1.3135,0.1897
-1.0990,0.1525
-0.9557,0.1424
-0.8536,0.1369
-0.7758,0.1317
-0.7151,0.1270
-0.6663,0.1234
-0.6261,0.1205
-0.5918,0.1174
-0.5624,0.1146
-0.5367,0.1119
-0.5139,0.1091
-0.4935,0.1065
-0.4752,0.1039
-0.4587,0.1015
-0.4437,0.0992
-0.4301,0.0972
-0.4176,0.0953
-0.4061,0.0937
-0.3954,0.0920
-0.3855,0.0905
-0.3763,0.0892
-0.3676,0.0877
-0.3594,0.0863
-0.3517,0.0850
-0.3443,0.0835
-0.3374,0.0822
-0.3308,0.0809
-0.3246,0.0798
-0.3187,0.0786
-0.3132,0.0776
-0.3079,0.0766
-0.3028,0.0756
-0.2980,0.0747
-0.2933,0.0737
-0.2889,0.0728
-0.2846,0.0719
-0.2805,0.0710
-0.2766,0.0702
-0.2728,0.0694
-0.2691,0.0686
-0.2656,0.0679
-0.2623,0.0672
-0.2591,0.0665
-0.2559,0.0659
-0.2529,0.0652
-0.2500,0.0646
-0.2472,0.0639
-0.2444,0.0633
-0.2417,0.0627
-0.2391,0.0621
-0.2366,0.0615
-0.2342,0.0610
-0.2319,0.0605
-0.2296,0.0600
-0.2273,0.0595
-0.2251,0.0590
-0.2230,0.0585
-0.2210,0.0581
-0.2189,0.0576
-0.2170,0.0572
-0.2150,0.0567
-0.2132,0.0563
-0.2113,0.0559
-0.2095,0.0555
-0.2078,0.0551
-0.2061,0.0547
-0.2044,0.0543
-0.2027,0.0539
-0.2011,0.0535
-0.1996,0.0531
-0.1980,0.0528
-0.1965,0.0524
-0.1950,0.0520
-0.1935,0.0516
-0.1921,0.0513
-0.1907,0.0509
-0.1893,0.0506
-0.1880,0.0502
-0.1866,0.0499
-0.1853,0.0495
-0.1841,0.0492
-0.1828,0.0489
-0.1815,0.0485
-0.1803,0.0482
-0.1791,0.0479
-0.1779,0.0476
-0.1768,0.0473
-0.1756,0.0470
-0.1745,0.0467
-0.1734,0.0464
-0.1723,0.0461
-0.1712,0.0458
-0.1702,0.0455
-0.1691,0.0452
-0.1681,0.0449
-0.1671,0.0446
-0.1661,0.0444
-0.1651,0.0441
-0.1641,0.0438
-0.1632,0.0436
-0.1622,0.0433
-0.1613,0.0430
-0.1604,0.0428
-0.1595,0.0425
-0.1586,0.0423
-0.1577,0.0420
-0.1568,0.0418
-0.1560,0.0416
-0.1551,0.0413
-0.1543,0.0411
-0.1535,0.0409
-0.1527,0.0407
-0.1519,0.0404
-0.1511,0.0402
-0.1503,0.0400
-0.1495,0.0398
-0.1487,0.0396
-0.1480,0.0394
-0.1472,0.0392
-0.1465,0.0390
-0.1457,0.0387
-0.1450,0.0385
-0.1443,0.0383
-0.1436,0.0381
-0.1429,0.0380
-0.1422,0.0378
-0.1415,0.0376
-0.1408,0.0374
-0.1401,0.0372
-0.1395,0.0370
-0.1388,0.0368
-0.1381,0.0366
-0.1375,0.0364
-0.1369,0.0362
-0.1362,0.0360
-0.1356,0.0359
-0.1350,0.0357
-0.1343,0.0355
-0.1337,0.0353
-0.1331,0.0351
-0.1325,0.0350
-0.1319,0.0348
-0.1313,0.0346
-0.1308,0.0345
-0.1302,0.0343
-0.1296,0.0341
-0.1290,0.0340
-0.1284,0.0338
-0.1279,0.0336
-0.1273,0.0335
-0.1267,0.0333
-0.1262,0.0331
-0.1256,0.0330
-0.1251,0.0328
-0.1246,0.0327
-0.1240,0.0325
-0.1235,0.0323
-0.1230,0.0322
-0.1224,0.0320
-0.1219,0.0319
-0.1214,0.0317
-0.1209,0.0316
-0.1204,0.0314
-0.1199,0.0313
-0.1194,0.0311
-0.1189,0.0310
-0.1184,0.0308
-0.1179,0.0307
-0.1174,0.0305
-0.1169,0.0304
-0.1164,0.0302
-0.1160,0.0301
-0.1155,0.0299
-0.1150,0.0298
-0.1145,0.0296
-0.1141,0.0295
-0.1136,0.0294
-0.1132,0.0292
-0.1127,0.0291
-0.1122,0.0289
-0.1118,0.0288
-0.1113,0.0287
-0.1109,0.0285
-0.1104,0.0284
-0.1100,0.0283
-0.1096,0.0281
-0.1091,0.0280
-0.1087,0.0279
-0.1082,0.0277
-0.1078,0.0276
-0.1074,0.0275
-0.1070,0.0273
-0.1065,0.0272
-0.1061,0.0271
-0.1057,0.0270
-0.1053,0.0268
-0.1049,0.0267
-0.1045,0.0266
-0.1040,0.0264
-0.1036,0.0263
-0.1032,0.0262
-0.1028,0.0261
-0.1024,0.0259
-0.1020,0.0258
-0.1016,0.0257
-0.1012,0.0255
-0.1008,0.0254
-0.1004,0.0253
-0.1000,0.0252
-0.0996,0.0250
-0.0992,0.0249
-0.0988,0.0248
-0.0984,0.0246
-0.0980,0.0245
-0.0976,0.0244
-0.0972,0.0243
-0.0968,0.0241
-0.0964,0.0240
-0.0960,0.0239
-0.0956,0.0237
-0.0953,0.0236
-0.0949,0.0235
-0.0945,0.0234
-0.0941,0.0232
-0.0937,0.0231
-0.0933,0.0230
-0.0930,0.0229
-0.0926,0.0228
-0.0922,0.0226
-0.0918,0.0225
-0.0915,0.0224
-0.0911,0.0223
-0.0907,0.0222
-0.0904,0.0221
-0.0900,0.0219
-0.0896,0.0218
-0.0893,0.0217
-0.0889,0.0216
-0.0885,0.0215
-0.0882,0.0214
-0.0878,0.0213
-0.0874,0.0212
-0.0871,0.0211
-0.0867,0.0209
-0.0863,0.0208
-0.0860,0.0207
-0.0856,0.0206
-0.0853,0.0205
-0.0849,0.0204
-0.0845,0.0203
-0.0842,0.0202
-0.0838,0.0201
-0.0835,0.0200
-0.0831,0.0199
-0.0827,0.0198
-0.0824,0.0197
-0.0820,0.0196
-0.0817,0.0195
-0.0813,0.0194
-0.0810,0.0193
-0.0806,0.0192
-0.0802,0.0191
-0.0799,0.0190
-0.0795,0.0189
-0.0792,0.0188
-0.0788,0.0187
-0.0785,0.0185
-0.0781,0.0184
-0.0778,0.0183
-0.0774,0.0182
-0.0771,0.0181
-0.0767,0.0180
-0.0764,0.0179
-0.0760,0.0178
-0.0757,0.0177
-0.0753,0.0176
-0.0749,0.0175
-0.0746,0.0174
-0.0742,0.0173
-0.0739,0.0173
-0.0735,0.0172
-0.0732,0.0171
-0.0728,0.0170
-0.0725,0.0169
-0.0721,0.0168
-0.0718,0.0167
-0.0714,0.0166
-0.0711,0.0165
-0.0707,0.0164
-0.0704,0.0163
-0.0700,0.0162
-0.0697,0.0161
-0.0693,0.0160
-0.0690,0.0159
-0.0686,0.0158
-0.0683,0.0157
-0.0679,0.0157
-0.0676,0.0156
-0.0672,0.0155
-0.0669,0.0154
-0.0665,0.0153
-0.0662,0.0152
-0.0658,0.0151
-0.0654,0.0150
-0.0651,0.0149
-0.0647,0.0148
-0.0644,0.0148
-0.0640,0.0147
-0.0637,0.0146
-0.0633,0.0145
-0.0629,0.0144
-0.0626,0.0143
-0.0622,0.0142
-0.0618,0.0141
-0.0615,0.0140
-0.0611,0.0140
-0.0607,0.0139
-0.0604,0.0138
-0.0600,0.0137
-0.0596,0.0136
-0.0592,0.0135
-0.0589,0.0134
-0.0585,0.0133
-0.0581,0.0132
-0.0577,0.0132
-0.0573,0.0131
-0.0569,0.0130
-0.0566,0.0129
-0.0562,0.0128
-0.0558,0.0127
-0.0554,0.0126
-0.0550,0.0125
-0.0546,0.0124
-0.0542,0.0123
-0.0538,0.0122
-0.0534,0.0121
-0.0530,0.0121
-0.0526,0.0120
-0.0522,0.0119
-0.0518,0.0118
-0.0514,0.0117
-0.0510,0.0116
-0.0505,0.0115
-0.0501,0.0114
-0.0497,0.0113
-0.0493,0.0112
-0.0488,0.0111
-0.0484,0.0110
-0.0480,0.0109
-0.0475,0.0108
-0.0471,0.0107
-0.0466,0.0106
-0.0462,0.0105
-0.0457,0.0104
-0.0453,0.0103
-0.0448,0.0102
-0.0444,0.0101
-0.0439,0.0100
-0.0434,0.0099
-0.0429,0.0098
-0.0424,0.0097
-0.0420,0.0095
-0.0415,0.0094
-0.0410,0.0093
-0.0405,0.0092
-0.0400,0.0091
-0.0394,0.0090
-0.0389,0.0089
-0.0384,0.0088
-0.0379,0.0086
-0.0373,0.0085
-0.0368,0.0084
-0.0362,0.0083
-0.0357,0.0082
-0.0351,0.0081
-0.0345,0.0080
-0.0339,0.0079
-0.0333,0.0078
-0.0327,0.0076
-0.0321,0.0075
-0.0315,0.0074
-0.0308,0.0073
-0.0302,0.0072
-0.0295,0.0071
-0.0288,0.0069
-0.0281,0.0068
-0.0274,0.0067
-0.0267,0.0066
-0.0259,0.0064
-0.0251,0.0063
-0.0243,0.0062
-0.0235,0.0061
-0.0226,0.0060
-0.0217,0.0059
-0.0208,0.0058
-0.0199,0.0056
-0.0189,0.0055
-0.0178,0.0054
-0.0167,0.0052
-0.0155,0.0050
-0.0142,0.0048
-0.0127,0.0045
0.0000,0.0000
0.0000,0.0000
0.0000,0.0000
0.0000,0.0000
0.0000,0.0000
0.0000,0.0000
0.0000,0.0000
0.0000,0.0000
0.0000,0.0000
0.0000,0.0000
0.0000,0.0000
0.0000,0.0000
0.0000,0.0000
0.0000,0.0000
0.0000,0.0000
0.0000,0.0000
0.0000,0.0000
0.0000,0.0000
0.0000,0.0000
0.0000,0.0000
0.0000,0.0000
0.0000,0.0000
0.0000,0.0000
0.0000,0.0000
0.0000,0.0000
0.0000,0.0000
0.0000,0.0000
0.0000,0.0000
0.0000,0.0000
0.0000,0.0000
0.0000,0.0000
0.0000,0.0000
0.0000,0.0000
0.0000,0.0000
0.0000,0.0000
0.0000,0.0000
0.0000,0.0000
0.0000,0.0000
0.0000,0.0000
0.0000,0.0000
0.0000,0.0000
0.0000,0.0000
0.0000,0.0000
0.0000,0.0000
0.0000,0.0000
0.0000,0.0000
0.0000,0.0000
0.0000,0.0000
0.0000,0.0000
0.0000,0.0000
0.0000,0.0000
0.0000,0.0000
0.0000,0.0000
0.0000,0.0000
0.0000,0.0000
0.0000,0.0000
0.0000,0.0000
0.0000,0.0000
0.0000,0.0000
0.0000,0.0000
0.0000,0.0000
0.0000,0.0000
0.0000,0.0000
0.0000,0.0000
0.0000,0.0000
0.0000,0.0000
0.0000,0.0000
0.0000,0.0000
0.0000,0.0000
0.0000,0.0000
0.0000,0.0000
0.0000,0.0000
0.0000,0.0000
0.0000,0.0000
0.0000,0.0000
0.0000,0.0000
0.0000,0.0000
0.0000,0.0000
0.0000,0.0000
0.0000,0.0000
0.0000,0.0000
0.0000,0.0000
0.0000,0.0000
0.0000,0.0000
0.0000,0.0000
0.0000,0.0000
0.0000,0.0000
0.0000,0.0000
0.0000,0.0000
0.0000,0.0000
0.0000,0.0000
0.0000,0.0000
0.0000,0.0000
0.0000,0.0000
0.0000,0.0000
0.0000,0.0000
0.0000,0.0000
0.0000,0.0000
0.0000,0.0000
0.0000,0.0000
0.0000,0.0000
0.0000,0.0000
0.0000,0.0000
0.0000,0.0000
0.0000,0.0000
0.0000,0.0000
0.0000,0.0000
0.0000,0.0000
0.0000,0.0000
0.0000,0.0000
0.0000,0.0000
0.0000,0.0000
0.0000,0.0000
0.0000,0.0000
0.0000,0.0000
0.0000,0.0000
0.0000,0.0000
0.0000,0.0000
0.0000,0.0000
0.0000,0.0000
0.0000,0.0000
0.0000,0.0000
0.0000,0.0000
0.0000,0.0000
0.0000,0.0000
0.0000,0.0000
0.0000,0.0000
0.0000,0.0000
0.0000,0.0000
0.0000,0.0000
0.0000,0.0000
0.0000,0.0000
0.0000,0.0000
0.0000,0.0000
0.0000,0.0000
0.0000,0.0000
0.0000,0.0000
0.0000,0.0000
0.0000,0.0000
0.0000,0.0000
0.0000,0.0000
0.0000,0.0000
0.0000,0.0000
0.0000,0.0000
0.0000,0.0000
0.0000,0.0000
0.0000,0.0000
0.0000,0.0000
0.0000,0.0000
0.0000,0.0000
0.0000,0.0000
0.0000,0.0000
0.0000,0.0000
0.0000,0.0000
0.0000,0.0000
0.0000,0.0000
0.0000,0.0000
0.0000,0.0000
0.0000,0.0000
0.0000,0.0000
0.0000,0.0000
0.0000,0.0000
0.0000,0.0000
0.0000,0.0000
0.0000,0.0000
0.0000,0.0000
0.0000,0.0000
0.0000,0.0000
0.0000,0.0000
0.0000,0.0000
0.0000,0.0000
0.0000,0.0000
0.0000,0.0000
0.0000,0.0000
0.0000,0.0000
0.0000,0.0000
0.0000,0.0000
0.0000,0.0000
0.0000,0.0000
0.0000,0.0000
0.0000,0.0000
0.0000,0.0000
0.0000,0.0000
0.0000,0.0000
0.0000,0.0000
0.0000,0.0000
0.0000,0.0000
0.0000,0.0000
0.0000,0.0000
0.0000,0.0000
0.0000,0.0000
0.0000,0.0000
0.0000,0.0000
0.0000,0.0000
0.0000,0.0000
0.0000,0.0000
0.0000,0.0000
0.0000,0.0000
0.0000,0.0000
0.0000,0.0000
0.0000,0.0000
0.0000,0.0000
0.0000,0.0000
0.0000,0.0000
0.0000,0.0000
0.0000,0.0000
0.0000,0.0000
0.0000,0.0000
0.0000,0.0000
0.0000,0.0000
0.0000,0.0000
0.0000,0.0000
0.0000,0.0000
0.0000,0.0000
0.0000,0.0000
0.0000,0.0000
0.0000,0.0000
0.0000,0.0000
0.0000,0.0000
0.0000,0.0000
0.0000,0.0000
0.0000,0.0000
0.0000,0.0000
0.0000,0.0000
0.0000,0.0000
0.0000,0.0000
0.0000,0.0000
0.0000,0.0000
0.0000,0.0000
0.0000,0.0000
0.0000,0.0000
0.0000,0.0000
0.0000,0.0000
0.0000,0.0000
0.0000,0.0000
0.0000,0.0000
0.0000,0.0000
0.0000,0.0000
0.0000,0.0000
0.0000,0.0000
0.0000,0.0000
0.0000,0.0000
0.0000,0.0000
0.0000,0.0000
0.0000,0.0000
0.0000,0.0000
0.0000,0.0000
0.0000,0.0000
0.0000,0.0000
0.0000,0.0000
0.0000,0.0000
0.0000,0.0000
0.0000,0.0000
0.0000,0.0000
0.0000,0.0000
0.0000,0.0000
0.0000,0.0000
0.0000,0.0000
0.0000,0.0000
0.0000,0.0000
0.0000,0.0000
0.0000,0.0000
0.0000,0.0000
0.0000,0.0000
0.0000,0.0000
0.0000,0.0000
0.0000,0.0000
0.0000,0.0000
0.0000,0.0000
0.0000,0.0000
0.0000,0.0000
0.0000,0.0000
0.0000,0.0000
0.0000,0.0000
0.0000,0.0000
0.0000,0.0000
0.0000,0.0000
0.0000,0.0000
0.0000,0.0000
0.0000,0.0000
0.0000,0.0000
0.0000,0.0000
0.0000,0.0000
0.0000,0.0000
0.0000,0.0000
0.0000,0.0000
0.0000,0.0000
0.0000,0.0000
0.0000,0.0000
0.0000,0.0000
0.0000,0.0000
0.0000,0.0000
0.0000,0.0000
0.0000,0.0000
0.0000,0.0000
0.0000,0.0000
0.0000,0.0000
0.0000,0.0000
0.0000,0.0000
0.0000,0.0000
0.0000,0.0000
0.0000,0.0000
0.0000,0.0000
0.0000,0.0000
0.0000,0.0000
0.0000,0.0000
0.0000,0.0000
0.0000,0.0000
0.0000,0.0000
0.0000,0.0000
0.0000,0.0000
0.0000,0.0000
0.0000,0.0000
0.0000,0.0000
0.0000,0.0000
0.0000,0.0000
0.0000,0.0000
0.0000,0.0000
0.0000,0.0000
0.0000,0.0000
0.0000,0.0000
0.0000,0.0000
0.0000,0.0000
0.0000,0.0000
0.0000,0.0000
0.0000,0.0000
0.0000,0.0000
0.0000,0.0000
0.0000,0.0000
0.0000,0.0000
0.0000,0.0000
0.0000,0.0000
0.0000,0.0000
0.0000,0.0000
0.0000,0.0000
0.0000,0.0000
0.0000,0.0000
0.0000,0.0000
0.0000,0.0000
0.0000,0.0000
0.0000,0.0000
0.0000,0.0000
0.0000,0.0000
0.0000,0.0000
0.0000,0.0000
0.0000,0.0000
0.0000,0.0000
0.0000,0.0000
0.0000,0.0000
0.0000,0.0000
0.0000,0.0000
0.0000,0.0000
0.0000,0.0000
0.0000,0.0000
0.0000,0.0000
0.0000,0.0000
0.0000,0.0000
0.0000,0.0000
0.0000,0.0000
0.0000,0.0000
0.0000,0.0000
0.0000,0.0000
0.0000,0.0000
0.0000,0.0000
0.0000,0.0000
0.0000,0.0000
0.0000,0.0000
0.0000,0.0000
0.0000,0.0000
0.0000,0.0000
0.0000,0.0000
0.0000,0.0000
0.0000,0.0000
0.0000,0.0000
0.0000,0.0000
0.0000,0.0000
0.0000,0.0000
0.0000,0.0000
0.0000,0.0000
0.0000,0.0000
0.0000,0.0000
0.0000,0.0000
0.0000,0.0000
0.0000,0.0000
0.0000,0.0000
0.0000,0.0000
0.0000,0.0000
0.0000,0.0000
0.0000,0.0000
0.0000,0.0000
0.0000,0.0000
0.0000,0.0000
0.0000,0.0000
0.0000,0.0000
0.0000,0.0000
0.0000,0.0000
0.0000,0.0000
0.0000,0.0000
0.0000,0.0000
0.0000,0.0000
0.0000,0.0000
0.0000,0.0000
0.0000,0.0000
0.0000,0.0000
0.0000,0.0000
0.0000,0.0000
0.0000,0.0000
0.0000,0.0000
0.0000,0.0000
0.0000,0.0000
0.0000,0.0000
0.0000,0.0000
0.0000,0.0000
0.0000,0.0000
0.0000,0.0000
0.0000,0.0000
0.0000,0.0000
0.0000,0.0000
0.0000,0.0000
0.0000,0.0000
0.0000,0.0000
0.0000,0.0000
0.0000,0.0000
0.0000,0.0000
0.0000,0.0000
0.0000,0.0000
0.0000,0.0000
0.0000,0.0000
0.0000,0.0000
0.0000,0.0000
0.0000,0.0000
0.0000,0.0000
0.0000,0.0000
0.0000,0.0000
0.0000,0.0000
0.0000,0.0000
0.0000,0.0000
0.0000,0.0000
0.0000,0.0000
0.0000,0.0000
0.0000,0.0000
0.0000,0.0000
0.0000,0.0000
0.0000,0.0000
0.0000,0.0000
0.0000,0.0000
0.0000,0.0000
0.0000,0.0000
0.0000,0.0000
0.0000,0.0000
0.0000,0.0000
0.0000,0.0000
0.0000,0.0000
0.0000,0.0000
0.0000,0.0000
0.0000,0.0000
0.0000,0.0000
0.0000,0.0000
0.0000,0.0000
0.0000,0.0000
0.0000,0.0000
0.0000,0.0000
0.0000,0.0000
0.0000,0.0000
0.0000,0.0000
0.0000,0.0000
0.0000,0.0000
0.0000,0.0000
0.0000,0.0000
0.0000,0.0000
0.0000,0.0000
0.0000,0.0000
0.0000,0.0000
0.0000,0.0000
0.0000,0.0000
0.0000,0.0000
0.0000,0.0000
0.0000,0.0000
0.0000,0.0000
0.0000,0.0000
0.0000,0.0000
0.0000,0.0000
0.0000,0.0000
0.0000,0.0000
0.0000,0.0000
0.0000,0.0000
0.0000,0.0000
0.0000,0.0000
0.0000,0.0000
0.0000,0.0000
0.0000,0.0000
0.0000,0.0000
0.0000,0.0000
0.0000,0.0000
0.0000,0.0000
0.0000,0.0000
0.0000,0.0000
0.0000,0.0000
0.0000,0.0000
0.0000,0.0000
0.0000,0.0000
0.0000,0.0000
0.0000,0.0000
0.0000,0.0000
0.0000,0.0000
0.0000,0.0000
0.0000,0.0000
0.0000,0.0000
0.0000,0.0000
0.0000,0.0000
0.0000,0.0000
0.0000,0.0000
0.0000,0.0000
0.0000,0.0000
0.0000,0.0000
0.0000,0.0000
0.0000,0.0000
0.0000,0.0000
0.0000,0.0000
0.0000,0.0000
0.0000,0.0000
0.0000,0.0000
0.0000,0.0000
0.0000,0.0000
0.0000,0.0000
0.0000,0.0000
0.0000,0.0000
0.0000,0.0000
0.0000,0.0000
0.0000,0.0000
0.0000,0.0000
0.0000,0.0000
0.0000,0.0000
0.0000,0.0000
0.0000,0.0000
0.0000,0.0000
0.0000,0.0000
0.0000,0.0000
0.0000,0.0000
0.0000,0.0000
0.0000,0.0000
0.0000,0.0000
0.0000,0.0000
0.0000,0.0000
0.0000,0.0000
0.0000,0.0000
0.0000,0.0000
0.0000,0.0000
0.0000,0.0000
0.0000,0.0000
0.0000,0.0000
0.0000,0.0000
0.0000,0.0000
0.0000,0.0000
0.0000,0.0000
0.0000,0.0000
0.0000,0.0000
0.0000,0.0000
0.0000,0.0000
0.0000,0.0000
0.0000,0.0000
0.0000,0.0000
0.0000,0.0000
0.0000,0.0000
0.0000,0.0000
0.0000,0.0000
0.0000,0.0000
0.0000,0.0000
0.0000,0.0000
0.0000,0.0000
0.0000,0.0000
0.0000,0.0000
0.0000,0.0000
0.0000,0.0000
0.0000,0.0000
0.0000,0.0000
0.0000,0.0000
0.0000,0.0000
0.0000,0.0000
0.0000,0.0000
0.0000,0.0000
0.0000,0.0000
0.0000,0.0000
0.0000,0.0000
0.0000,0.0000
0.0000,0.0000
0.0000,0.0000
0.0000,0.0000
0.0000,0.0000
0.0000,0.0000
0.0000,0.0000
0.0000,0.0000
0.0000,0.0000
0.0000,0.0000
0.0000,0.0000
0.0000,0.0000
-0.5183
-0.4834
-0.4696
-0.4209
-0.4146
-0.3311
-0.2878
-0.2522
-0.2511
-0.2508
-0.2322
-0.2195
-0.2067
-0.1579
-0.1342
-0.1262
-0.1120
-0.0909
-0.0839
-0.0612
-0.0600
-0.0490
-0.0446
-0.0439
-0.0380
-0.0160
0.0060
0.0530
0.0533
0.0698
0.0733
0.0769
0.0861
0.0924
0.1326
0.1405
0.1445
0.1516
0.1650
0.1684
0.1834
0.1845
0.1913
0.1940
0.2030
0.2134
0.2210
0.2216
0.2238
0.2271
0.2381
0.2393
0.2402
0.2419
0.2457
0.2608
0.2636
0.2673
0.2740
0.2760
0.2765
0.2768
0.2779
0.2785
0.2865
0.2957
0.2967
0.2988
0.3055
0.3121
0.3146
0.3198
0.3213
0.3303
0.3303
0.3328
0.3372
0.3432
0.3458
0.3669
0.3696
0.3796
0.3868
0.3873
0.3985
0.4001
0.4041
0.4092
0.4125
0.4224
0.4261
0.4316
0.4342
0.4419
0.4491
0.4571
0.4577
0.4591
0.4618
0.4670
0.4708
0.4710
0.4713
0.4769
0.4787
0.4896
0.4904
0.4916
0.4948
0.5001
0.5006
0.5016
0.5032
0.5033
0.5093
0.5097
0.5107
0.5141
0.5142
0.5143
0.5171
0.5183
0.5191
0.5282
0.5283
0.5301
0.5349
0.5387
0.5399
0.5449
0.5454
0.5503
0.5606
0.5614
0.5638
0.5655
0.5703
0.5743
0.5752
0.5772
0.5784
0.5820
0.6019
0.6035
0.6107
0.6238
0.6334
0.6380
0.6394
0.6395
0.6405
0.6412
0.6434
0.6441
0.6565
0.6594
0.6601
0.6719
0.6733
0.6750
0.6849
0.6858
0.6883
0.6884
0.6937
0.7055
0.7057
0.7075
0.7110
0.7125
0.7141
0.7157
0.7170
0.7183
0.7218
0.7300
0.7306
0.7307
0.7313
0.7319
0.7409
0.7412
0.7433
0.7464
0.7465
0.7507
0.7527
0.7546
0.7560
0.7582
0.7614
0.7625
0.7638
0.7719
0.7743
0.7749
0.7750
0.7778
0.7786
0.7820
0.7836
0.7843
0.7844
0.7856
0.7888
0.7933
0.7964
0.7965
0.7966
0.7997
0.8011
0.8015
0.8054
0.8055
0.8059
0.8077
0.8098
0.8108
0.8118
0.8121
0.8134
0.8154
0.8209
0.8282
0.8311
0.8317
0.8356
0.8467
0.8494
0.8503
0.8522
0.8536
0.8540
0.8587
0.8599
0.8607
0.8648
0.8673
0.8703
0.8730
0.8755
0.8795
0.8795
0.8817
0.8825
0.8827
0.8849
0.8850
0.8859
0.8882
0.8892
0.8908
0.8950
0.8980
0.9026
0.9071
0.9104
0.9107
0.9127
0.9164
0.9164
0.9204
0.9243
0.9269
0.9293
0.9323
0.9329
0.9337
0.9357
0.9364
0.9414
0.9429
0.9442
0.9457
0.9480
0.9482
0.9525
0.9552
0.9581
0.9584
0.9597
0.9612
0.9638
0.9638
0.9686
0.9710
0.9718
0.9750
0.9758
0.9769
0.9804
0.9823
0.9832
0.9866
0.9880
0.9892
0.9901
0.9996
1.0030
1.0030
1.0078
1.0113
1.0131
1.0170
1.0200
1.0223
1.0234
1.0238
1.0240
1.0244
1.0263
1.0289
1.0291
1.0338
1.0358
1.0367
1.0368
1.0385
1.0398
1.0412
1.0412
1.0424
1.0458
1.0516
1.0545
1.0560
1.0583
1.0592
1.0596
1.0663
1.0682
1.0699
1.0703
1.0724
1.0753
1.0763
1.0773
1.0795
1.0796
1.0803
1.0848
1.0882
1.0897
1.0919
1.0992
1.0992
1.0993
1.1018
1.1093
1.1098
1.1180
1.1181
1.1269
1.1269
1.1317
1.1327
1.1356
1.1358
1.1364
1.1376
1.1385
1.1388
1.1388
1.1436
1.1459
1.1470
1.1520
1.1540
1.1573
1.1582
1.1675
1.1681
1.1755
1.1757
1.1794
1.1815
1.1818
1.1838
1.1851
1.1861
1.1863
1.1869
1.1880
1.1890
1.1894
1.1913
1.1919
1.1934
1.1973
1.2018
1.2032
1.2067
1.2154
1.2169
1.2171
1.2183
1.2221
1.2234
1.2244
1.2256
1.2297
1.2298
1.2312
1.2380
1.2399
1.2412
1.2421
1.2447
1.2476
1.2476
1.2479
1.2495
1.2528
1.2537
1.2565
1.2567
1.2569
1.2587
1.2610
1.2625
1.2682
1.2718
1.2728
1.2737
1.2799
1.2806
1.2839
1.2850
1.2851
1.2860
1.2862
1.2899
1.2914
1.2918
1.2978
1.2984
1.2989
1.3014
1.3014
1.3018
1.3030
1.3091
1.3100
1.3102
1.3133
1.3141
1.3158
1.3189
1.3211
1.3211
1.3231
1.3314
1.3388
1.3410
1.3429
1.3430
1.3507
1.3510
1.3510
1.3525
1.3526
1.3552
1.3571
1.3590
1.3606
1.3623
1.3648
1.3666
1.3735
1.3747
1.3766
1.3794
1.3922
1.3923
1.3925
1.3935
1.3950
1.3952
1.3977
1.4018
1.4037
1.4089
1.4097
1.4103
1.4141
1.4180
1.4192
1.4214
1.4216
1.4237
1.4238
1.4243
1.4255
1.4264
1.4265
1.4285
1.4311
1.4315
1.4329
1.4330
1.4332
1.4335
1.4366
1.4409
1.4424
1.4441
1.4444
1.4496
1.4504
1.4508
1.4550
1.4561
1.4583
1.4587
1.4623
1.4623
1.4697
1.4697
1.4716
1.4748
1.4754
1.4787
1.4822
1.4870
1.4884
1.4889
1.4912
1.4958
1.5004
1.5026
1.5033
1.5033
1.5066
1.5140
1.5178
1.5198
1.5217
1.5229
1.5247
1.5273
1.5293
1.5298
1.5301
1.5448
1.5467
1.5477
1.5500
1.5526
1.5559
1.5577
1.5590
1.5595
1.5600
1.5611
1.5649
1.5683
1.5689
1.5704
1.5739
1.5748
1.5756
1.5769
1.5774
1.5797
1.5866
1.5893
1.5928
1.5966
1.5988
1.5998
1.6042
1.6043
1.6043
1.6091
1.6093
1.6099
1.6103
1.6117
1.6126
1.6131
1.6174
1.6177
1.6182
1.6245
1.6255
1.6267
1.6268
1.6311
1.6444
1.6444
1.6474
1.6477
1.6522
1.6523
1.6534
1.6552
1.6576
1.6586
1.6593
1.6594
1.6621
1.6623
1.6655
1.6656
1.6678
1.6728
1.6737
1.6776
1.6799
1.6817
1.6840
1.6871
1.6881
1.6906
1.6955
1.7016
1.7044
1.7057
1.7061
1.7179
1.7211
1.7243
1.7276
1.7296
1.7327
1.7331
1.7348
1.7367
1.7393
1.7445
1.7451
1.7466
1.7491
1.7510
1.7521
1.7528
1.7541
1.7632
1.7650
1.7650
1.7698
1.7716
1.7731
1.7733
1.7737
1.7740
1.7752
1.7781
1.7822
1.7853
1.7894
1.7921
1.7925
1.7957
1.7968
1.7993
1.8025
1.8029
1.8035
1.8069
1.8092
1.8096
1.8100
1.8100
1.8106
1.8114
1.8119
1.8124
1.8153
1.8169
1.8184
1.8203
1.8204
1.8298
1.8300
1.8312
1.8335
1.8369
1.8415
1.8444
1.8455
1.8492
1.8528
1.8584
1.8619
1.8682
1.8736
1.8776
1.8791
1.8822
1.8861
1.8868
1.8878
1.8908
1.8961
1.8986
1.9000
1.9018
1.9068
1.9084
1.9147
1.9176
1.9193
1.9197
1.9206
1.9296
1.9331
1.9363
1.9420
1.9421
1.9460
1.9493
1.9576
1.9580
1.9623
1.9661
1.9724
1.9758
1.9783
1.9796
1.9847
1.9895
1.9925
1.9931
1.9962
1.9963
1.9970
2.0009
2.0106
2.0113
2.0121
2.0132
2.0137
2.0142
2.0202
2.0231
2.0232
2.0273
2.0280
2.0298
2.0310
2.0324
2.0427
2.0427
2.0433
2.0524
2.0551
2.0573
2.0589
2.0691
2.0707
2.0738
2.0898
2.0939
2.0953
2.0972
2.1021
2.1058
2.1082
2.1096
2.1126
2.1169
2.1174
2.1225
2.1286
2.1352
2.1352
2.1378
2.1412
2.1414
2.1418
2.1428
2.1480
2.1496
2.1571
2.1573
2.1584
2.1586
2.1590
2.1605
2.1615
2.1637
2.1637
2.1675
2.1694
2.1695
2.1695
2.1707
2.1847
2.1864
2.1896
2.1934
2.1944
2.1961
2.2143
2.2220
2.2229
2.2270
2.2271
2.2289
2.2326
2.2350
2.2360
2.2444
2.2448
2.2451
2.2461
2.2523
2.2568
2.2580
2.2586
2.2606
2.2710
2.2733
2.2795
2.2820
2.2840
2.2857
2.2888
2.2890
2.2895
2.2910
2.2936
2.2961
2.2994
2.3011
2.3041
2.3133
2.3189
2.3275
2.3361
2.3460
2.3482
2.3491
2.3516
2.3532
2.3538
2.3589
2.3740
2.3765
2.3777
2.3814
2.3903
2.3909
2.4009
2.4177
2.4340
2.4375
2.4447
2.4453
2.4500
2.4564
2.4618
2.4620
2.4653
2.4654
2.4658
2.4665
2.4687
2.4723
2.4759
2.4804
2.4869
2.4876
2.5113
2.5129
2.5194
2.5283
2.5405
2.5566
2.5651
2.5689
2.5777
2.5831
2.5854
2.5989
2.6136
2.6144
2.6171
2.6200
2.6216
2.6222
2.6310
2.6473
2.6536
2.6557
2.6686
2.6723
2.6732
2.6776
2.6843
2.6858
2.6890
2.6926
2.6952
2.7019
2.7100
2.7186
2.7227
2.7229
2.7376
2.7396
2.7459
2.7495
2.7503
2.7550
2.7580
2.7657
2.7673
2.7686
2.7939
2.7992
2.8057
2.8068
2.8153
2.8232
2.8297
2.8380
2.8415
2.8461
2.8487
2.8594
2.8599
2.8647
2.8778
2.8868
2.8885
2.8899
2.8951
2.9052
2.9190
2.9210
2.9348
2.9362
2.9502
2.9531
2.9562
2.9669
2.9845
2.9904
2.9942
3.0137
3.0193
3.0222
3.0354
3.0526
3.0570
3.0592
3.0731
3.0897
3.0932
3.1189
3.1389
3.1679
3.1853
3.2477
3.2753
3.2859
3.2950
3.3120
3.3230
3.3326
3.3447
3.3611
3.3637
3.3671
3.4116
3.4254
3.4488
3.4761
3.4838
3.4904
3.5028
3.5180
3.5586
3.5618
3.5643
3.5704
3.6556
3.6808
3.6868
3.7290
3.7487
3.7627
3.8062
3.8265
3.8372
3.8378
3.8778
3.9005
3.9307
3.9478
4.0214
4.2310
4.2331
4.2819
4.4062
4.5844
4.9225
6.7366
