1000
1000
-1.4688,0.1886
-1.3716,0.1866
-1.1601,0.1451
-1.0160,0.1365
-0.9129,0.1336
-0.8341,0.1300
-0.7704,0.1259
-0.7181,0.1220
-0.6746,0.1184
-0.6378,0.1149
-0.6059,0.1117
-0.5783,0.1090
-0.5539,0.1068
-0.5319,0.1040
-0.5123,0.1018
-0.4947,0.0998
-0.4787,0.0978
-0.4641,0.0961
-0.4506,0.0944
-0.4381,0.0927
-0.4266,0.0912
-0.4158,0.0895
-0.4057,0.0880
-0.3963,0.0866
-0.3875,0.0852
-0.3793,0.0839
-0.3715,0.0828
-0.3643,0.0818
-0.3573,0.0808
-0.3508,0.0798
-0.3445,0.0788
-0.3386,0.0779
-0.3330,0.0770
-0.3276,0.0761
-0.3224,0.0752
-0.3175,0.0743
-0.3127,0.0735
-0.3081,0.0726
-0.3037,0.0718
-0.2995,0.0710
-0.2954,0.0702
-0.2915,0.0694
-0.2876,0.0686
-0.2840,0.0679
-0.2805,0.0672
-0.2771,0.0665
-0.2738,0.0659
-0.2707,0.0653
-0.2676,0.0647
-0.2646,0.0641
-0.2618,0.0635
-0.2590,0.0629
-0.2563,0.0624
-0.2537,0.0619
-0.2512,0.0614
-0.2487,0.0609
-0.2463,0.0604
-0.2440,0.0599
-0.2417,0.0594
-0.2396,0.0590
-0.2374,0.0586
-0.2354,0.0582
-0.2333,0.0578
-0.2314,0.0575
-0.2295,0.0571
-0.2276,0.0568
-0.2258,0.0564
-0.2240,0.0561
-0.2222,0.0558
-0.2205,0.0555
-0.2188,0.0551
-0.2172,0.0548
-0.2156,0.0545
-0.2140,0.0543
-0.2125,0.0540
-0.2110,0.0537
-0.2095,0.0534
-0.2081,0.0531
-0.2066,0.0529
-0.2053,0.0526
-0.2039,0.0524
-0.2026,0.0521
-0.2012,0.0518
-0.1999,0.0516
-0.1987,0.0513
-0.1974,0.0510
-0.1962,0.0508
-0.1950,0.0505
-0.1938,0.0502
-0.1927,0.0500
-0.1915,0.0497
-0.1904,0.0495
-0.1893,0.0493
-0.1882,0.0490
-0.1871,0.0488
-0.1861,0.0486
-0.1851,0.0483
-0.1840,0.0481
-0.1830,0.0479
-0.1821,0.0477
-0.1811,0.0475
-0.1801,0.0473
-0.1792,0.0471
-0.1783,0.0469
-0.1773,0.0467
-0.1764,0.0465
-0.1756,0.0463
-0.1747,0.0461
-0.1738,0.0459
-0.1730,0.0457
-0.1721,0.0456
-0.1713,0.0454
-0.1705,0.0452
-0.1697,0.0450
-0.1689,0.0449
-0.1681,0.0447
-0.1673,0.0445
-0.1665,0.0443
-0.1658,0.0442
-0.1650,0.0440
-0.1643,0.0438
-0.1636,0.0437
-0.1628,0.0435
-0.1621,0.0433
-0.1614,0.0432
-0.1607,0.0430
-0.1600,0.0428
-0.1594,0.0427
-0.1587,0.0425
-0.1580,0.0423
-0.1574,0.0422
-0.1567,0.0420
-0.1561,0.0418
-0.1554,0.0417
-0.1548,0.0415
-0.1542,0.0414
-0.1535,0.0412
-0.1529,0.0411
-0.1523,0.0409
-0.1517,0.0407
-0.1511,0.0406
-0.1505,0.0404
-0.1500,0.0403
-0.1494,0.0401
-0.1488,0.0400
-0.1482,0.0398
-0.1477,0.0397
-0.1471,0.0395
-0.1466,0.0394
-0.1460,0.0392
-0.1455,0.0391
-0.1450,0.0389
-0.1444,0.0388
-0.1439,0.0386
-0.1434,0.0385
-0.1428,0.0383
-0.1423,0.0382
-0.1418,0.0380
-0.1413,0.0379
-0.1408,0.0377
-0.1403,0.0376
-0.1398,0.0374
-0.1393,0.0373
-0.1388,0.0372
-0.1384,0.0370
-0.1379,0.0369
-0.1374,0.0367
-0.1370,0.0366
-0.1365,0.0365
-0.1360,0.0363
-0.1356,0.0362
-0.1351,0.0361
-0.1347,0.0359
-0.1342,0.0358
-0.1338,0.0357
-0.1334,0.0355
-0.1329,0.0354
-0.1325,0.0353
-0.1321,0.0352
-0.1316,0.0350
-0.1312,0.0349
-0.1308,0.0348
-0.1304,0.0347
-0.1300,0.0345
-0.1296,0.0344
-0.1291,0.0343
-0.1287,0.0342
-0.1283,0.0340
-0.1279,0.0339
-0.1276,0.0338
-0.1272,0.0337
-0.1268,0.0336
-0.1264,0.0335
-0.1260,0.0333
-0.1256,0.0332
-0.1252,0.0331
-0.1249,0.0330
-0.1245,0.0329
-0.1241,0.0328
-0.1238,0.0327
-0.1234,0.0326
-0.1230,0.0324
-0.1227,0.0323
-0.1223,0.0322
-0.1220,0.0321
-0.1216,0.0320
-0.1213,0.0319
-0.1209,0.0318
-0.1206,0.0317
-0.1202,0.0316
-0.1199,0.0315
-0.1195,0.0314
-0.1192,0.0313
-0.1189,0.0312
-0.1185,0.0311
-0.1182,0.0310
-0.1179,0.0309
-0.1175,0.0308
-0.1172,0.0307
-0.1169,0.0306
-0.1166,0.0305
-0.1162,0.0304
-0.1159,0.0303
-0.1156,0.0302
-0.1153,0.0301
-0.1150,0.0300
-0.1147,0.0299
-0.1144,0.0298
-0.1141,0.0297
-0.1137,0.0296
-0.1134,0.0295
-0.1131,0.0294
-0.1128,0.0293
-0.1125,0.0292
-0.1122,0.0291
-0.1119,0.0290
-0.1116,0.0290
-0.1113,0.0289
-0.1111,0.0288
-0.1108,0.0287
-0.1105,0.0286
-0.1102,0.0285
-0.1099,0.0284
-0.1096,0.0283
-0.1093,0.0282
-0.1091,0.0281
-0.1088,0.0280
-0.1085,0.0280
-0.1082,0.0279
-0.1079,0.0278
-0.1077,0.0277
-0.1074,0.0276
-0.1071,0.0275
-0.1068,0.0274
-0.1066,0.0274
-0.1063,0.0273
-0.1060,0.0272
-0.1058,0.0271
-0.1055,0.0270
-0.1053,0.0269
-0.1050,0.0269
-0.1047,0.0268
-0.1045,0.0267
-0.1042,0.0266
-0.1040,0.0265
-0.1037,0.0265
-0.1035,0.0264
-0.1032,0.0263
-0.1030,0.0262
-0.1027,0.0262
-0.1025,0.0261
-0.1022,0.0260
-0.1020,0.0259
-0.1017,0.0258
-0.1015,0.0258
-0.1012,0.0257
-0.1010,0.0256
-0.1008,0.0256
-0.1005,0.0255
-0.1003,0.0254
-0.1000,0.0253
-0.0998,0.0253
-0.0996,0.0252
-0.0993,0.0251
-0.0991,0.0250
-0.0989,0.0250
-0.0986,0.0249
-0.0984,0.0248
-0.0982,0.0248
-0.0979,0.0247
-0.0977,0.0246
-0.0975,0.0246
-0.0972,0.0245
-0.0970,0.0244
-0.0968,0.0244
-0.0966,0.0243
-0.0963,0.0242
-0.0961,0.0241
-0.0959,0.0241
-0.0957,0.0240
-0.0954,0.0239
-0.0952,0.0239
-0.0950,0.0238
-0.0948,0.0237
-0.0946,0.0237
-0.0943,0.0236
-0.0941,0.0235
-0.0939,0.0235
-0.0937,0.0234
-0.0935,0.0233
-0.0932,0.0233
-0.0930,0.0232
-0.0928,0.0232
-0.0926,0.0231
-0.0924,0.0230
-0.0922,0.0230
-0.0920,0.0229
-0.0917,0.0228
-0.0915,0.0228
-0.0913,0.0227
-0.0911,0.0226
-0.0909,0.0226
-0.0907,0.0225
-0.0905,0.0225
-0.0903,0.0224
-0.0901,0.0223
-0.0899,0.0223
-0.0897,0.0222
-0.0894,0.0221
-0.0892,0.0221
-0.0890,0.0220
-0.0888,0.0220
-0.0886,0.0219
-0.0884,0.0218
-0.0882,0.0218
-0.0880,0.0217
-0.0878,0.0216
-0.0876,0.0216
-0.0874,0.0215
-0.0872,0.0215
-0.0870,0.0214
-0.0868,0.0213
-0.0866,0.0213
-0.0864,0.0212
-0.0862,0.0212
-0.0860,0.0211
-0.0858,0.0210
-0.0856,0.0210
-0.0854,0.0209
-0.0853,0.0209
-0.0851,0.0208
-0.0849,0.0207
-0.0847,0.0207
-0.0845,0.0206
-0.0843,0.0206
-0.0841,0.0205
-0.0839,0.0204
-0.0837,0.0204
-0.0835,0.0203
-0.0833,0.0203
-0.0832,0.0202
-0.0830,0.0201
-0.0828,0.0201
-0.0826,0.0200
-0.0824,0.0200
-0.0822,0.0199
-0.0820,0.0199
-0.0818,0.0198
-0.0817,0.0198
-0.0815,0.0197
-0.0813,0.0196
-0.0811,0.0196
-0.0809,0.0195
-0.0807,0.0195
-0.0806,0.0194
-0.0804,0.0194
-0.0802,0.0193
-0.0800,0.0193
-0.0798,0.0192
-0.0796,0.0191
-0.0795,0.0191
-0.0793,0.0190
-0.0791,0.0190
-0.0789,0.0189
-0.0787,0.0189
-0.0786,0.0188
-0.0784,0.0188
-0.0782,0.0187
-0.0780,0.0187
-0.0778,0.0186
-0.0777,0.0185
-0.0775,0.0185
-0.0773,0.0184
-0.0771,0.0184
-0.0770,0.0183
-0.0768,0.0183
-0.0766,0.0182
-0.0764,0.0182
-0.0763,0.0181
-0.0761,0.0181
-0.0759,0.0180
-0.0757,0.0180
-0.0756,0.0179
-0.0754,0.0179
-0.0752,0.0178
-0.0750,0.0178
-0.0749,0.0177
-0.0747,0.0176
-0.0745,0.0176
-0.0744,0.0175
-0.0742,0.0175
-0.0740,0.0174
-0.0738,0.0174
-0.0737,0.0173
-0.0735,0.0173
-0.0733,0.0172
-0.0731,0.0172
-0.0730,0.0171
-0.0728,0.0171
-0.0726,0.0170
-0.0725,0.0170
-0.0723,0.0169
-0.0721,0.0169
-0.0719,0.0168
-0.0718,0.0168
-0.0716,0.0167
-0.0714,0.0167
-0.0713,0.0166
-0.0711,0.0166
-0.0709,0.0165
-0.0708,0.0165
-0.0706,0.0164
-0.0704,0.0164
-0.0702,0.0163
-0.0701,0.0163
-0.0699,0.0162
-0.0697,0.0162
-0.0696,0.0161
-0.0694,0.0161
-0.0692,0.0160
-0.0691,0.0160
-0.0689,0.0159
-0.0687,0.0159
-0.0686,0.0158
-0.0684,0.0158
-0.0682,0.0157
-0.0680,0.0157
-0.0679,0.0156
-0.0677,0.0156
-0.0675,0.0156
-0.0674,0.0155
-0.0672,0.0155
-0.0670,0.0154
-0.0669,0.0154
-0.0667,0.0153
-0.0665,0.0153
-0.0664,0.0152
-0.0662,0.0152
-0.0660,0.0152
-0.0659,0.0151
-0.0657,0.0151
-0.0655,0.0150
-0.0654,0.0150
-0.0652,0.0149
-0.0650,0.0149
-0.0649,0.0148
-0.0647,0.0148
-0.0645,0.0148
-0.0644,0.0147
-0.0642,0.0147
-0.0640,0.0146
-0.0639,0.0146
-0.0637,0.0145
-0.0636,0.0145
-0.0634,0.0145
-0.0632,0.0144
-0.0631,0.0144
-0.0629,0.0143
-0.0627,0.0143
-0.0626,0.0142
-0.0624,0.0142
-0.0622,0.0141
-0.0621,0.0141
-0.0619,0.0141
-0.0617,0.0140
-0.0616,0.0140
-0.0614,0.0139
-0.0612,0.0139
-0.0611,0.0138
-0.0609,0.0138
-0.0607,0.0137
-0.0606,0.0137
-0.0604,0.0137
-0.0602,0.0136
-0.0600,0.0136
-0.0599,0.0135
-0.0597,0.0135
-0.0595,0.0134
-0.0594,0.0134
-0.0592,0.0133
-0.0590,0.0133
-0.0589,0.0133
-0.0587,0.0132
-0.0585,0.0132
-0.0584,0.0131
-0.0582,0.0131
-0.0580,0.0130
-0.0579,0.0130
-0.0577,0.0129
-0.0575,0.0129
-0.0574,0.0129
-0.0572,0.0128
-0.0570,0.0128
-0.0568,0.0127
-0.0567,0.0127
-0.0565,0.0126
-0.0563,0.0126
-0.0562,0.0125
-0.0560,0.0125
-0.0558,0.0124
-0.0556,0.0124
-0.0555,0.0123
-0.0553,0.0123
-0.0551,0.0122
-0.0550,0.0122
-0.0548,0.0121
-0.0546,0.0121
-0.0544,0.0120
-0.0543,0.0120
-0.0541,0.0119
-0.0539,0.0119
-0.0538,0.0118
-0.0536,0.0118
-0.0534,0.0117
-0.0532,0.0117
-0.0531,0.0116
-0.0529,0.0116
-0.0527,0.0115
-0.0525,0.0115
-0.0524,0.0115
-0.0522,0.0114
-0.0520,0.0114
-0.0519,0.0113
-0.0517,0.0113
-0.0515,0.0112
-0.0513,0.0112
-0.0512,0.0111
-0.0510,0.0111
-0.0508,0.0110
-0.0506,0.0110
-0.0504,0.0109
-0.0503,0.0109
-0.0501,0.0108
-0.0499,0.0108
-0.0497,0.0107
-0.0496,0.0107
-0.0494,0.0106
-0.0492,0.0106
-0.0490,0.0105
-0.0488,0.0105
-0.0487,0.0104
-0.0485,0.0104
-0.0483,0.0103
-0.0481,0.0103
-0.0479,0.0103
-0.0478,0.0102
-0.0476,0.0102
-0.0474,0.0101
-0.0472,0.0101
-0.0470,0.0100
-0.0469,0.0100
-0.0467,0.0099
-0.0465,0.0099
-0.0463,0.0099
-0.0461,0.0098
-0.0460,0.0098
-0.0458,0.0097
-0.0456,0.0097
-0.0454,0.0096
-0.0452,0.0096
-0.0450,0.0095
-0.0448,0.0095
-0.0446,0.0094
-0.0445,0.0094
-0.0443,0.0093
-0.0441,0.0093
-0.0439,0.0092
-0.0437,0.0092
-0.0435,0.0091
-0.0433,0.0091
-0.0431,0.0091
-0.0429,0.0090
-0.0427,0.0090
-0.0425,0.0089
-0.0423,0.0089
-0.0421,0.0088
-0.0420,0.0088
-0.0418,0.0087
-0.0416,0.0087
-0.0414,0.0086
-0.0412,0.0086
-0.0410,0.0085
-0.0408,0.0085
-0.0406,0.0084
-0.0404,0.0084
-0.0402,0.0083
-0.0400,0.0083
-0.0398,0.0082
-0.0396,0.0082
-0.0394,0.0082
-0.0392,0.0081
-0.0389,0.0081
-0.0387,0.0080
-0.0385,0.0080
-0.0383,0.0079
-0.0381,0.0079
-0.0379,0.0078
-0.0377,0.0078
-0.0375,0.0077
-0.0373,0.0077
-0.0371,0.0076
-0.0368,0.0076
-0.0366,0.0075
-0.0364,0.0075
-0.0362,0.0074
-0.0360,0.0074
-0.0358,0.0073
-0.0355,0.0073
-0.0353,0.0072
-0.0351,0.0072
-0.0349,0.0072
-0.0347,0.0071
-0.0344,0.0071
-0.0342,0.0070
-0.0340,0.0070
-0.0337,0.0069
-0.0335,0.0069
-0.0333,0.0068
-0.0331,0.0068
-0.0328,0.0067
-0.0326,0.0067
-0.0324,0.0066
-0.0321,0.0066
-0.0319,0.0065
-0.0316,0.0065
-0.0314,0.0065
-0.0311,0.0064
-0.0309,0.0064
-0.0306,0.0063
-0.0304,0.0063
-0.0301,0.0062
-0.0299,0.0062
-0.0296,0.0061
-0.0294,0.0061
-0.0291,0.0060
-0.0289,0.0060
-0.0286,0.0059
-0.0283,0.0059
-0.0281,0.0058
-0.0278,0.0058
-0.0275,0.0058
-0.0273,0.0057
-0.0270,0.0057
-0.0267,0.0056
-0.0264,0.0056
-0.0261,0.0055
-0.0258,0.0054
-0.0256,0.0054
-0.0253,0.0053
-0.0250,0.0053
-0.0247,0.0052
-0.0244,0.0052
-0.0241,0.0051
-0.0238,0.0051
-0.0234,0.0050
-0.0231,0.0050
-0.0228,0.0049
-0.0225,0.0049
-0.0222,0.0048
-0.0218,0.0048
-0.0215,0.0047
-0.0211,0.0047
-0.0208,0.0046
-0.0204,0.0046
-0.0201,0.0045
-0.0197,0.0045
-0.0193,0.0044
-0.0190,0.0043
-0.0186,0.0043
-0.0182,0.0042
-0.0178,0.0041
-0.0174,0.0041
-0.0169,0.0040
-0.0165,0.0039
-0.0161,0.0038
-0.0156,0.0038
-0.0151,0.0037
-0.0146,0.0036
-0.0141,0.0035
-0.0136,0.0035
-0.0131,0.0034
-0.0126,0.0033
-0.0120,0.0032
-0.0114,0.0032
-0.0108,0.0031
-0.0101,0.0030
-0.0094,0.0029
-0.0086,0.0028
-0.0077,0.0027
0.0000,0.0000
0.0000,0.0000
0.0000,0.0000
0.0000,0.0000
0.0000,0.0000
0.0000,0.0000
0.0000,0.0000
0.0000,0.0000
0.0000,0.0000
0.0000,0.0000
0.0000,0.0000
0.0000,0.0000
0.0000,0.0000
0.0000,0.0000
0.0000,0.0000
0.0000,0.0000
0.0000,0.0000
0.0000,0.0000
0.0000,0.0000
0.0000,0.0000
0.0000,0.0000
0.0000,0.0000
0.0000,0.0000
0.0000,0.0000
0.0000,0.0000
0.0000,0.0000
0.0000,0.0000
0.0000,0.0000
0.0000,0.0000
0.0000,0.0000
0.0000,0.0000
0.0000,0.0000
0.0000,0.0000
0.0000,0.0000
0.0000,0.0000
0.0000,0.0000
0.0000,0.0000
0.0000,0.0000
0.0000,0.0000
0.0000,0.0000
0.0000,0.0000
0.0000,0.0000
0.0000,0.0000
0.0000,0.0000
0.0000,0.0000
0.0000,0.0000
0.0000,0.0000
0.0000,0.0000
0.0000,0.0000
0.0000,0.0000
0.0000,0.0000
0.0000,0.0000
0.0000,0.0000
0.0000,0.0000
0.0000,0.0000
0.0000,0.0000
0.0000,0.0000
0.0000,0.0000
0.0000,0.0000
0.0000,0.0000
0.0000,0.0000
0.0000,0.0000
0.0000,0.0000
0.0000,0.0000
0.0000,0.0000
0.0000,0.0000
0.0000,0.0000
0.0000,0.0000
0.0000,0.0000
0.0000,0.0000
0.0000,0.0000
0.0000,0.0000
0.0000,0.0000
0.0000,0.0000
0.0000,0.0000
0.0000,0.0000
0.0000,0.0000
0.0000,0.0000
0.0000,0.0000
0.0000,0.0000
0.0000,0.0000
0.0000,0.0000
0.0000,0.0000
0.0000,0.0000
0.0000,0.0000
0.0000,0.0000
0.0000,0.0000
0.0000,0.0000
0.0000,0.0000
0.0000,0.0000
0.0000,0.0000
0.0000,0.0000
0.0000,0.0000
0.0000,0.0000
0.0000,0.0000
0.0000,0.0000
0.0000,0.0000
0.0000,0.0000
0.0000,0.0000
0.0000,0.0000
0.0000,0.0000
0.0000,0.0000
0.0000,0.0000
0.0000,0.0000
0.0000,0.0000
0.0000,0.0000
0.0000,0.0000
0.0000,0.0000
0.0000,0.0000
0.0000,0.0000
0.0000,0.0000
0.0000,0.0000
0.0000,0.0000
0.0000,0.0000
0.0000,0.0000
0.0000,0.0000
0.0000,0.0000
0.0000,0.0000
0.0000,0.0000
0.0000,0.0000
0.0000,0.0000
0.0000,0.0000
0.0000,0.0000
0.0000,0.0000
0.0000,0.0000
0.0000,0.0000
0.0000,0.0000
0.0000,0.0000
0.0000,0.0000
0.0000,0.0000
0.0000,0.0000
0.0000,0.0000
0.0000,0.0000
0.0000,0.0000
0.0000,0.0000
0.0000,0.0000
0.0000,0.0000
0.0000,0.0000
0.0000,0.0000
0.0000,0.0000
0.0000,0.0000
0.0000,0.0000
0.0000,0.0000
0.0000,0.0000
0.0000,0.0000
0.0000,0.0000
0.0000,0.0000
0.0000,0.0000
0.0000,0.0000
0.0000,0.0000
0.0000,0.0000
0.0000,0.0000
0.0000,0.0000
0.0000,0.0000
0.0000,0.0000
0.0000,0.0000
0.0000,0.0000
0.0000,0.0000
0.0000,0.0000
0.0000,0.0000
0.0000,0.0000
0.0000,0.0000
0.0000,0.0000
0.0000,0.0000
0.0000,0.0000
0.0000,0.0000
0.0000,0.0000
0.0000,0.0000
0.0000,0.0000
0.0000,0.0000
0.0000,0.0000
0.0000,0.0000
0.0000,0.0000
0.0000,0.0000
0.0000,0.0000
0.0000,0.0000
0.0000,0.0000
0.0000,0.0000
0.0000,0.0000
0.0000,0.0000
0.0000,0.0000
0.0000,0.0000
0.0000,0.0000
0.0000,0.0000
0.0000,0.0000
0.0000,0.0000
0.0000,0.0000
0.0000,0.0000
0.0000,0.0000
0.0000,0.0000
0.0000,0.0000
0.0000,0.0000
0.0000,0.0000
0.0000,0.0000
0.0000,0.0000
0.0000,0.0000
0.0000,0.0000
0.0000,0.0000
0.0000,0.0000
0.0000,0.0000
0.0000,0.0000
0.0000,0.0000
0.0000,0.0000
0.0000,0.0000
0.0000,0.0000
0.0000,0.0000
0.0000,0.0000
0.0000,0.0000
0.0000,0.0000
0.0000,0.0000
0.0000,0.0000
0.0000,0.0000
0.0000,0.0000
0.0000,0.0000
0.0000,0.0000
0.0000,0.0000
0.0000,0.0000
0.0000,0.0000
0.0000,0.0000
0.0000,0.0000
0.0000,0.0000
0.0000,0.0000
0.0000,0.0000
0.0000,0.0000
0.0000,0.0000
0.0000,0.0000
0.0000,0.0000
0.0000,0.0000
0.0000,0.0000
0.0000,0.0000
0.0000,0.0000
0.0000,0.0000
0.0000,0.0000
0.0000,0.0000
0.0000,0.0000
0.0000,0.0000
0.0000,0.0000
0.0000,0.0000
0.0000,0.0000
0.0000,0.0000
0.0000,0.0000
0.0000,0.0000
0.0000,0.0000
0.0000,0.0000
0.0000,0.0000
0.0000,0.0000
0.0000,0.0000
0.0000,0.0000
0.0000,0.0000
0.0000,0.0000
0.0000,0.0000
0.0000,0.0000
0.0000,0.0000
0.0000,0.0000
0.0000,0.0000
0.0000,0.0000
0.0000,0.0000
0.0000,0.0000
0.0000,0.0000
0.0000,0.0000
0.0000,0.0000
0.0000,0.0000
0.0000,0.0000
0.0000,0.0000
0.0000,0.0000
0.0000,0.0000
0.0000,0.0000
0.0000,0.0000
0.0000,0.0000
0.0000,0.0000
0.0000,0.0000
0.0000,0.0000
0.0000,0.0000
0.0000,0.0000
0.0000,0.0000
0.0000,0.0000
0.0000,0.0000
0.0000,0.0000
0.0000,0.0000
0.0000,0.0000
0.0000,0.0000
0.0000,0.0000
0.0000,0.0000
0.0000,0.0000
0.0000,0.0000
0.0000,0.0000
0.0000,0.0000
0.0000,0.0000
0.0000,0.0000
0.0000,0.0000
0.0000,0.0000
-0.4585
-0.3685
-0.3653
-0.2406
-0.2119
-0.2001
-0.1600
-0.1365
-0.1226
-0.0412
0.0389
0.0598
0.0599
0.1023
0.1083
0.1110
0.1207
0.1361
0.1475
0.1670
0.1850
0.2063
0.2104
0.2213
0.2271
0.2321
0.2380
0.2447
0.2482
0.2499
0.2535
0.2597
0.2681
0.2750
0.2836
0.2885
0.2893
0.3044
0.3044
0.3108
0.3119
0.3138
0.3171
0.3423
0.3439
0.3539
0.3586
0.3618
0.3896
0.3936
0.3961
0.4008
0.4070
0.4089
0.4097
0.4124
0.4132
0.4149
0.4190
0.4466
0.4473
0.4820
0.4825
0.4882
0.4903
0.4927
0.4951
0.5003
0.5026
0.5031
0.5047
0.5078
0.5181
0.5286
0.5296
0.5306
0.5322
0.5347
0.5433
0.5444
0.5474
0.5551
0.5607
0.5634
0.5642
0.5736
0.5743
0.5762
0.5765
0.5810
0.5813
0.5895
0.5902
0.5947
0.6017
0.6029
0.6032
0.6055
0.6168
0.6185
0.6217
0.6236
0.6249
0.6307
0.6311
0.6323
0.6375
0.6376
0.6379
0.6392
0.6403
0.6426
0.6548
0.6637
0.6659
0.6697
0.6729
0.6807
0.6833
0.6916
0.7041
0.7063
0.7096
0.7125
0.7129
0.7184
0.7425
0.7460
0.7485
0.7499
0.7516
0.7538
0.7551
0.7631
0.7632
0.7675
0.7677
0.7685
0.7696
0.7761
0.7785
0.7888
0.7900
0.7913
0.7929
0.7937
0.7979
0.7992
0.8051
0.8086
0.8114
0.8154
0.8170
0.8172
0.8210
0.8238
0.8251
0.8279
0.8287
0.8290
0.8312
0.8352
0.8380
0.8459
0.8473
0.8485
0.8486
0.8538
0.8549
0.8559
0.8567
0.8598
0.8679
0.8697
0.8712
0.8747
0.8750
0.8798
0.8801
0.8828
0.8839
0.8852
0.8861
0.8878
0.8911
0.8915
0.8923
0.8925
0.8935
0.8942
0.8950
0.8990
0.9002
0.9030
0.9032
0.9040
0.9041
0.9059
0.9069
0.9108
0.9119
0.9126
0.9138
0.9177
0.9180
0.9202
0.9205
0.9230
0.9259
0.9260
0.9270
0.9292
0.9328
0.9370
0.9409
0.9411
0.9507
0.9551
0.9562
0.9568
0.9580
0.9612
0.9623
0.9672
0.9692
0.9701
0.9703
0.9709
0.9713
0.9725
0.9744
0.9749
0.9757
0.9767
0.9870
0.9890
0.9923
0.9927
0.9953
0.9953
0.9971
0.9972
0.9973
0.9985
1.0012
1.0041
1.0053
1.0077
1.0092
1.0109
1.0110
1.0181
1.0202
1.0213
1.0359
1.0373
1.0388
1.0396
1.0422
1.0440
1.0449
1.0471
1.0486
1.0508
1.0519
1.0526
1.0542
1.0600
1.0612
1.0613
1.0649
1.0727
1.0740
1.0767
1.0780
1.0783
1.0785
1.0806
1.0807
1.0824
1.0836
1.0898
1.0912
1.0926
1.0960
1.0989
1.1017
1.1023
1.1095
1.1116
1.1128
1.1130
1.1132
1.1142
1.1189
1.1221
1.1244
1.1260
1.1260
1.1297
1.1304
1.1318
1.1384
1.1410
1.1426
1.1431
1.1465
1.1465
1.1493
1.1517
1.1520
1.1554
1.1572
1.1585
1.1592
1.1602
1.1609
1.1612
1.1626
1.1659
1.1696
1.1710
1.1747
1.1785
1.1797
1.1814
1.1845
1.1873
1.1894
1.1897
1.1907
1.1920
1.1935
1.1938
1.1952
1.1995
1.2122
1.2152
1.2196
1.2208
1.2249
1.2283
1.2350
1.2363
1.2366
1.2375
1.2375
1.2388
1.2389
1.2411
1.2442
1.2447
1.2456
1.2467
1.2475
1.2508
1.2537
1.2600
1.2620
1.2637
1.2653
1.2658
1.2713
1.2785
1.2821
1.2829
1.2837
1.2847
1.2855
1.2873
1.2881
1.2944
1.2946
1.3013
1.3019
1.3034
1.3035
1.3059
1.3064
1.3070
1.3072
1.3121
1.3151
1.3194
1.3202
1.3220
1.3242
1.3249
1.3278
1.3335
1.3415
1.3434
1.3469
1.3479
1.3503
1.3539
1.3556
1.3572
1.3585
1.3594
1.3637
1.3658
1.3662
1.3689
1.3719
1.3739
1.3794
1.3802
1.3809
1.3910
1.3914
1.3958
1.3997
1.3998
1.4050
1.4068
1.4132
1.4135
1.4146
1.4169
1.4180
1.4187
1.4195
1.4210
1.4252
1.4286
1.4300
1.4314
1.4329
1.4344
1.4362
1.4366
1.4421
1.4421
1.4426
1.4481
1.4484
1.4502
1.4514
1.4522
1.4584
1.4592
1.4610
1.4616
1.4692
1.4712
1.4741
1.4779
1.4803
1.4819
1.4841
1.4848
1.4855
1.4911
1.4919
1.5002
1.5009
1.5012
1.5071
1.5080
1.5085
1.5091
1.5152
1.5160
1.5173
1.5193
1.5195
1.5206
1.5210
1.5214
1.5241
1.5279
1.5282
1.5299
1.5350
1.5369
1.5380
1.5478
1.5482
1.5504
1.5550
1.5551
1.5563
1.5672
1.5681
1.5688
1.5698
1.5713
1.5721
1.5722
1.5731
1.5735
1.5754
1.5762
1.5768
1.5857
1.5857
1.5888
1.5895
1.5898
1.5901
1.5925
1.5944
1.5950
1.5954
1.6028
1.6072
1.6161
1.6168
1.6186
1.6189
1.6283
1.6336
1.6398
1.6409
1.6456
1.6474
1.6475
1.6483
1.6484
1.6572
1.6574
1.6592
1.6596
1.6614
1.6639
1.6650
1.6658
1.6669
1.6727
1.6744
1.6745
1.6758
1.6765
1.6774
1.6785
1.6813
1.6814
1.6816
1.6831
1.6894
1.6906
1.6976
1.6977
1.6978
1.7006
1.7006
1.7070
1.7077
1.7099
1.7117
1.7120
1.7125
1.7139
1.7140
1.7169
1.7195
1.7223
1.7233
1.7255
1.7268
1.7274
1.7324
1.7327
1.7327
1.7349
1.7373
1.7400
1.7402
1.7436
1.7460
1.7503
1.7535
1.7540
1.7573
1.7652
1.7673
1.7679
1.7711
1.7720
1.7760
1.7815
1.7819
1.7850
1.7853
1.7861
1.7875
1.7916
1.7945
1.8030
1.8060
1.8116
1.8117
1.8138
1.8191
1.8237
1.8239
1.8257
1.8273
1.8284
1.8309
1.8362
1.8385
1.8401
1.8430
1.8468
1.8486
1.8488
1.8493
1.8524
1.8551
1.8555
1.8556
1.8566
1.8575
1.8584
1.8594
1.8600
1.8613
1.8621
1.8638
1.8751
1.8754
1.8781
1.8785
1.8812
1.8875
1.8881
1.8883
1.8949
1.9137
1.9146
1.9168
1.9197
1.9201
1.9204
1.9216
1.9231
1.9260
1.9388
1.9404
1.9494
1.9540
1.9644
1.9664
1.9708
1.9716
1.9723
1.9744
1.9745
1.9749
1.9753
1.9772
1.9773
1.9782
1.9832
1.9836
1.9875
1.9894
1.9921
1.9962
1.9962
1.9982
1.9988
2.0042
2.0073
2.0104
2.0151
2.0182
2.0212
2.0217
2.0223
2.0254
2.0281
2.0287
2.0287
2.0290
2.0300
2.0302
2.0328
2.0342
2.0414
2.0424
2.0440
2.0497
2.0523
2.0535
2.0557
2.0571
2.0586
2.0586
2.0721
2.0725
2.0730
2.0761
2.0767
2.0820
2.0825
2.0921
2.0983
2.1011
2.1039
2.1042
2.1042
2.1167
2.1195
2.1266
2.1332
2.1441
2.1504
2.1550
2.1557
2.1639
2.1669
2.1676
2.1683
2.1684
2.1684
2.1712
2.1806
2.1813
2.1827
2.1835
2.1876
2.1882
2.1884
2.1922
2.1926
2.2014
2.2014
2.2019
2.2035
2.2045
2.2130
2.2132
2.2143
2.2207
2.2212
2.2217
2.2219
2.2231
2.2293
2.2316
2.2330
2.2371
2.2376
2.2380
2.2397
2.2403
2.2431
2.2463
2.2470
2.2488
2.2495
2.2542
2.2607
2.2639
2.2651
2.2718
2.2728
2.2749
2.2773
2.2787
2.2804
2.2850
2.2891
2.2906
2.2971
2.2991
2.3012
2.3104
2.3152
2.3153
2.3216
2.3235
2.3270
2.3275
2.3283
2.3316
2.3333
2.3394
2.3395
2.3397
2.3424
2.3442
2.3456
2.3562
2.3663
2.3784
2.3807
2.3818
2.3829
2.3854
2.3931
2.3931
2.3966
2.3966
2.3984
2.3991
2.3993
2.4023
2.4026
2.4037
2.4121
2.4123
2.4134
2.4144
2.4213
2.4232
2.4254
2.4266
2.4388
2.4443
2.4461
2.4523
2.4528
2.4544
2.4554
2.4605
2.4606
2.4684
2.4727
2.4811
2.4816
2.4841
2.4854
2.4902
2.4933
2.4945
2.4962
2.4967
2.5008
2.5033
2.5137
2.5183
2.5233
2.5272
2.5380
2.5460
2.5488
2.5490
2.5493
2.5512
2.5513
2.5527
2.5537
2.5544
2.5550
2.5560
2.5586
2.5656
2.5670
2.5747
2.5776
2.5819
2.5827
2.5831
2.5898
2.5922
2.5969
2.5971
2.6025
2.6038
2.6327
2.6340
2.6377
2.6455
2.6471
2.6514
2.6747
2.6751
2.6764
2.6769
2.6799
2.6828
2.6835
2.6878
2.6952
2.6954
2.6963
2.6978
2.7148
2.7267
2.7287
2.7307
2.7402
2.7431
2.7485
2.7596
2.7634
2.7884
2.7938
2.8048
2.8132
2.8169
2.8187
2.8244
2.8268
2.8307
2.8316
2.8346
2.8363
2.8427
2.8432
2.8571
2.8641
2.8652
2.8723
2.8744
2.8768
2.8911
2.8958
2.9010
2.9086
2.9202
2.9326
2.9410
2.9570
2.9591
2.9690
2.9696
2.9703
2.9740
2.9778
2.9785
2.9827
2.9874
3.0099
3.0105
3.0128
3.0161
3.0191
3.0223
3.0259
3.0281
3.0366
3.0505
3.0604
3.0706
3.0717
3.0831
3.0870
3.0960
3.1062
3.1067
3.1069
3.1124
3.1126
3.1234
3.1242
3.1329
3.1485
3.1509
3.1541
3.1635
3.1658
3.1675
3.1709
3.1715
3.1730
3.1757
3.1986
3.2052
3.2255
3.2510
3.2632
3.2661
3.2741
3.3153
3.3201
3.3542
3.3580
3.3675
3.3747
3.4099
3.4277
3.4500
3.4873
3.5023
3.5025
3.5216
3.5287
3.5654
3.5916
3.6008
3.6724
3.7136
3.8855
3.9410
3.9532
4.0007
4.0282
4.1965
4.2461
4.3540
4.4368
4.6756
4.8828
5.1712
5.7870
