1000
1000
-1.7319,0.2148
-1.6397,0.2089
-1.4215,0.1587
-1.2672,0.1455
-1.1515,0.1401
-1.0623,0.1380
-0.9911,0.1365
-0.9325,0.1354
-0.8831,0.1343
-0.8407,0.1326
-0.8035,0.1304
-0.7704,0.1276
-0.7414,0.1253
-0.7153,0.1232
-0.6917,0.1212
-0.6702,0.1192
-0.6504,0.1172
-0.6323,0.1152
-0.6155,0.1131
-0.6000,0.1113
-0.5856,0.1095
-0.5722,0.1078
-0.5597,0.1062
-0.5479,0.1047
-0.5368,0.1034
-0.5264,0.1021
-0.5166,0.1008
-0.5073,0.0996
-0.4985,0.0985
-0.4901,0.0975
-0.4822,0.0965
-0.4745,0.0955
-0.4673,0.0945
-0.4604,0.0935
-0.4537,0.0925
-0.4473,0.0916
-0.4412,0.0907
-0.4353,0.0898
-0.4297,0.0889
-0.4243,0.0881
-0.4191,0.0873
-0.4140,0.0865
-0.4091,0.0858
-0.4044,0.0851
-0.3999,0.0843
-0.3954,0.0836
-0.3912,0.0829
-0.3870,0.0822
-0.3830,0.0816
-0.3791,0.0809
-0.3754,0.0803
-0.3717,0.0797
-0.3681,0.0791
-0.3647,0.0785
-0.3614,0.0780
-0.3581,0.0774
-0.3549,0.0769
-0.3518,0.0764
-0.3488,0.0758
-0.3458,0.0753
-0.3429,0.0748
-0.3401,0.0743
-0.3374,0.0738
-0.3347,0.0733
-0.3320,0.0728
-0.3295,0.0723
-0.3270,0.0718
-0.3245,0.0714
-0.3221,0.0709
-0.3198,0.0705
-0.3175,0.0701
-0.3152,0.0697
-0.3130,0.0693
-0.3109,0.0689
-0.3088,0.0685
-0.3067,0.0681
-0.3047,0.0677
-0.3027,0.0674
-0.3007,0.0670
-0.2988,0.0667
-0.2969,0.0663
-0.2951,0.0660
-0.2932,0.0656
-0.2914,0.0653
-0.2897,0.0649
-0.2880,0.0646
-0.2863,0.0642
-0.2846,0.0639
-0.2830,0.0636
-0.2814,0.0633
-0.2798,0.0630
-0.2782,0.0626
-0.2767,0.0623
-0.2752,0.0620
-0.2737,0.0617
-0.2723,0.0614
-0.2708,0.0611
-0.2694,0.0608
-0.2680,0.0606
-0.2666,0.0603
-0.2653,0.0600
-0.2640,0.0597
-0.2627,0.0595
-0.2614,0.0592
-0.2601,0.0589
-0.2589,0.0587
-0.2576,0.0584
-0.2564,0.0581
-0.2552,0.0579
-0.2540,0.0576
-0.2528,0.0574
-0.2517,0.0571
-0.2505,0.0569
-0.2494,0.0566
-0.2483,0.0564
-0.2472,0.0562
-0.2461,0.0560
-0.2450,0.0557
-0.2440,0.0555
-0.2429,0.0553
-0.2419,0.0551
-0.2409,0.0549
-0.2399,0.0547
-0.2389,0.0545
-0.2379,0.0543
-0.2370,0.0541
-0.2360,0.0539
-0.2351,0.0537
-0.2341,0.0535
-0.2332,0.0534
-0.2323,0.0532
-0.2314,0.0530
-0.2305,0.0528
-0.2297,0.0526
-0.2288,0.0525
-0.2279,0.0523
-0.2271,0.0521
-0.2263,0.0520
-0.2254,0.0518
-0.2246,0.0516
-0.2238,0.0514
-0.2230,0.0513
-0.2222,0.0511
-0.2214,0.0509
-0.2206,0.0508
-0.2198,0.0506
-0.2191,0.0505
-0.2183,0.0503
-0.2175,0.0501
-0.2168,0.0500
-0.2161,0.0498
-0.2153,0.0497
-0.2146,0.0495
-0.2139,0.0494
-0.2132,0.0492
-0.2125,0.0491
-0.2118,0.0489
-0.2111,0.0488
-0.2104,0.0487
-0.2098,0.0485
-0.2091,0.0484
-0.2084,0.0482
-0.2078,0.0481
-0.2071,0.0480
-0.2065,0.0478
-0.2058,0.0477
-0.2052,0.0476
-0.2046,0.0474
-0.2039,0.0473
-0.2033,0.0472
-0.2027,0.0470
-0.2021,0.0469
-0.2015,0.0468
-0.2009,0.0467
-0.2003,0.0465
-0.1997,0.0464
-0.1991,0.0463
-0.1986,0.0462
-0.1980,0.0460
-0.1974,0.0459
-0.1968,0.0458
-0.1963,0.0457
-0.1957,0.0456
-0.1951,0.0454
-0.1946,0.0453
-0.1940,0.0452
-0.1935,0.0451
-0.1930,0.0449
-0.1924,0.0448
-0.1919,0.0447
-0.1914,0.0446
-0.1908,0.0445
-0.1903,0.0444
-0.1898,0.0443
-0.1893,0.0441
-0.1888,0.0440
-0.1883,0.0439
-0.1878,0.0438
-0.1873,0.0437
-0.1868,0.0436
-0.1863,0.0435
-0.1858,0.0434
-0.1853,0.0433
-0.1849,0.0432
-0.1844,0.0431
-0.1839,0.0430
-0.1835,0.0429
-0.1830,0.0428
-0.1825,0.0427
-0.1821,0.0426
-0.1816,0.0425
-0.1812,0.0424
-0.1807,0.0423
-0.1803,0.0422
-0.1798,0.0421
-0.1794,0.0420
-0.1790,0.0419
-0.1785,0.0418
-0.1781,0.0418
-0.1777,0.0417
-0.1773,0.0416
-0.1768,0.0415
-0.1764,0.0414
-0.1760,0.0413
-0.1756,0.0412
-0.1752,0.0411
-0.1748,0.0411
-0.1744,0.0410
-0.1740,0.0409
-0.1736,0.0408
-0.1732,0.0407
-0.1728,0.0407
-0.1724,0.0406
-0.1720,0.0405
-0.1716,0.0404
-0.1713,0.0403
-0.1709,0.0403
-0.1705,0.0402
-0.1701,0.0401
-0.1698,0.0400
-0.1694,0.0399
-0.1690,0.0399
-0.1687,0.0398
-0.1683,0.0397
-0.1679,0.0396
-0.1676,0.0396
-0.1672,0.0395
-0.1669,0.0394
-0.1665,0.0393
-0.1662,0.0393
-0.1658,0.0392
-0.1655,0.0391
-0.1651,0.0391
-0.1648,0.0390
-0.1644,0.0389
-0.1641,0.0388
-0.1638,0.0388
-0.1634,0.0387
-0.1631,0.0386
-0.1628,0.0386
-0.1624,0.0385
-0.1621,0.0384
-0.1618,0.0384
-0.1615,0.0383
-0.1611,0.0382
-0.1608,0.0382
-0.1605,0.0381
-0.1602,0.0380
-0.1599,0.0380
-0.1596,0.0379
-0.1593,0.0378
-0.1589,0.0378
-0.1586,0.0377
-0.1583,0.0376
-0.1580,0.0376
-0.1577,0.0375
-0.1574,0.0375
-0.1571,0.0374
-0.1568,0.0373
-0.1565,0.0373
-0.1563,0.0372
-0.1560,0.0372
-0.1557,0.0371
-0.1554,0.0370
-0.1551,0.0370
-0.1548,0.0369
-0.1545,0.0369
-0.1542,0.0368
-0.1540,0.0367
-0.1537,0.0367
-0.1534,0.0366
-0.1531,0.0366
-0.1529,0.0365
-0.1526,0.0365
-0.1523,0.0364
-0.1520,0.0363
-0.1518,0.0363
-0.1515,0.0362
-0.1512,0.0362
-0.1510,0.0361
-0.1507,0.0361
-0.1504,0.0360
-0.1502,0.0359
-0.1499,0.0359
-0.1496,0.0358
-0.1494,0.0358
-0.1491,0.0357
-0.1489,0.0357
-0.1486,0.0356
-0.1484,0.0356
-0.1481,0.0355
-0.1479,0.0355
-0.1476,0.0354
-0.1474,0.0353
-0.1471,0.0353
-0.1469,0.0352
-0.1466,0.0352
-0.1464,0.0351
-0.1461,0.0351
-0.1459,0.0350
-0.1457,0.0350
-0.1454,0.0349
-0.1452,0.0349
-0.1449,0.0348
-0.1447,0.0348
-0.1445,0.0347
-0.1442,0.0347
-0.1440,0.0346
-0.1438,0.0346
-0.1435,0.0345
-0.1433,0.0345
-0.1431,0.0344
-0.1429,0.0344
-0.1426,0.0344
-0.1424,0.0343
-0.1422,0.0343
-0.1420,0.0342
-0.1417,0.0342
-0.1415,0.0341
-0.1413,0.0341
-0.1411,0.0340
-0.1409,0.0340
-0.1406,0.0339
-0.1404,0.0339
-0.1402,0.0338
-0.1400,0.0338
-0.1398,0.0337
-0.1396,0.0337
-0.1393,0.0336
-0.1391,0.0336
-0.1389,0.0336
-0.1387,0.0335
-0.1385,0.0335
-0.1383,0.0334
-0.1381,0.0334
-0.1379,0.0333
-0.1377,0.0333
-0.1375,0.0333
-0.1373,0.0332
-0.1371,0.0332
-0.1369,0.0331
-0.1367,0.0331
-0.1365,0.0330
-0.1363,0.0330
-0.1361,0.0330
-0.1359,0.0329
-0.1357,0.0329
-0.1355,0.0328
-0.1353,0.0328
-0.1351,0.0328
-0.1349,0.0327
-0.1347,0.0327
-0.1346,0.0326
-0.1344,0.0326
-0.1342,0.0326
-0.1340,0.0325
-0.1338,0.0325
-0.1336,0.0324
-0.1334,0.0324
-0.1332,0.0324
-0.1331,0.0323
-0.1329,0.0323
-0.1327,0.0323
-0.1325,0.0322
-0.1323,0.0322
-0.1321,0.0321
-0.1320,0.0321
-0.1318,0.0321
-0.1316,0.0320
-0.1314,0.0320
-0.1312,0.0319
-0.1311,0.0319
-0.1309,0.0319
-0.1307,0.0318
-0.1305,0.0318
-0.1304,0.0318
-0.1302,0.0317
-0.1300,0.0317
-0.1298,0.0316
-0.1297,0.0316
-0.1295,0.0316
-0.1293,0.0315
-0.1292,0.0315
-0.1290,0.0315
-0.1288,0.0314
-0.1287,0.0314
-0.1285,0.0314
-0.1283,0.0313
-0.1282,0.0313
-0.1280,0.0313
-0.1278,0.0312
-0.1277,0.0312
-0.1275,0.0311
-0.1273,0.0311
-0.1272,0.0311
-0.1270,0.0310
-0.1269,0.0310
-0.1267,0.0310
-0.1265,0.0309
-0.1264,0.0309
-0.1262,0.0309
-0.1261,0.0308
-0.1259,0.0308
-0.1257,0.0308
-0.1256,0.0307
-0.1254,0.0307
-0.1253,0.0307
-0.1251,0.0306
-0.1250,0.0306
-0.1248,0.0306
-0.1247,0.0305
-0.1245,0.0305
-0.1244,0.0305
-0.1242,0.0304
-0.1241,0.0304
-0.1239,0.0304
-0.1238,0.0304
-0.1236,0.0303
-0.1235,0.0303
-0.1233,0.0303
-0.1232,0.0302
-0.1230,0.0302
-0.1229,0.0302
-0.1227,0.0301
-0.1226,0.0301
-0.1224,0.0301
-0.1223,0.0300
-0.1221,0.0300
-0.1220,0.0300
-0.1219,0.0299
-0.1217,0.0299
-0.1216,0.0299
-0.1214,0.0299
-0.1213,0.0298
-0.1211,0.0298
-0.1210,0.0298
-0.1209,0.0297
-0.1207,0.0297
-0.1206,0.0297
-0.1204,0.0297
-0.1203,0.0296
-0.1202,0.0296
-0.1200,0.0296
-0.1199,0.0295
-0.1198,0.0295
-0.1196,0.0295
-0.1195,0.0295
-0.1194,0.0294
-0.1192,0.0294
-0.1191,0.0294
-0.1190,0.0294
-0.1188,0.0293
-0.1187,0.0293
-0.1186,0.0293
-0.1184,0.0292
-0.1183,0.0292
-0.1182,0.0292
-0.1180,0.0292
-0.1179,0.0291
-0.1178,0.0291
-0.1176,0.0291
-0.1175,0.0291
-0.1174,0.0290
-0.1173,0.0290
-0.1171,0.0290
-0.1170,0.0290
-0.1169,0.0289
-0.1168,0.0289
-0.1166,0.0289
-0.1165,0.0289
-0.1164,0.0288
-0.1163,0.0288
-0.1161,0.0288
-0.1160,0.0288
-0.1159,0.0287
-0.1158,0.0287
-0.1156,0.0287
-0.1155,0.0287
-0.1154,0.0286
-0.1153,0.0286
-0.1152,0.0286
-0.1150,0.0286
-0.1149,0.0285
-0.1148,0.0285
-0.1147,0.0285
-0.1146,0.0285
-0.1144,0.0284
-0.1143,0.0284
-0.1142,0.0284
-0.1141,0.0284
-0.1140,0.0283
-0.1138,0.0283
-0.1137,0.0283
-0.1136,0.0283
-0.1135,0.0282
-0.1134,0.0282
-0.1133,0.0282
-0.1131,0.0282
-0.1130,0.0281
-0.1129,0.0281
-0.1128,0.0281
-0.1127,0.0281
-0.1126,0.0281
-0.1125,0.0280
-0.1123,0.0280
-0.1122,0.0280
-0.1121,0.0280
-0.1120,0.0279
-0.1119,0.0279
-0.1118,0.0279
-0.1117,0.0279
-0.1116,0.0278
-0.1115,0.0278
-0.1113,0.0278
-0.1112,0.0278
-0.1111,0.0278
-0.1110,0.0277
-0.1109,0.0277
-0.1108,0.0277
-0.1107,0.0277
-0.1106,0.0276
-0.1105,0.0276
-0.1104,0.0276
-0.1103,0.0276
-0.1102,0.0276
-0.1100,0.0275
-0.1099,0.0275
-0.1098,0.0275
-0.1097,0.0275
-0.1096,0.0274
-0.1095,0.0274
-0.1094,0.0274
-0.1093,0.0274
-0.1092,0.0274
-0.1091,0.0273
-0.1090,0.0273
-0.1089,0.0273
-0.1088,0.0273
-0.1087,0.0272
-0.1086,0.0272
-0.1085,0.0272
-0.1084,0.0272
-0.1083,0.0271
-0.1082,0.0271
-0.1081,0.0271
-0.1080,0.0271
-0.1079,0.0271
-0.1078,0.0270
-0.1077,0.0270
-0.1076,0.0270
-0.1075,0.0270
-0.1074,0.0269
-0.1073,0.0269
-0.1072,0.0269
-0.1071,0.0269
-0.1070,0.0269
-0.1069,0.0268
-0.1068,0.0268
-0.1067,0.0268
-0.1066,0.0268
-0.1065,0.0268
-0.1064,0.0267
-0.1063,0.0267
-0.1062,0.0267
-0.1061,0.0267
-0.1060,0.0267
-0.1059,0.0266
-0.1058,0.0266
-0.1057,0.0266
-0.1056,0.0266
-0.1055,0.0266
-0.1054,0.0265
-0.1053,0.0265
-0.1052,0.0265
-0.1051,0.0265
-0.1050,0.0265
-0.1050,0.0264
-0.1049,0.0264
-0.1048,0.0264
-0.1047,0.0264
-0.1046,0.0263
-0.1045,0.0263
-0.1044,0.0263
-0.1043,0.0263
-0.1042,0.0263
-0.1041,0.0263
-0.1040,0.0262
-0.1039,0.0262
-0.1039,0.0262
-0.1038,0.0262
-0.1037,0.0262
-0.1036,0.0261
-0.1035,0.0261
-0.1034,0.0261
-0.1033,0.0261
-0.1032,0.0260
-0.1031,0.0260
-0.1030,0.0260
-0.1030,0.0260
-0.1029,0.0260
-0.1028,0.0259
-0.1027,0.0259
-0.1026,0.0259
-0.1025,0.0259
-0.1024,0.0259
-0.1023,0.0258
-0.1022,0.0258
-0.1022,0.0258
-0.1021,0.0258
-0.1020,0.0258
-0.1019,0.0257
-0.1018,0.0257
-0.1017,0.0257
-0.1016,0.0257
-0.1016,0.0257
-0.1015,0.0256
-0.1014,0.0256
-0.1013,0.0256
-0.1012,0.0256
-0.1011,0.0256
-0.1010,0.0256
-0.1010,0.0255
-0.1009,0.0255
-0.1008,0.0255
-0.1007,0.0255
-0.1006,0.0255
-0.1005,0.0254
-0.1005,0.0254
-0.1004,0.0254
-0.1003,0.0254
-0.1002,0.0254
-0.1001,0.0253
-0.1000,0.0253
-0.1000,0.0253
-0.0999,0.0253
-0.0998,0.0253
-0.0997,0.0252
-0.0996,0.0252
-0.0996,0.0252
-0.0995,0.0252
-0.0994,0.0252
-0.0993,0.0252
-0.0992,0.0251
-0.0992,0.0251
-0.0991,0.0251
-0.0990,0.0251
-0.0989,0.0251
-0.0988,0.0250
-0.0988,0.0250
-0.0987,0.0250
-0.0986,0.0250
-0.0985,0.0250
-0.0984,0.0250
-0.0984,0.0249
-0.0983,0.0249
-0.0982,0.0249
-0.0981,0.0249
-0.0980,0.0249
-0.0980,0.0249
-0.0979,0.0248
-0.0978,0.0248
-0.0977,0.0248
-0.0977,0.0248
-0.0976,0.0248
-0.0975,0.0247
-0.0974,0.0247
-0.0974,0.0247
-0.0973,0.0247
-0.0972,0.0247
-0.0971,0.0247
-0.0971,0.0246
-0.0970,0.0246
-0.0969,0.0246
-0.0968,0.0246
-0.0968,0.0246
-0.0967,0.0246
-0.0966,0.0245
-0.0965,0.0245
-0.0965,0.0245
-0.0964,0.0245
-0.0963,0.0245
-0.0962,0.0245
-0.0962,0.0244
-0.0961,0.0244
-0.0960,0.0244
-0.0959,0.0244
-0.0959,0.0244
-0.0958,0.0244
-0.0957,0.0243
-0.0956,0.0243
-0.0956,0.0243
-0.0955,0.0243
-0.0954,0.0243
-0.0954,0.0243
-0.0953,0.0242
-0.0952,0.0242
-0.0951,0.0242
-0.0951,0.0242
-0.0950,0.0242
-0.0949,0.0242
-0.0949,0.0241
-0.0948,0.0241
-0.0947,0.0241
-0.0946,0.0241
-0.0946,0.0241
-0.0945,0.0241
-0.0944,0.0240
-0.0944,0.0240
-0.0943,0.0240
-0.0942,0.0240
-0.0942,0.0240
-0.0941,0.0240
-0.0940,0.0239
-0.0940,0.0239
-0.0939,0.0239
-0.0938,0.0239
-0.0937,0.0239
-0.0937,0.0239
-0.0936,0.0238
-0.0935,0.0238
-0.0935,0.0238
-0.0934,0.0238
-0.0933,0.0238
-0.0933,0.0238
-0.0932,0.0237
-0.0931,0.0237
-0.0931,0.0237
-0.0930,0.0237
-0.0929,0.0237
-0.0929,0.0237
-0.0928,0.0236
-0.0927,0.0236
-0.0927,0.0236
-0.0926,0.0236
-0.0925,0.0236
-0.0925,0.0236
-0.0924,0.0236
-0.0923,0.0235
-0.0923,0.0235
-0.0922,0.0235
-0.0921,0.0235
-0.0921,0.0235
-0.0920,0.0235
-0.0919,0.0234
-0.0919,0.0234
-0.0918,0.0234
-0.0918,0.0234
-0.0917,0.0234
-0.0916,0.0234
-0.0916,0.0234
-0.0915,0.0233
-0.0914,0.0233
-0.0914,0.0233
-0.0913,0.0233
-0.0912,0.0233
-0.0912,0.0233
-0.0911,0.0233
-0.0911,0.0232
-0.0910,0.0232
-0.0909,0.0232
-0.0909,0.0232
-0.0908,0.0232
-0.0907,0.0232
-0.0907,0.0231
-0.0906,0.0231
-0.0905,0.0231
-0.0905,0.0231
-0.0904,0.0231
-0.0904,0.0231
-0.0903,0.0231
-0.0902,0.0230
-0.0902,0.0230
-0.0901,0.0230
-0.0901,0.0230
-0.0900,0.0230
-0.0899,0.0230
-0.0899,0.0229
-0.0898,0.0229
-0.0897,0.0229
-0.0897,0.0229
-0.0896,0.0229
-0.0896,0.0229
-0.0895,0.0229
-0.0894,0.0228
-0.0894,0.0228
-0.0893,0.0228
-0.0893,0.0228
-0.0892,0.0228
-0.0891,0.0228
-0.0891,0.0227
-0.0890,0.0227
-0.0890,0.0227
-0.0889,0.0227
-0.0888,0.0227
-0.0888,0.0227
-0.0887,0.0227
-0.0887,0.0226
-0.0886,0.0226
-0.0885,0.0226
-0.0885,0.0226
-0.0884,0.0226
-0.0884,0.0226
-0.0883,0.0226
-0.0882,0.0225
-0.0882,0.0225
-0.0881,0.0225
-0.0881,0.0225
-0.0880,0.0225
-0.0880,0.0225
-0.0879,0.0224
-0.0878,0.0224
-0.0878,0.0224
-0.0877,0.0224
-0.0877,0.0224
-0.0876,0.0224
-0.0876,0.0224
-0.0875,0.0223
-0.0874,0.0223
-0.0874,0.0223
-0.0873,0.0223
-0.0873,0.0223
-0.0872,0.0223
-0.0872,0.0223
-0.0871,0.0222
-0.0870,0.0222
-0.0870,0.0222
-0.0869,0.0222
-0.0869,0.0222
-0.0868,0.0222
-0.0868,0.0222
-0.0867,0.0221
-0.0866,0.0221
-0.0866,0.0221
-0.0865,0.0221
-0.0865,0.0221
-0.0864,0.0221
-0.0864,0.0221
-0.0863,0.0221
-0.0863,0.0220
-0.0862,0.0220
-0.0861,0.0220
-0.0861,0.0220
-0.0860,0.0220
-0.0860,0.0220
-0.0859,0.0220
-0.0859,0.0219
-0.0858,0.0219
-0.0858,0.0219
-0.0857,0.0219
-0.0857,0.0219
-0.0856,0.0219
-0.0856,0.0219
-0.0855,0.0218
-0.0854,0.0218
-0.0854,0.0218
-0.0853,0.0218
-0.0853,0.0218
-0.0852,0.0218
-0.0852,0.0218
-0.0851,0.0218
-0.0851,0.0217
-0.0850,0.0217
-0.0850,0.0217
-0.0849,0.0217
-0.0849,0.0217
-0.0848,0.0217
-0.0848,0.0217
-0.0847,0.0216
-0.0846,0.0216
-0.0846,0.0216
-0.0845,0.0216
-0.0845,0.0216
-0.0844,0.0216
-0.0844,0.0216
-0.0843,0.0216
-0.0843,0.0215
-0.0842,0.0215
-0.0842,0.0215
-0.0841,0.0215
-0.0841,0.0215
-0.0840,0.0215
-0.0840,0.0215
-0.0839,0.0215
-0.0839,0.0214
-0.0838,0.0214
-0.0838,0.0214
-0.0837,0.0214
-0.0837,0.0214
-0.0836,0.0214
-0.0836,0.0214
-0.0835,0.0214
-0.0835,0.0213
-0.0834,0.0213
-0.0834,0.0213
-0.0833,0.0213
-0.0833,0.0213
-0.0832,0.0213
-0.0832,0.0213
-0.0831,0.0213
-0.0831,0.0213
-0.0830,0.0212
-0.0830,0.0212
-0.0829,0.0212
-0.0829,0.0212
-0.0828,0.0212
-0.0828,0.0212
-0.0827,0.0212
-0.0827,0.0212
-0.0826,0.0211
-0.0826,0.0211
-0.0825,0.0211
-0.0825,0.0211
-0.0824,0.0211
-0.0824,0.0211
-0.0823,0.0211
-0.0823,0.0211
-0.0822,0.0210
-0.0822,0.0210
-0.0821,0.0210
-0.0821,0.0210
-0.0820,0.0210
-0.0820,0.0210
-0.0820,0.0210
-0.0819,0.0210
-0.0819,0.0210
-0.0818,0.0209
-0.0818,0.0209
-0.0817,0.0209
-0.0817,0.0209
-0.0816,0.0209
-0.0816,0.0209
-0.0815,0.0209
-0.0815,0.0209
-0.0814,0.0209
-0.0814,0.0208
-0.0813,0.0208
-0.0813,0.0208
-0.0812,0.0208
-0.0812,0.0208
-0.0812,0.0208
-0.0811,0.0208
-0.0811,0.0208
-0.0810,0.0208
-0.0810,0.0207
-0.0809,0.0207
-0.0809,0.0207
-0.0808,0.0207
-0.0808,0.0207
-0.0807,0.0207
-0.0807,0.0207
-0.0806,0.0207
-0.0806,0.0207
-0.0806,0.0206
-0.0805,0.0206
-0.0805,0.0206
-0.0804,0.0206
-0.0804,0.0206
-0.0803,0.0206
-0.0803,0.0206
-0.0802,0.0206
-0.0802,0.0206
-0.0802,0.0205
-0.0801,0.0205
-0.0801,0.0205
-0.0800,0.0205
-0.0800,0.0205
-0.0799,0.0205
-0.0799,0.0205
-0.0798,0.0205
-0.0798,0.0205
-0.0798,0.0204
-0.0797,0.0204
-0.0797,0.0204
-0.0796,0.0204
-0.0796,0.0204
-0.0795,0.0204
-0.0795,0.0204
-0.0794,0.0204
-0.0794,0.0204
-0.0794,0.0204
0.1358
0.2110
0.2340
0.2638
0.2660
0.2779
0.2798
0.3081
0.3539
0.4300
0.4412
0.4607
0.4658
0.4861
0.5201
0.5222
0.5226
0.5367
0.5421
0.5432
0.5477
0.5485
0.5506
0.5607
0.5658
0.5688
0.5697
0.5780
0.5934
0.6021
0.6094
0.6114
0.6141
0.6264
0.6277
0.6362
0.6386
0.6410
0.6425
0.6439
0.6451
0.6462
0.6510
0.6522
0.6531
0.6548
0.6618
0.6694
0.6729
0.6739
0.6783
0.6802
0.6843
0.6866
0.6963
0.7141
0.7156
0.7169
0.7279
0.7317
0.7319
0.7335
0.7390
0.7420
0.7497
0.7523
0.7526
0.7661
0.7728
0.7730
0.7738
0.7911
0.7999
0.8017
0.8034
0.8042
0.8108
0.8118
0.8138
0.8145
0.8157
0.8164
0.8216
0.8234
0.8240
0.8264
0.8266
0.8319
0.8351
0.8371
0.8458
0.8505
0.8505
0.8521
0.8540
0.8545
0.8556
0.8564
0.8586
0.8633
0.8654
0.8748
0.8800
0.8830
0.8845
0.8869
0.8942
0.8955
0.8964
0.8972
0.8972
0.8977
0.9024
0.9039
0.9056
0.9072
0.9080
0.9097
0.9109
0.9141
0.9207
0.9258
0.9262
0.9268
0.9271
0.9272
0.9349
0.9382
0.9394
0.9431
0.9435
0.9457
0.9461
0.9503
0.9511
0.9520
0.9521
0.9529
0.9541
0.9569
0.9586
0.9591
0.9656
0.9656
0.9679
0.9755
0.9782
0.9832
0.9870
0.9885
0.9890
0.9934
0.9940
0.9958
0.9958
1.0002
1.0005
1.0037
1.0078
1.0082
1.0111
1.0127
1.0131
1.0158
1.0172
1.0182
1.0192
1.0213
1.0217
1.0267
1.0275
1.0286
1.0311
1.0312
1.0315
1.0326
1.0356
1.0392
1.0396
1.0403
1.0404
1.0527
1.0540
1.0546
1.0597
1.0628
1.0669
1.0688
1.0689
1.0699
1.0735
1.0752
1.0753
1.0776
1.0797
1.0799
1.0807
1.0831
1.0836
1.0837
1.0845
1.0856
1.0890
1.0901
1.0969
1.0982
1.0984
1.0988
1.1037
1.1046
1.1059
1.1061
1.1088
1.1096
1.1096
1.1099
1.1156
1.1156
1.1169
1.1169
1.1224
1.1228
1.1235
1.1244
1.1258
1.1329
1.1361
1.1378
1.1405
1.1413
1.1416
1.1418
1.1453
1.1455
1.1461
1.1500
1.1550
1.1551
1.1564
1.1568
1.1574
1.1588
1.1609
1.1610
1.1619
1.1643
1.1646
1.1683
1.1696
1.1729
1.1734
1.1750
1.1782
1.1794
1.1807
1.1808
1.1820
1.1878
1.1898
1.1916
1.1929
1.1955
1.1966
1.1975
1.1983
1.1998
1.2032
1.2040
1.2052
1.2058
1.2085
1.2087
1.2100
1.2119
1.2144
1.2147
1.2155
1.2174
1.2177
1.2233
1.2262
1.2268
1.2273
1.2282
1.2285
1.2333
1.2369
1.2370
1.2371
1.2376
1.2380
1.2398
1.2402
1.2433
1.2444
1.2462
1.2498
1.2508
1.2516
1.2555
1.2557
1.2626
1.2645
1.2647
1.2656
1.2658
1.2661
1.2661
1.2680
1.2683
1.2685
1.2688
1.2720
1.2747
1.2748
1.2751
1.2766
1.2775
1.2789
1.2808
1.2834
1.2869
1.2873
1.2907
1.2959
1.2964
1.2973
1.2995
1.3010
1.3052
1.3057
1.3058
1.3062
1.3064
1.3077
1.3077
1.3089
1.3140
1.3146
1.3193
1.3208
1.3213
1.3217
1.3222
1.3252
1.3268
1.3270
1.3270
1.3291
1.3312
1.3335
1.3337
1.3359
1.3408
1.3409
1.3412
1.3431
1.3432
1.3448
1.3451
1.3461
1.3477
1.3482
1.3491
1.3558
1.3573
1.3582
1.3626
1.3629
1.3629
1.3652
1.3674
1.3690
1.3705
1.3708
1.3765
1.3766
1.3799
1.3809
1.3811
1.3833
1.3847
1.3887
1.3918
1.3928
1.3932
1.3937
1.3939
1.3953
1.3971
1.3982
1.3995
1.4017
1.4027
1.4042
1.4054
1.4062
1.4065
1.4072
1.4105
1.4120
1.4121
1.4157
1.4161
1.4168
1.4171
1.4186
1.4188
1.4195
1.4215
1.4222
1.4253
1.4269
1.4285
1.4285
1.4303
1.4324
1.4335
1.4346
1.4362
1.4375
1.4391
1.4392
1.4432
1.4451
1.4500
1.4502
1.4525
1.4543
1.4593
1.4617
1.4631
1.4644
1.4654
1.4658
1.4665
1.4677
1.4685
1.4688
1.4710
1.4736
1.4756
1.4765
1.4796
1.4798
1.4810
1.4853
1.4865
1.4874
1.4875
1.4879
1.4900
1.4904
1.4906
1.4909
1.4958
1.4967
1.4973
1.4973
1.4975
1.4978
1.4981
1.4999
1.5018
1.5034
1.5059
1.5070
1.5092
1.5139
1.5140
1.5199
1.5200
1.5201
1.5227
1.5250
1.5260
1.5318
1.5341
1.5350
1.5363
1.5367
1.5371
1.5372
1.5400
1.5407
1.5411
1.5419
1.5428
1.5444
1.5445
1.5491
1.5492
1.5498
1.5511
1.5550
1.5579
1.5584
1.5594
1.5635
1.5635
1.5648
1.5663
1.5664
1.5669
1.5687
1.5705
1.5713
1.5733
1.5754
1.5775
1.5775
1.5804
1.5837
1.5840
1.5866
1.5879
1.5892
1.5929
1.5930
1.5941
1.5949
1.5951
1.5966
1.5969
1.5969
1.5972
1.5993
1.5993
1.5994
1.5995
1.6020
1.6063
1.6083
1.6089
1.6090
1.6098
1.6128
1.6141
1.6143
1.6158
1.6187
1.6193
1.6213
1.6221
1.6264
1.6265
1.6288
1.6302
1.6307
1.6307
1.6314
1.6318
1.6343
1.6345
1.6358
1.6362
1.6371
1.6379
1.6384
1.6410
1.6492
1.6510
1.6514
1.6518
1.6525
1.6549
1.6549
1.6553
1.6607
1.6613
1.6615
1.6640
1.6644
1.6644
1.6647
1.6647
1.6657
1.6684
1.6684
1.6690
1.6708
1.6718
1.6735
1.6754
1.6761
1.6769
1.6795
1.6813
1.6835
1.6845
1.6860
1.6860
1.6893
1.6914
1.6926
1.6960
1.6968
1.6991
1.7007
1.7008
1.7010
1.7013
1.7055
1.7120
1.7129
1.7132
1.7165
1.7278
1.7282
1.7292
1.7323
1.7330
1.7330
1.7361
1.7373
1.7397
1.7459
1.7463
1.7468
1.7479
1.7480
1.7492
1.7493
1.7494
1.7500
1.7529
1.7540
1.7571
1.7617
1.7652
1.7668
1.7676
1.7687
1.7694
1.7704
1.7712
1.7718
1.7732
1.7732
1.7738
1.7745
1.7777
1.7793
1.7885
1.7887
1.7892
1.7908
1.7910
1.7934
1.7952
1.8006
1.8031
1.8084
1.8086
1.8089
1.8118
1.8131
1.8132
1.8145
1.8147
1.8173
1.8187
1.8188
1.8201
1.8213
1.8217
1.8221
1.8229
1.8235
1.8238
1.8240
1.8268
1.8298
1.8336
1.8339
1.8414
1.8438
1.8439
1.8446
1.8488
1.8499
1.8527
1.8540
1.8555
1.8567
1.8567
1.8607
1.8614
1.8649
1.8652
1.8652
1.8658
1.8658
1.8669
1.8690
1.8715
1.8725
1.8752
1.8811
1.8826
1.8837
1.8839
1.8841
1.8872
1.8886
1.8893
1.8952
1.8963
1.8967
1.9005
1.9021
1.9062
1.9110
1.9155
1.9175
1.9176
1.9201
1.9246
1.9267
1.9300
1.9324
1.9366
1.9368
1.9446
1.9459
1.9487
1.9502
1.9530
1.9544
1.9552
1.9562
1.9566
1.9577
1.9638
1.9647
1.9648
1.9669
1.9723
1.9733
1.9740
1.9748
1.9757
1.9758
1.9763
1.9766
1.9766
1.9812
1.9846
1.9861
1.9867
1.9873
1.9938
1.9959
1.9961
1.9999
2.0003
2.0020
2.0035
2.0037
2.0038
2.0055
2.0059
2.0070
2.0077
2.0101
2.0132
2.0169
2.0238
2.0252
2.0259
2.0295
2.0303
2.0304
2.0309
2.0385
2.0391
2.0401
2.0417
2.0424
2.0450
2.0496
2.0522
2.0562
2.0563
2.0582
2.0593
2.0617
2.0631
2.0647
2.0651
2.0658
2.0681
2.0685
2.0688
2.0697
2.0698
2.0805
2.0814
2.0819
2.0900
2.0929
2.0931
2.0946
2.0972
2.0985
2.1045
2.1070
2.1088
2.1092
2.1096
2.1128
2.1138
2.1186
2.1196
2.1286
2.1325
2.1325
2.1328
2.1352
2.1365
2.1370
2.1371
2.1398
2.1400
2.1407
2.1424
2.1444
2.1461
2.1468
2.1483
2.1560
2.1589
2.1600
2.1638
2.1718
2.1737
2.1824
2.1833
2.1850
2.1870
2.1927
2.1935
2.1960
2.2073
2.2080
2.2115
2.2186
2.2197
2.2222
2.2258
2.2260
2.2266
2.2276
2.2289
2.2341
2.2379
2.2383
2.2425
2.2438
2.2445
2.2479
2.2486
2.2501
2.2505
2.2506
2.2549
2.2554
2.2596
2.2615
2.2625
2.2632
2.2652
2.2684
2.2704
2.2721
2.2762
2.2777
2.2822
2.2837
2.2857
2.2878
2.2887
2.2911
2.2954
2.2993
2.3022
2.3170
2.3205
2.3215
2.3221
2.3231
2.3242
2.3245
2.3291
2.3328
2.3352
2.3397
2.3507
2.3518
2.3570
2.3584
2.3628
2.3628
2.3642
2.3728
2.3808
2.3825
2.3834
2.3873
2.3964
2.3994
2.3996
2.4064
2.4136
2.4236
2.4269
2.4307
2.4323
2.4328
2.4353
2.4385
2.4493
2.4500
2.4549
2.4574
2.4574
2.4628
2.4674
2.4707
2.4727
2.4805
2.4828
2.4841
2.4916
2.5102
2.5130
2.5218
2.5222
2.5294
2.5296
2.5359
2.5374
2.5394
2.5450
2.5493
2.5494
2.5528
2.5565
2.5574
2.5608
2.5631
2.5668
2.5806
2.5835
2.6038
2.6167
2.6423
2.6549
2.6677
2.6712
2.6824
2.6880
2.6891
2.7079
2.7152
2.7187
2.7461
2.7468
2.7820
2.7946
2.8335
2.8576
2.8633
2.8783
2.8946
2.9191
2.9309
2.9627
2.9808
3.0184
3.0399
3.0505
3.0761
3.1143
3.1176
3.1782
3.1966
3.2021
3.2670
3.2803
3.3106
3.3261
3.3383
3.3930
3.4471
3.4508
3.5134
4.1129
4.2304
4.2341
