1000
1000
-1.5148,0.1872
-1.4226,0.1828
-1.2024,0.1430
-1.0518,0.1385
-0.9415,0.1346
-0.8584,0.1321
-0.7932,0.1296
-0.7406,0.1272
-0.6967,0.1243
-0.6596,0.1210
-0.6276,0.1184
-0.5998,0.1161
-0.5753,0.1139
-0.5532,0.1118
-0.5332,0.1096
-0.5151,0.1075
-0.4985,0.1055
-0.4833,0.1035
-0.4691,0.1014
-0.4561,0.0995
-0.4440,0.0977
-0.4328,0.0960
-0.4224,0.0944
-0.4126,0.0929
-0.4035,0.0915
-0.3949,0.0903
-0.3868,0.0890
-0.3791,0.0877
-0.3719,0.0865
-0.3650,0.0854
-0.3585,0.0843
-0.3523,0.0832
-0.3464,0.0821
-0.3408,0.0811
-0.3355,0.0802
-0.3304,0.0794
-0.3256,0.0786
-0.3209,0.0778
-0.3164,0.0771
-0.3121,0.0764
-0.3080,0.0756
-0.3040,0.0749
-0.3001,0.0742
-0.2964,0.0736
-0.2928,0.0730
-0.2894,0.0723
-0.2860,0.0717
-0.2828,0.0712
-0.2796,0.0706
-0.2766,0.0700
-0.2736,0.0695
-0.2707,0.0690
-0.2680,0.0684
-0.2653,0.0679
-0.2626,0.0674
-0.2601,0.0669
-0.2576,0.0664
-0.2552,0.0659
-0.2528,0.0655
-0.2505,0.0650
-0.2482,0.0645
-0.2460,0.0641
-0.2439,0.0636
-0.2418,0.0632
-0.2398,0.0628
-0.2378,0.0624
-0.2359,0.0620
-0.2340,0.0616
-0.2321,0.0612
-0.2303,0.0608
-0.2286,0.0605
-0.2268,0.0601
-0.2252,0.0598
-0.2235,0.0595
-0.2219,0.0591
-0.2203,0.0588
-0.2187,0.0585
-0.2172,0.0581
-0.2157,0.0578
-0.2142,0.0575
-0.2128,0.0572
-0.2114,0.0569
-0.2100,0.0566
-0.2086,0.0563
-0.2073,0.0560
-0.2060,0.0557
-0.2047,0.0554
-0.2034,0.0551
-0.2021,0.0548
-0.2009,0.0545
-0.1997,0.0542
-0.1985,0.0539
-0.1973,0.0537
-0.1962,0.0534
-0.1951,0.0532
-0.1940,0.0529
-0.1929,0.0527
-0.1918,0.0524
-0.1908,0.0522
-0.1897,0.0519
-0.1887,0.0517
-0.1877,0.0515
-0.1867,0.0512
-0.1857,0.0510
-0.1848,0.0508
-0.1838,0.0506
-0.1829,0.0503
-0.1820,0.0501
-0.1811,0.0499
-0.1802,0.0497
-0.1793,0.0495
-0.1784,0.0493
-0.1776,0.0491
-0.1768,0.0489
-0.1759,0.0487
-0.1751,0.0485
-0.1743,0.0483
-0.1735,0.0481
-0.1727,0.0480
-0.1719,0.0478
-0.1711,0.0476
-0.1704,0.0474
-0.1696,0.0472
-0.1689,0.0471
-0.1682,0.0469
-0.1674,0.0467
-0.1667,0.0465
-0.1660,0.0464
-0.1653,0.0462
-0.1646,0.0460
-0.1639,0.0459
-0.1633,0.0457
-0.1626,0.0455
-0.1619,0.0454
-0.1613,0.0452
-0.1606,0.0451
-0.1600,0.0449
-0.1593,0.0448
-0.1587,0.0446
-0.1581,0.0444
-0.1575,0.0443
-0.1569,0.0441
-0.1563,0.0440
-0.1557,0.0438
-0.1551,0.0437
-0.1545,0.0435
-0.1539,0.0434
-0.1533,0.0432
-0.1528,0.0431
-0.1522,0.0429
-0.1516,0.0427
-0.1511,0.0426
-0.1505,0.0424
-0.1500,0.0423
-0.1494,0.0422
-0.1489,0.0420
-0.1484,0.0419
-0.1478,0.0417
-0.1473,0.0416
-0.1468,0.0414
-0.1463,0.0413
-0.1458,0.0412
-0.1453,0.0410
-0.1448,0.0409
-0.1443,0.0408
-0.1438,0.0407
-0.1434,0.0405
-0.1429,0.0404
-0.1424,0.0403
-0.1420,0.0402
-0.1415,0.0400
-0.1410,0.0399
-0.1406,0.0398
-0.1401,0.0397
-0.1397,0.0395
-0.1392,0.0394
-0.1388,0.0393
-0.1384,0.0392
-0.1379,0.0391
-0.1375,0.0390
-0.1371,0.0389
-0.1367,0.0387
-0.1363,0.0386
-0.1358,0.0385
-0.1354,0.0384
-0.1350,0.0383
-0.1346,0.0382
-0.1342,0.0381
-0.1338,0.0380
-0.1334,0.0379
-0.1330,0.0378
-0.1327,0.0377
-0.1323,0.0376
-0.1319,0.0375
-0.1315,0.0374
-0.1311,0.0373
-0.1308,0.0372
-0.1304,0.0371
-0.1300,0.0370
-0.1297,0.0369
-0.1293,0.0367
-0.1290,0.0366
-0.1286,0.0365
-0.1282,0.0364
-0.1279,0.0363
-0.1275,0.0362
-0.1272,0.0361
-0.1269,0.0360
-0.1265,0.0359
-0.1262,0.0358
-0.1258,0.0357
-0.1255,0.0356
-0.1252,0.0355
-0.1248,0.0355
-0.1245,0.0354
-0.1242,0.0353
-0.1239,0.0352
-0.1235,0.0351
-0.1232,0.0350
-0.1229,0.0349
-0.1226,0.0348
-0.1223,0.0347
-0.1220,0.0346
-0.1217,0.0345
-0.1214,0.0344
-0.1211,0.0343
-0.1208,0.0343
-0.1205,0.0342
-0.1202,0.0341
-0.1199,0.0340
-0.1196,0.0339
-0.1193,0.0338
-0.1190,0.0337
-0.1187,0.0336
-0.1184,0.0336
-0.1181,0.0335
-0.1179,0.0334
-0.1176,0.0333
-0.1173,0.0332
-0.1170,0.0331
-0.1167,0.0330
-0.1165,0.0330
-0.1162,0.0329
-0.1159,0.0328
-0.1156,0.0327
-0.1154,0.0326
-0.1151,0.0325
-0.1148,0.0324
-0.1146,0.0324
-0.1143,0.0323
-0.1140,0.0322
-0.1138,0.0321
-0.1135,0.0320
-0.1132,0.0319
-0.1130,0.0318
-0.1127,0.0318
-0.1125,0.0317
-0.1122,0.0316
-0.1120,0.0315
-0.1117,0.0314
-0.1115,0.0314
-0.1112,0.0313
-0.1110,0.0312
-0.1107,0.0311
-0.1105,0.0310
-0.1103,0.0310
-0.1100,0.0309
-0.1098,0.0308
-0.1095,0.0307
-0.1093,0.0307
-0.1091,0.0306
-0.1088,0.0305
-0.1086,0.0304
-0.1084,0.0304
-0.1081,0.0303
-0.1079,0.0302
-0.1077,0.0301
-0.1075,0.0301
-0.1072,0.0300
-0.1070,0.0299
-0.1068,0.0299
-0.1066,0.0298
-0.1064,0.0297
-0.1061,0.0296
-0.1059,0.0296
-0.1057,0.0295
-0.1055,0.0294
-0.1053,0.0294
-0.1051,0.0293
-0.1048,0.0292
-0.1046,0.0292
-0.1044,0.0291
-0.1042,0.0290
-0.1040,0.0290
-0.1038,0.0289
-0.1036,0.0288
-0.1034,0.0288
-0.1032,0.0287
-0.1030,0.0286
-0.1028,0.0286
-0.1025,0.0285
-0.1023,0.0284
-0.1021,0.0284
-0.1019,0.0283
-0.1017,0.0282
-0.1015,0.0282
-0.1013,0.0281
-0.1011,0.0280
-0.1009,0.0280
-0.1007,0.0279
-0.1006,0.0279
-0.1004,0.0278
-0.1002,0.0277
-0.1000,0.0277
-0.0998,0.0276
-0.0996,0.0275
-0.0994,0.0275
-0.0992,0.0274
-0.0990,0.0274
-0.0988,0.0273
-0.0986,0.0272
-0.0985,0.0272
-0.0983,0.0271
-0.0981,0.0271
-0.0979,0.0270
-0.0977,0.0269
-0.0975,0.0269
-0.0974,0.0268
-0.0972,0.0268
-0.0970,0.0267
-0.0968,0.0267
-0.0966,0.0266
-0.0965,0.0265
-0.0963,0.0265
-0.0961,0.0264
-0.0959,0.0264
-0.0958,0.0263
-0.0956,0.0263
-0.0954,0.0262
-0.0952,0.0261
-0.0951,0.0261
-0.0949,0.0260
-0.0947,0.0260
-0.0945,0.0259
-0.0944,0.0259
-0.0942,0.0258
-0.0940,0.0257
-0.0939,0.0257
-0.0937,0.0256
-0.0935,0.0256
-0.0934,0.0255
-0.0932,0.0255
-0.0930,0.0254
-0.0929,0.0254
-0.0927,0.0253
-0.0925,0.0253
-0.0924,0.0252
-0.0922,0.0252
-0.0921,0.0251
-0.0919,0.0251
-0.0917,0.0250
-0.0916,0.0249
-0.0914,0.0249
-0.0912,0.0248
-0.0911,0.0248
-0.0909,0.0247
-0.0908,0.0247
-0.0906,0.0246
-0.0905,0.0246
-0.0903,0.0245
-0.0901,0.0245
-0.0900,0.0244
-0.0898,0.0244
-0.0897,0.0243
-0.0895,0.0243
-0.0894,0.0242
-0.0892,0.0242
-0.0891,0.0241
-0.0889,0.0241
-0.0887,0.0240
-0.0886,0.0240
-0.0884,0.0239
-0.0883,0.0239
-0.0881,0.0238
-0.0880,0.0238
-0.0878,0.0237
-0.0877,0.0237
-0.0875,0.0236
-0.0874,0.0236
-0.0872,0.0235
-0.0871,0.0235
-0.0870,0.0234
-0.0868,0.0234
-0.0867,0.0233
-0.0865,0.0233
-0.0864,0.0232
-0.0862,0.0232
-0.0861,0.0231
-0.0859,0.0231
-0.0858,0.0230
-0.0857,0.0230
-0.0855,0.0229
-0.0854,0.0229
-0.0852,0.0228
-0.0851,0.0228
-0.0850,0.0227
-0.0848,0.0227
-0.0847,0.0226
-0.0845,0.0226
-0.0844,0.0226
-0.0843,0.0225
-0.0841,0.0225
-0.0840,0.0224
-0.0838,0.0224
-0.0837,0.0223
-0.0836,0.0223
-0.0834,0.0222
-0.0833,0.0222
-0.0832,0.0221
-0.0830,0.0221
-0.0829,0.0220
-0.0828,0.0220
-0.0826,0.0220
-0.0825,0.0219
-0.0824,0.0219
-0.0822,0.0218
-0.0821,0.0218
-0.0820,0.0217
-0.0818,0.0217
-0.0817,0.0216
-0.0816,0.0216
-0.0814,0.0216
-0.0813,0.0215
-0.0812,0.0215
-0.0811,0.0214
-0.0809,0.0214
-0.0808,0.0213
-0.0807,0.0213
-0.0805,0.0212
-0.0804,0.0212
-0.0803,0.0212
-0.0802,0.0211
-0.0800,0.0211
-0.0799,0.0210
-0.0798,0.0210
-0.0796,0.0209
-0.0795,0.0209
-0.0794,0.0209
-0.0793,0.0208
-0.0791,0.0208
-0.0790,0.0207
-0.0789,0.0207
-0.0788,0.0206
-0.0786,0.0206
-0.0785,0.0206
-0.0784,0.0205
-0.0783,0.0205
-0.0782,0.0204
-0.0780,0.0204
-0.0779,0.0203
-0.0778,0.0203
-0.0777,0.0203
-0.0775,0.0202
-0.0774,0.0202
-0.0773,0.0201
-0.0772,0.0201
-0.0771,0.0201
-0.0769,0.0200
-0.0768,0.0200
-0.0767,0.0199
-0.0766,0.0199
-0.0765,0.0198
-0.0763,0.0198
-0.0762,0.0198
-0.0761,0.0197
-0.0760,0.0197
-0.0759,0.0196
-0.0757,0.0196
-0.0756,0.0196
-0.0755,0.0195
-0.0754,0.0195
-0.0753,0.0194
-0.0752,0.0194
-0.0750,0.0194
-0.0749,0.0193
-0.0748,0.0193
-0.0747,0.0192
-0.0746,0.0192
-0.0745,0.0192
-0.0743,0.0191
-0.0742,0.0191
-0.0741,0.0190
-0.0740,0.0190
-0.0739,0.0190
-0.0738,0.0189
-0.0737,0.0189
-0.0736,0.0189
-0.0734,0.0188
-0.0733,0.0188
-0.0732,0.0187
-0.0731,0.0187
-0.0730,0.0187
-0.0729,0.0186
-0.0728,0.0186
-0.0727,0.0186
-0.0726,0.0185
-0.0724,0.0185
-0.0723,0.0184
-0.0722,0.0184
-0.0721,0.0184
-0.0720,0.0183
-0.0719,0.0183
-0.0718,0.0183
-0.0717,0.0182
-0.0716,0.0182
-0.0715,0.0182
-0.0714,0.0181
-0.0712,0.0181
-0.0711,0.0181
-0.0710,0.0180
-0.0709,0.0180
-0.0708,0.0179
-0.0707,0.0179
-0.0706,0.0179
-0.0705,0.0178
-0.0704,0.0178
-0.0703,0.0178
-0.0702,0.0177
-0.0701,0.0177
-0.0700,0.0177
-0.0699,0.0176
-0.0698,0.0176
-0.0697,0.0176
-0.0695,0.0175
-0.0694,0.0175
-0.0693,0.0175
-0.0692,0.0174
-0.0691,0.0174
-0.0690,0.0174
-0.0689,0.0173
-0.0688,0.0173
-0.0687,0.0173
-0.0686,0.0172
-0.0685,0.0172
-0.0684,0.0172
-0.0683,0.0171
-0.0682,0.0171
-0.0681,0.0171
-0.0680,0.0170
-0.0679,0.0170
-0.0678,0.0170
-0.0677,0.0169
-0.0676,0.0169
-0.0675,0.0169
-0.0674,0.0168
-0.0673,0.0168
-0.0672,0.0168
-0.0671,0.0167
-0.0670,0.0167
-0.0669,0.0167
-0.0668,0.0166
-0.0667,0.0166
-0.0666,0.0166
-0.0665,0.0165
-0.0664,0.0165
-0.0663,0.0165
-0.0662,0.0164
-0.0661,0.0164
-0.0660,0.0164
-0.0659,0.0163
-0.0658,0.0163
-0.0657,0.0163
-0.0656,0.0163
-0.0655,0.0162
-0.0654,0.0162
-0.0653,0.0162
-0.0652,0.0161
-0.0651,0.0161
-0.0650,0.0161
-0.0649,0.0160
-0.0648,0.0160
-0.0647,0.0160
-0.0646,0.0159
-0.0645,0.0159
-0.0644,0.0159
-0.0643,0.0158
-0.0642,0.0158
-0.0641,0.0158
-0.0640,0.0157
-0.0639,0.0157
-0.0638,0.0157
-0.0637,0.0156
-0.0636,0.0156
-0.0636,0.0156
-0.0635,0.0156
-0.0634,0.0155
-0.0633,0.0155
-0.0632,0.0155
-0.0631,0.0154
-0.0630,0.0154
-0.0629,0.0154
-0.0628,0.0153
-0.0627,0.0153
-0.0626,0.0153
-0.0625,0.0153
-0.0624,0.0152
-0.0623,0.0152
-0.0622,0.0152
-0.0621,0.0151
-0.0620,0.0151
-0.0619,0.0151
-0.0618,0.0150
-0.0617,0.0150
-0.0616,0.0150
-0.0616,0.0150
-0.0615,0.0149
-0.0614,0.0149
-0.0613,0.0149
-0.0612,0.0148
-0.0611,0.0148
-0.0610,0.0148
-0.0609,0.0148
-0.0608,0.0147
-0.0607,0.0147
-0.0606,0.0147
-0.0605,0.0146
-0.0604,0.0146
-0.0603,0.0146
-0.0602,0.0145
-0.0601,0.0145
-0.0601,0.0145
-0.0600,0.0145
-0.0599,0.0144
-0.0598,0.0144
-0.0597,0.0144
-0.0596,0.0143
-0.0595,0.0143
-0.0594,0.0143
-0.0593,0.0143
-0.0592,0.0142
-0.0591,0.0142
-0.0590,0.0142
-0.0589,0.0141
-0.0588,0.0141
-0.0588,0.0141
-0.0587,0.0141
-0.0586,0.0140
-0.0585,0.0140
-0.0584,0.0140
-0.0583,0.0139
-0.0582,0.0139
-0.0581,0.0139
-0.0580,0.0139
-0.0579,0.0138
-0.0578,0.0138
-0.0577,0.0138
-0.0577,0.0137
-0.0576,0.0137
-0.0575,0.0137
-0.0574,0.0137
-0.0573,0.0136
-0.0572,0.0136
-0.0571,0.0136
-0.0570,0.0135
-0.0569,0.0135
-0.0568,0.0135
-0.0567,0.0134
-0.0566,0.0134
-0.0565,0.0134
-0.0565,0.0134
-0.0564,0.0133
-0.0563,0.0133
-0.0562,0.0133
-0.0561,0.0133
-0.0560,0.0132
-0.0559,0.0132
-0.0558,0.0132
-0.0557,0.0131
-0.0556,0.0131
-0.0555,0.0131
-0.0554,0.0131
-0.0554,0.0130
-0.0553,0.0130
-0.0552,0.0130
-0.0551,0.0129
-0.0550,0.0129
-0.0549,0.0129
-0.0548,0.0129
-0.0547,0.0128
-0.0546,0.0128
-0.0545,0.0128
-0.0544,0.0128
-0.0544,0.0127
-0.0543,0.0127
-0.0542,0.0127
-0.0541,0.0126
-0.0540,0.0126
-0.0539,0.0126
-0.0538,0.0126
-0.0537,0.0125
-0.0536,0.0125
-0.0535,0.0125
-0.0534,0.0125
-0.0534,0.0124
-0.0533,0.0124
-0.0532,0.0124
-0.0531,0.0123
-0.0530,0.0123
-0.0529,0.0123
-0.0528,0.0123
-0.0527,0.0122
-0.0526,0.0122
-0.0525,0.0122
-0.0524,0.0122
-0.0524,0.0121
-0.0523,0.0121
-0.0522,0.0121
-0.0521,0.0121
-0.0520,0.0120
-0.0519,0.0120
-0.0518,0.0120
-0.0517,0.0119
-0.0516,0.0119
-0.0516,0.0119
-0.0515,0.0119
-0.0514,0.0118
-0.0513,0.0118
-0.0512,0.0118
-0.0511,0.0118
-0.0510,0.0117
-0.0509,0.0117
-0.0508,0.0117
-0.0507,0.0117
-0.0507,0.0116
-0.0506,0.0116
-0.0505,0.0116
-0.0504,0.0116
-0.0503,0.0115
-0.0502,0.0115
-0.0501,0.0115
-0.0500,0.0115
-0.0499,0.0114
-0.0499,0.0114
-0.0498,0.0114
-0.0497,0.0114
-0.0496,0.0113
-0.0495,0.0113
-0.0494,0.0113
-0.0493,0.0113
-0.0492,0.0112
-0.0491,0.0112
-0.0491,0.0112
-0.0490,0.0112
-0.0489,0.0111
-0.0488,0.0111
-0.0487,0.0111
-0.0486,0.0110
-0.0485,0.0110
-0.0484,0.0110
-0.0483,0.0110
-0.0483,0.0109
-0.0482,0.0109
-0.0481,0.0109
-0.0480,0.0109
-0.0479,0.0108
-0.0478,0.0108
-0.0477,0.0108
-0.0476,0.0108
-0.0475,0.0107
-0.0474,0.0107
-0.0474,0.0107
-0.0473,0.0107
-0.0472,0.0106
-0.0471,0.0106
-0.0470,0.0106
-0.0469,0.0106
-0.0468,0.0105
-0.0467,0.0105
-0.0466,0.0105
-0.0466,0.0105
-0.0465,0.0104
-0.0464,0.0104
-0.0463,0.0104
-0.0462,0.0104
-0.0461,0.0103
-0.0460,0.0103
-0.0459,0.0103
-0.0458,0.0102
-0.0457,0.0102
-0.0457,0.0102
-0.0456,0.0102
-0.0455,0.0101
-0.0454,0.0101
-0.0453,0.0101
-0.0452,0.0101
-0.0451,0.0100
-0.0450,0.0100
-0.0449,0.0100
-0.0448,0.0100
-0.0448,0.0099
-0.0447,0.0099
-0.0446,0.0099
-0.0445,0.0099
-0.0444,0.0098
-0.0443,0.0098
-0.0442,0.0098
-0.0441,0.0098
-0.0440,0.0097
-0.0439,0.0097
-0.0438,0.0097
-0.0438,0.0097
-0.0437,0.0096
-0.0436,0.0096
-0.0435,0.0096
-0.0434,0.0096
-0.0433,0.0095
-0.0432,0.0095
-0.0431,0.0095
-0.0430,0.0095
-0.0429,0.0094
-0.0428,0.0094
-0.0427,0.0094
-0.0427,0.0094
-0.0426,0.0093
-0.0425,0.0093
-0.0424,0.0093
-0.0423,0.0093
-0.0422,0.0092
-0.0421,0.0092
-0.0420,0.0092
-0.0419,0.0092
-0.0418,0.0091
-0.0417,0.0091
-0.0416,0.0091
-0.0415,0.0091
-0.0415,0.0090
-0.0414,0.0090
-0.0413,0.0090
-0.0412,0.0090
-0.0411,0.0089
-0.0410,0.0089
-0.0409,0.0089
-0.0408,0.0089
-0.0407,0.0088
-0.0406,0.0088
-0.0405,0.0088
-0.0404,0.0088
-0.0403,0.0087
-0.0402,0.0087
-0.0401,0.0087
-0.0401,0.0087
-0.0400,0.0086
-0.0399,0.0086
-0.0398,0.0086
-0.0397,0.0085
-0.0396,0.0085
-0.0395,0.0085
-0.0394,0.0085
-0.0393,0.0084
-0.0392,0.0084
-0.0391,0.0084
-0.0390,0.0084
-0.0389,0.0083
-0.0388,0.0083
-0.0387,0.0083
-0.0386,0.0083
-0.0385,0.0082
-0.0384,0.0082
-0.0383,0.0082
-0.0382,0.0082
-0.0381,0.0081
-0.0380,0.0081
-0.0379,0.0081
-0.0378,0.0081
-0.0377,0.0080
-0.0376,0.0080
-0.0375,0.0080
-0.0374,0.0080
-0.0373,0.0079
-0.0372,0.0079
-0.0372,0.0079
-0.0371,0.0079
-0.0370,0.0078
-0.0369,0.0078
-0.0368,0.0078
-0.0367,0.0078
-0.0366,0.0077
-0.0365,0.0077
-0.0364,0.0077
-0.0363,0.0077
-0.0362,0.0076
-0.0361,0.0076
-0.0360,0.0076
-0.0359,0.0076
-0.0358,0.0075
-0.0357,0.0075
-0.0356,0.0075
-0.0355,0.0075
-0.0354,0.0074
-0.0352,0.0074
-0.0351,0.0074
-0.0350,0.0074
-0.0349,0.0073
-0.0348,0.0073
-0.0347,0.0073
-0.0346,0.0073
-0.0345,0.0072
-0.0344,0.0072
-0.0343,0.0072
-0.0342,0.0072
-0.0341,0.0071
-0.0340,0.0071
-0.0339,0.0071
-0.0338,0.0071
-0.0337,0.0070
-0.0336,0.0070
-0.0335,0.0070
-0.0334,0.0069
-0.0333,0.0069
-0.0332,0.0069
-0.0330,0.0069
-0.0329,0.0068
-0.0328,0.0068
-0.0327,0.0068
-0.0326,0.0068
-0.0325,0.0067
-0.0324,0.0067
-0.0323,0.0067
-0.0322,0.0066
-0.0321,0.0066
-0.0320,0.0066
-0.0318,0.0066
-0.0317,0.0065
-0.0316,0.0065
-0.0315,0.0065
-0.0314,0.0065
-0.0313,0.0064
-0.0312,0.0064
-0.0311,0.0064
-0.0309,0.0064
-0.0308,0.0063
-0.0307,0.0063
-0.0306,0.0063
-0.0305,0.0063
-0.0304,0.0062
-0.0303,0.0062
-0.0302,0.0062
-0.0300,0.0062
-0.0299,0.0061
-0.0298,0.0061
-0.0297,0.0061
-0.0296,0.0061
-0.0295,0.0060
-0.0293,0.0060
-0.0292,0.0060
-0.0291,0.0059
-0.0290,0.0059
-0.0289,0.0059
-0.0287,0.0059
-0.0286,0.0058
-0.0285,0.0058
-0.0284,0.0058
-0.0283,0.0058
-0.0281,0.0057
-0.0280,0.0057
-0.0279,0.0057
-0.0278,0.0057
-0.0276,0.0056
-0.0275,0.0056
-0.0274,0.0056
-0.0273,0.0056
-0.0271,0.0055
-0.0270,0.0055
-0.0269,0.0055
-0.0268,0.0054
-0.0266,0.0054
-0.0265,0.0054
-0.0264,0.0054
-0.0263,0.0053
-0.0261,0.0053
-0.0260,0.0053
-0.0259,0.0053
-0.0257,0.0052
-0.0256,0.0052
-0.0255,0.0052
-0.0253,0.0052
-0.0252,0.0051
-0.0251,0.0051
-0.0249,0.0051
-0.0248,0.0050
-0.0246,0.0050
-0.0245,0.0050
-0.0244,0.0050
-0.0242,0.0049
-0.0241,0.0049
-0.0240,0.0049
-0.0238,0.0048
-0.0237,0.0048
-0.0235,0.0048
-0.0234,0.0047
-0.7693
-0.4422
-0.3217
-0.3196
-0.1994
-0.1806
-0.1439
-0.0507
-0.0387
-0.0341
-0.0280
-0.0151
0.0060
0.0236
0.0240
0.0279
0.0392
0.0416
0.0498
0.0639
0.0649
0.0982
0.1035
0.1071
0.1224
0.1346
0.1399
0.1465
0.1662
0.1698
0.1820
0.1851
0.2111
0.2254
0.2306
0.2397
0.2508
0.2544
0.2720
0.2726
0.2730
0.2791
0.3022
0.3044
0.3199
0.3200
0.3228
0.3240
0.3258
0.3277
0.3293
0.3332
0.3364
0.3370
0.3387
0.3446
0.3458
0.3461
0.3486
0.3504
0.3504
0.3638
0.3687
0.3691
0.3776
0.3906
0.4095
0.4098
0.4124
0.4155
0.4222
0.4294
0.4305
0.4354
0.4468
0.4561
0.4569
0.4651
0.4657
0.4717
0.4756
0.4777
0.4811
0.4837
0.4893
0.4928
0.4937
0.4988
0.5047
0.5054
0.5127
0.5142
0.5179
0.5239
0.5269
0.5286
0.5344
0.5550
0.5621
0.5639
0.5713
0.5738
0.5837
0.5846
0.5897
0.5926
0.5942
0.5967
0.5981
0.5991
0.6150
0.6165
0.6177
0.6203
0.6247
0.6262
0.6282
0.6287
0.6360
0.6382
0.6421
0.6497
0.6542
0.6573
0.6622
0.6642
0.6670
0.6673
0.6675
0.6693
0.6711
0.6725
0.6780
0.6797
0.6800
0.6817
0.6897
0.6913
0.6936
0.6956
0.6996
0.7032
0.7039
0.7090
0.7118
0.7141
0.7168
0.7192
0.7208
0.7214
0.7229
0.7245
0.7326
0.7334
0.7359
0.7359
0.7367
0.7412
0.7463
0.7480
0.7563
0.7577
0.7636
0.7657
0.7660
0.7714
0.7726
0.7756
0.7758
0.7869
0.7874
0.7880
0.7893
0.7992
0.8005
0.8016
0.8024
0.8033
0.8045
0.8101
0.8109
0.8116
0.8142
0.8144
0.8175
0.8221
0.8225
0.8288
0.8289
0.8307
0.8341
0.8359
0.8392
0.8420
0.8427
0.8453
0.8481
0.8500
0.8540
0.8545
0.8614
0.8631
0.8636
0.8654
0.8685
0.8738
0.8809
0.8817
0.8838
0.8850
0.8852
0.8870
0.8872
0.8906
0.8948
0.8969
0.8976
0.8976
0.9115
0.9173
0.9182
0.9189
0.9259
0.9261
0.9295
0.9303
0.9317
0.9320
0.9364
0.9405
0.9418
0.9434
0.9475
0.9480
0.9498
0.9502
0.9510
0.9519
0.9539
0.9580
0.9590
0.9599
0.9612
0.9627
0.9633
0.9656
0.9696
0.9730
0.9748
0.9762
0.9798
0.9847
0.9859
0.9905
0.9918
0.9924
1.0070
1.0087
1.0090
1.0098
1.0098
1.0119
1.0122
1.0122
1.0125
1.0130
1.0148
1.0148
1.0174
1.0179
1.0183
1.0204
1.0294
1.0316
1.0324
1.0334
1.0373
1.0384
1.0433
1.0458
1.0479
1.0493
1.0493
1.0498
1.0612
1.0616
1.0650
1.0663
1.0679
1.0689
1.0702
1.0703
1.0704
1.0716
1.0722
1.0752
1.0819
1.0827
1.0827
1.0838
1.0859
1.0861
1.0869
1.0875
1.1013
1.1030
1.1041
1.1060
1.1099
1.1145
1.1166
1.1180
1.1182
1.1201
1.1217
1.1218
1.1218
1.1251
1.1265
1.1274
1.1305
1.1309
1.1314
1.1331
1.1343
1.1344
1.1345
1.1345
1.1349
1.1353
1.1363
1.1377
1.1440
1.1456
1.1475
1.1475
1.1581
1.1582
1.1608
1.1609
1.1612
1.1644
1.1649
1.1650
1.1652
1.1654
1.1675
1.1719
1.1721
1.1762
1.1769
1.1774
1.1812
1.1823
1.1832
1.1847
1.1857
1.1940
1.1961
1.1967
1.1967
1.1981
1.1982
1.2036
1.2057
1.2063
1.2076
1.2120
1.2164
1.2172
1.2179
1.2221
1.2224
1.2258
1.2259
1.2274
1.2285
1.2294
1.2364
1.2371
1.2377
1.2397
1.2432
1.2441
1.2463
1.2523
1.2523
1.2559
1.2589
1.2594
1.2602
1.2621
1.2622
1.2623
1.2632
1.2634
1.2658
1.2682
1.2699
1.2702
1.2703
1.2718
1.2720
1.2722
1.2731
1.2736
1.2750
1.2798
1.2802
1.2807
1.2854
1.2901
1.2905
1.2914
1.2919
1.3051
1.3056
1.3066
1.3066
1.3106
1.3147
1.3171
1.3171
1.3228
1.3273
1.3289
1.3301
1.3308
1.3308
1.3348
1.3385
1.3394
1.3395
1.3417
1.3422
1.3510
1.3530
1.3549
1.3677
1.3688
1.3699
1.3707
1.3734
1.3756
1.3765
1.3776
1.3779
1.3797
1.3805
1.3836
1.3847
1.3850
1.3867
1.3893
1.3898
1.3901
1.3996
1.4006
1.4018
1.4029
1.4109
1.4110
1.4123
1.4142
1.4183
1.4237
1.4263
1.4329
1.4335
1.4346
1.4347
1.4364
1.4372
1.4380
1.4381
1.4421
1.4422
1.4424
1.4465
1.4467
1.4467
1.4486
1.4502
1.4509
1.4515
1.4519
1.4524
1.4548
1.4550
1.4557
1.4559
1.4564
1.4582
1.4588
1.4641
1.4645
1.4685
1.4734
1.4736
1.4738
1.4760
1.4791
1.4826
1.4873
1.4899
1.4948
1.4958
1.4979
1.4996
1.5002
1.5020
1.5054
1.5063
1.5072
1.5091
1.5107
1.5170
1.5180
1.5215
1.5235
1.5268
1.5275
1.5276
1.5289
1.5361
1.5376
1.5421
1.5426
1.5435
1.5445
1.5461
1.5475
1.5481
1.5499
1.5510
1.5562
1.5595
1.5599
1.5635
1.5645
1.5659
1.5686
1.5714
1.5718
1.5718
1.5721
1.5735
1.5749
1.5770
1.5804
1.5818
1.5846
1.5849
1.5850
1.5862
1.5927
1.5939
1.5978
1.5980
1.6015
1.6030
1.6126
1.6154
1.6169
1.6190
1.6196
1.6204
1.6222
1.6231
1.6246
1.6254
1.6258
1.6283
1.6328
1.6341
1.6366
1.6383
1.6385
1.6424
1.6432
1.6449
1.6452
1.6473
1.6479
1.6480
1.6486
1.6491
1.6492
1.6521
1.6546
1.6578
1.6581
1.6585
1.6609
1.6616
1.6626
1.6721
1.6725
1.6762
1.6771
1.6810
1.6818
1.6868
1.6870
1.6876
1.6887
1.6959
1.6961
1.6974
1.7012
1.7044
1.7088
1.7137
1.7162
1.7187
1.7200
1.7221
1.7249
1.7252
1.7274
1.7309
1.7342
1.7358
1.7403
1.7415
1.7435
1.7525
1.7539
1.7559
1.7562
1.7596
1.7622
1.7644
1.7696
1.7704
1.7708
1.7748
1.7779
1.7796
1.7806
1.7812
1.7815
1.7817
1.7828
1.7836
1.7841
1.7903
1.7910
1.7928
1.7935
1.7955
1.7957
1.7968
1.8006
1.8008
1.8065
1.8075
1.8094
1.8131
1.8178
1.8209
1.8251
1.8259
1.8347
1.8383
1.8386
1.8390
1.8428
1.8436
1.8444
1.8447
1.8459
1.8514
1.8516
1.8545
1.8580
1.8599
1.8605
1.8632
1.8639
1.8640
1.8672
1.8676
1.8681
1.8689
1.8700
1.8723
1.8726
1.8784
1.8789
1.8827
1.8875
1.8924
1.8935
1.8940
1.8959
1.8995
1.9009
1.9054
1.9060
1.9104
1.9106
1.9124
1.9127
1.9213
1.9228
1.9300
1.9311
1.9311
1.9347
1.9363
1.9392
1.9426
1.9444
1.9467
1.9476
1.9484
1.9545
1.9556
1.9560
1.9620
1.9626
1.9639
1.9698
1.9707
1.9709
1.9725
1.9726
1.9733
1.9765
1.9786
1.9811
1.9832
1.9842
1.9843
1.9870
1.9937
1.9962
1.9980
1.9995
2.0040
2.0060
2.0119
2.0136
2.0158
2.0170
2.0179
2.0223
2.0231
2.0299
2.0304
2.0317
2.0353
2.0364
2.0397
2.0415
2.0459
2.0597
2.0623
2.0705
2.0770
2.0788
2.0805
2.0810
2.0815
2.0837
2.0842
2.0843
2.0858
2.0859
2.0874
2.0907
2.0951
2.1069
2.1083
2.1105
2.1113
2.1188
2.1208
2.1275
2.1330
2.1371
2.1372
2.1377
2.1395
2.1438
2.1457
2.1458
2.1478
2.1485
2.1583
2.1588
2.1650
2.1671
2.1682
2.1711
2.1725
2.1827
2.1923
2.1925
2.1941
2.1963
2.1968
2.2006
2.2011
2.2057
2.2061
2.2095
2.2137
2.2178
2.2210
2.2218
2.2221
2.2256
2.2298
2.2378
2.2405
2.2428
2.2452
2.2541
2.2618
2.2652
2.2686
2.2723
2.2744
2.2819
2.2847
2.2851
2.2862
2.2939
2.2984
2.3002
2.3091
2.3093
2.3122
2.3209
2.3232
2.3252
2.3291
2.3293
2.3311
2.3312
2.3341
2.3368
2.3421
2.3431
2.3462
2.3483
2.3488
2.3593
2.3600
2.3629
2.3653
2.3684
2.3700
2.3788
2.3816
2.3827
2.3885
2.3917
2.3936
2.3961
2.4027
2.4074
2.4126
2.4129
2.4168
2.4200
2.4215
2.4285
2.4287
2.4302
2.4314
2.4323
2.4335
2.4393
2.4400
2.4412
2.4534
2.4703
2.4764
2.4801
2.4816
2.4908
2.4918
2.4982
2.4995
2.5126
2.5176
2.5217
2.5220
2.5339
2.5351
2.5398
2.5399
2.5487
2.5494
2.5685
2.5717
2.5730
2.5736
2.5737
2.5820
2.5822
2.5854
2.5923
2.5978
2.6149
2.6182
2.6200
2.6262
2.6262
2.6293
2.6293
2.6294
2.6400
2.6453
2.6460
2.6475
2.6536
2.6613
2.6618
2.6647
2.6795
2.6856
2.6860
2.6911
2.7096
2.7133
2.7175
2.7320
2.7351
2.7382
2.7409
2.7498
2.7525
2.7633
2.7701
2.7710
2.7747
2.7748
2.7826
2.8171
2.8242
2.8333
2.8346
2.8495
2.8673
2.8690
2.8712
2.8775
2.8845
2.8926
2.9223
2.9247
2.9253
2.9337
2.9395
2.9464
2.9609
2.9821
2.9844
3.0168
3.0249
3.0433
3.0665
3.0716
3.0775
3.1213
3.1227
3.1307
3.2279
3.2369
3.2480
3.2669
3.2814
3.2981
3.3031
3.3188
3.3192
3.3381
3.3421
3.3449
3.4161
3.4200
3.4475
3.4928
3.5513
3.5666
3.6025
3.6159
3.7270
3.9524
4.0139
4.0246
4.0324
4.1120
4.2692
4.5527
5.9426
