1000
1000
-1.7984,0.2265
-1.7059,0.2219
-1.4862,0.1777
-1.3331,0.1648
-1.2190,0.1574
-1.1291,0.1513
-1.0561,0.1453
-0.9953,0.1396
-0.9441,0.1354
-0.9004,0.1314
-0.8623,0.1281
-0.8287,0.1254
-0.7985,0.1228
-0.7716,0.1207
-0.7472,0.1187
-0.7251,0.1168
-0.7048,0.1149
-0.6861,0.1131
-0.6689,0.1115
-0.6529,0.1100
-0.6380,0.1086
-0.6241,0.1072
-0.6110,0.1057
-0.5988,0.1043
-0.5873,0.1029
-0.5766,0.1017
-0.5664,0.1005
-0.5567,0.0994
-0.5476,0.0983
-0.5388,0.0973
-0.5305,0.0963
-0.5226,0.0953
-0.5150,0.0944
-0.5078,0.0936
-0.5010,0.0928
-0.4944,0.0920
-0.4880,0.0913
-0.4819,0.0906
-0.4761,0.0899
-0.4704,0.0892
-0.4649,0.0886
-0.4597,0.0880
-0.4546,0.0874
-0.4497,0.0868
-0.4449,0.0862
-0.4403,0.0856
-0.4359,0.0850
-0.4315,0.0843
-0.4273,0.0837
-0.4232,0.0831
-0.4192,0.0825
-0.4153,0.0820
-0.4116,0.0814
-0.4079,0.0809
-0.4044,0.0804
-0.4009,0.0799
-0.3976,0.0794
-0.3943,0.0789
-0.3911,0.0784
-0.3880,0.0779
-0.3850,0.0775
-0.3820,0.0770
-0.3791,0.0766
-0.3763,0.0762
-0.3736,0.0758
-0.3709,0.0754
-0.3682,0.0750
-0.3657,0.0746
-0.3632,0.0743
-0.3607,0.0739
-0.3583,0.0736
-0.3559,0.0733
-0.3536,0.0729
-0.3514,0.0726
-0.3492,0.0723
-0.3470,0.0720
-0.3448,0.0717
-0.3427,0.0713
-0.3407,0.0710
-0.3386,0.0707
-0.3366,0.0704
-0.3347,0.0701
-0.3327,0.0698
-0.3308,0.0695
-0.3290,0.0691
-0.3271,0.0688
-0.3253,0.0685
-0.3235,0.0682
-0.3217,0.0679
-0.3200,0.0676
-0.3183,0.0672
-0.3166,0.0669
-0.3150,0.0666
-0.3133,0.0663
-0.3118,0.0660
-0.3102,0.0657
-0.3086,0.0654
-0.3071,0.0651
-0.3056,0.0649
-0.3041,0.0646
-0.3027,0.0643
-0.3012,0.0640
-0.2998,0.0638
-0.2984,0.0635
-0.2970,0.0633
-0.2957,0.0631
-0.2944,0.0628
-0.2930,0.0626
-0.2918,0.0623
-0.2905,0.0621
-0.2892,0.0619
-0.2879,0.0616
-0.2867,0.0614
-0.2855,0.0612
-0.2843,0.0610
-0.2831,0.0607
-0.2819,0.0605
-0.2807,0.0603
-0.2796,0.0601
-0.2785,0.0599
-0.2773,0.0597
-0.2762,0.0595
-0.2751,0.0593
-0.2741,0.0591
-0.2730,0.0589
-0.2719,0.0587
-0.2709,0.0585
-0.2699,0.0583
-0.2689,0.0581
-0.2678,0.0579
-0.2669,0.0577
-0.2659,0.0575
-0.2649,0.0574
-0.2639,0.0572
-0.2630,0.0570
-0.2620,0.0568
-0.2611,0.0567
-0.2602,0.0565
-0.2593,0.0563
-0.2584,0.0562
-0.2575,0.0560
-0.2566,0.0558
-0.2557,0.0557
-0.2549,0.0555
-0.2540,0.0554
-0.2531,0.0552
-0.2523,0.0550
-0.2515,0.0549
-0.2506,0.0547
-0.2498,0.0546
-0.2490,0.0544
-0.2482,0.0543
-0.2474,0.0541
-0.2466,0.0540
-0.2458,0.0539
-0.2451,0.0537
-0.2443,0.0536
-0.2435,0.0534
-0.2428,0.0533
-0.2420,0.0532
-0.2413,0.0530
-0.2406,0.0529
-0.2398,0.0528
-0.2391,0.0527
-0.2384,0.0525
-0.2377,0.0524
-0.2370,0.0523
-0.2363,0.0521
-0.2356,0.0520
-0.2350,0.0519
-0.2343,0.0518
-0.2336,0.0516
-0.2329,0.0515
-0.2323,0.0514
-0.2316,0.0513
-0.2310,0.0511
-0.2303,0.0510
-0.2297,0.0509
-0.2290,0.0508
-0.2284,0.0507
-0.2278,0.0505
-0.2272,0.0504
-0.2266,0.0503
-0.2259,0.0502
-0.2253,0.0501
-0.2247,0.0499
-0.2241,0.0498
-0.2235,0.0497
-0.2230,0.0496
-0.2224,0.0495
-0.2218,0.0494
-0.2212,0.0493
-0.2206,0.0492
-0.2201,0.0491
-0.2195,0.0489
-0.2190,0.0488
-0.2184,0.0487
-0.2178,0.0486
-0.2173,0.0485
-0.2167,0.0484
-0.2162,0.0483
-0.2157,0.0482
-0.2151,0.0481
-0.2146,0.0480
-0.2141,0.0479
-0.2135,0.0478
-0.2130,0.0477
-0.2125,0.0476
-0.2120,0.0475
-0.2115,0.0474
-0.2110,0.0473
-0.2105,0.0472
-0.2100,0.0471
-0.2095,0.0470
-0.2090,0.0469
-0.2085,0.0468
-0.2080,0.0467
-0.2075,0.0466
-0.2070,0.0465
-0.2066,0.0464
-0.2061,0.0463
-0.2056,0.0462
-0.2052,0.0461
-0.2047,0.0460
-0.2042,0.0459
-0.2038,0.0458
-0.2033,0.0457
-0.2028,0.0456
-0.2024,0.0455
-0.2020,0.0454
-0.2015,0.0453
-0.2011,0.0452
-0.2006,0.0451
-0.2002,0.0451
-0.1998,0.0450
-0.1993,0.0449
-0.1989,0.0448
-0.1985,0.0447
-0.1981,0.0446
-0.1976,0.0445
-0.1972,0.0444
-0.1968,0.0444
-0.1964,0.0443
-0.1960,0.0442
-0.1956,0.0441
-0.1952,0.0440
-0.1948,0.0439
-0.1944,0.0439
-0.1940,0.0438
-0.1936,0.0437
-0.1932,0.0436
-0.1928,0.0435
-0.1924,0.0434
-0.1920,0.0434
-0.1916,0.0433
-0.1912,0.0432
-0.1908,0.0431
-0.1905,0.0431
-0.1901,0.0430
-0.1897,0.0429
-0.1894,0.0428
-0.1890,0.0428
-0.1886,0.0427
-0.1883,0.0426
-0.1879,0.0425
-0.1875,0.0425
-0.1872,0.0424
-0.1868,0.0423
-0.1865,0.0422
-0.1861,0.0422
-0.1858,0.0421
-0.1854,0.0420
-0.1851,0.0420
-0.1847,0.0419
-0.1844,0.0418
-0.1840,0.0418
-0.1837,0.0417
-0.1833,0.0416
-0.1830,0.0416
-0.1827,0.0415
-0.1823,0.0414
-0.1820,0.0414
-0.1817,0.0413
-0.1814,0.0412
-0.1810,0.0412
-0.1807,0.0411
-0.1804,0.0411
-0.1801,0.0410
-0.1797,0.0409
-0.1794,0.0409
-0.1791,0.0408
-0.1788,0.0407
-0.1785,0.0407
-0.1782,0.0406
-0.1779,0.0406
-0.1775,0.0405
-0.1772,0.0404
-0.1769,0.0404
-0.1766,0.0403
-0.1763,0.0403
-0.1760,0.0402
-0.1757,0.0402
-0.1754,0.0401
-0.1751,0.0400
-0.1748,0.0400
-0.1745,0.0399
-0.1743,0.0399
-0.1740,0.0398
-0.1737,0.0398
-0.1734,0.0397
-0.1731,0.0396
-0.1728,0.0396
-0.1725,0.0395
-0.1723,0.0395
-0.1720,0.0394
-0.1717,0.0394
-0.1714,0.0393
-0.1711,0.0393
-0.1709,0.0392
-0.1706,0.0392
-0.1703,0.0391
-0.1700,0.0391
-0.1698,0.0390
-0.1695,0.0390
-0.1692,0.0389
-0.1690,0.0389
-0.1687,0.0388
-0.1684,0.0388
-0.1682,0.0387
-0.1679,0.0387
-0.1677,0.0386
-0.1674,0.0386
-0.1671,0.0385
-0.1669,0.0385
-0.1666,0.0384
-0.1664,0.0384
-0.1661,0.0383
-0.1659,0.0383
-0.1656,0.0382
-0.1654,0.0382
-0.1651,0.0381
-0.1649,0.0381
-0.1646,0.0380
-0.1644,0.0380
-0.1641,0.0380
-0.1639,0.0379
-0.1637,0.0379
-0.1634,0.0378
-0.1632,0.0378
-0.1629,0.0377
-0.1627,0.0377
-0.1624,0.0376
-0.1622,0.0376
-0.1620,0.0376
-0.1617,0.0375
-0.1615,0.0375
-0.1613,0.0374
-0.1610,0.0374
-0.1608,0.0373
-0.1606,0.0373
-0.1603,0.0372
-0.1601,0.0372
-0.1599,0.0371
-0.1597,0.0371
-0.1594,0.0371
-0.1592,0.0370
-0.1590,0.0370
-0.1588,0.0369
-0.1585,0.0369
-0.1583,0.0368
-0.1581,0.0368
-0.1579,0.0368
-0.1577,0.0367
-0.1574,0.0367
-0.1572,0.0366
-0.1570,0.0366
-0.1568,0.0366
-0.1566,0.0365
-0.1564,0.0365
-0.1561,0.0364
-0.1559,0.0364
-0.1557,0.0363
-0.1555,0.0363
-0.1553,0.0363
-0.1551,0.0362
-0.1549,0.0362
-0.1547,0.0361
-0.1545,0.0361
-0.1543,0.0361
-0.1541,0.0360
-0.1539,0.0360
-0.1537,0.0359
-0.1535,0.0359
-0.1533,0.0359
-0.1531,0.0358
-0.1529,0.0358
-0.1527,0.0357
-0.1525,0.0357
-0.1523,0.0357
-0.1521,0.0356
-0.1519,0.0356
-0.1517,0.0356
-0.1515,0.0355
-0.1513,0.0355
-0.1511,0.0354
-0.1509,0.0354
-0.1507,0.0354
-0.1505,0.0353
-0.1503,0.0353
-0.1501,0.0352
-0.1499,0.0352
-0.1497,0.0352
-0.1496,0.0351
-0.1494,0.0351
-0.1492,0.0350
-0.1490,0.0350
-0.1488,0.0349
-0.1486,0.0349
-0.1484,0.0349
-0.1482,0.0348
-0.1481,0.0348
-0.1479,0.0348
-0.1477,0.0347
-0.1475,0.0347
-0.1473,0.0346
-0.1472,0.0346
-0.1470,0.0346
-0.1468,0.0345
-0.1466,0.0345
-0.1464,0.0344
-0.1463,0.0344
-0.1461,0.0344
-0.1459,0.0343
-0.1457,0.0343
-0.1456,0.0342
-0.1454,0.0342
-0.1452,0.0342
-0.1450,0.0341
-0.1449,0.0341
-0.1447,0.0341
-0.1445,0.0340
-0.1443,0.0340
-0.1442,0.0339
-0.1440,0.0339
-0.1438,0.0339
-0.1437,0.0338
-0.1435,0.0338
-0.1433,0.0338
-0.1432,0.0337
-0.1430,0.0337
-0.1428,0.0337
-0.1427,0.0336
-0.1425,0.0336
-0.1423,0.0335
-0.1422,0.0335
-0.1420,0.0335
-0.1418,0.0334
-0.1417,0.0334
-0.1415,0.0334
-0.1414,0.0333
-0.1412,0.0333
-0.1410,0.0333
-0.1409,0.0332
-0.1407,0.0332
-0.1406,0.0332
-0.1404,0.0331
-0.1402,0.0331
-0.1401,0.0330
-0.1399,0.0330
-0.1398,0.0330
-0.1396,0.0329
-0.1395,0.0329
-0.1393,0.0329
-0.1392,0.0328
-0.1390,0.0328
-0.1388,0.0328
-0.1387,0.0327
-0.1385,0.0327
-0.1384,0.0327
-0.1382,0.0326
-0.1381,0.0326
-0.1379,0.0326
-0.1378,0.0325
-0.1376,0.0325
-0.1375,0.0325
-0.1373,0.0324
-0.1372,0.0324
-0.1370,0.0324
-0.1369,0.0323
-0.1368,0.0323
-0.1366,0.0323
-0.1365,0.0322
-0.1363,0.0322
-0.1362,0.0322
-0.1360,0.0321
-0.1359,0.0321
-0.1357,0.0321
-0.1356,0.0320
-0.1355,0.0320
-0.1353,0.0320
-0.1352,0.0319
-0.1350,0.0319
-0.1349,0.0319
-0.1348,0.0318
-0.1346,0.0318
-0.1345,0.0318
-0.1343,0.0318
-0.1342,0.0317
-0.1341,0.0317
-0.1339,0.0317
-0.1338,0.0316
-0.1336,0.0316
-0.1335,0.0316
-0.1334,0.0315
-0.1332,0.0315
-0.1331,0.0315
-0.1330,0.0315
-0.1328,0.0314
-0.1327,0.0314
-0.1326,0.0314
-0.1324,0.0313
-0.1323,0.0313
-0.1322,0.0313
-0.1320,0.0312
-0.1319,0.0312
-0.1318,0.0312
-0.1316,0.0312
-0.1315,0.0311
-0.1314,0.0311
-0.1312,0.0311
-0.1311,0.0310
-0.1310,0.0310
-0.1309,0.0310
-0.1307,0.0310
-0.1306,0.0309
-0.1305,0.0309
-0.1303,0.0309
-0.1302,0.0308
-0.1301,0.0308
-0.1300,0.0308
-0.1298,0.0308
-0.1297,0.0307
-0.1296,0.0307
-0.1295,0.0307
-0.1293,0.0306
-0.1292,0.0306
-0.1291,0.0306
-0.1290,0.0306
-0.1288,0.0305
-0.1287,0.0305
-0.1286,0.0305
-0.1285,0.0305
-0.1284,0.0304
-0.1282,0.0304
-0.1281,0.0304
-0.1280,0.0303
-0.1279,0.0303
-0.1277,0.0303
-0.1276,0.0303
-0.1275,0.0302
-0.1274,0.0302
-0.1273,0.0302
-0.1271,0.0302
-0.1270,0.0301
-0.1269,0.0301
-0.1268,0.0301
-0.1267,0.0301
-0.1266,0.0300
-0.1264,0.0300
-0.1263,0.0300
-0.1262,0.0300
-0.1261,0.0299
-0.1260,0.0299
-0.1259,0.0299
-0.1258,0.0299
-0.1256,0.0298
-0.1255,0.0298
-0.1254,0.0298
-0.1253,0.0298
-0.1252,0.0297
-0.1251,0.0297
-0.1250,0.0297
-0.1248,0.0297
-0.1247,0.0296
-0.1246,0.0296
-0.1245,0.0296
-0.1244,0.0296
-0.1243,0.0295
-0.1242,0.0295
-0.1241,0.0295
-0.1239,0.0295
-0.1238,0.0294
-0.1237,0.0294
-0.1236,0.0294
-0.1235,0.0294
-0.1234,0.0293
-0.1233,0.0293
-0.1232,0.0293
-0.1231,0.0293
-0.1230,0.0292
-0.1229,0.0292
-0.1227,0.0292
-0.1226,0.0292
-0.1225,0.0291
-0.1224,0.0291
-0.1223,0.0291
-0.1222,0.0291
-0.1221,0.0290
-0.1220,0.0290
-0.1219,0.0290
-0.1218,0.0290
-0.1217,0.0290
-0.1216,0.0289
-0.1215,0.0289
-0.1214,0.0289
-0.1213,0.0289
-0.1212,0.0288
-0.1211,0.0288
-0.1210,0.0288
-0.1209,0.0288
-0.1208,0.0287
-0.1206,0.0287
-0.1205,0.0287
-0.1204,0.0287
-0.1203,0.0287
-0.1202,0.0286
-0.1201,0.0286
-0.1200,0.0286
-0.1199,0.0286
-0.1198,0.0285
-0.1197,0.0285
-0.1196,0.0285
-0.1195,0.0285
-0.1194,0.0284
-0.1193,0.0284
-0.1192,0.0284
-0.1191,0.0284
-0.1190,0.0284
-0.1189,0.0283
-0.1188,0.0283
-0.1187,0.0283
-0.1186,0.0283
-0.1185,0.0282
-0.1184,0.0282
-0.1184,0.0282
-0.1183,0.0282
-0.1182,0.0282
-0.1181,0.0281
-0.1180,0.0281
-0.1179,0.0281
-0.1178,0.0281
-0.1177,0.0281
-0.1176,0.0280
-0.1175,0.0280
-0.1174,0.0280
-0.1173,0.0280
-0.1172,0.0279
-0.1171,0.0279
-0.1170,0.0279
-0.1169,0.0279
-0.1168,0.0279
-0.1167,0.0278
-0.1166,0.0278
-0.1165,0.0278
-0.1165,0.0278
-0.1164,0.0278
-0.1163,0.0277
-0.1162,0.0277
-0.1161,0.0277
-0.1160,0.0277
-0.1159,0.0277
-0.1158,0.0276
-0.1157,0.0276
-0.1156,0.0276
-0.1155,0.0276
-0.1154,0.0276
-0.1154,0.0275
-0.1153,0.0275
-0.1152,0.0275
-0.1151,0.0275
-0.1150,0.0275
-0.1149,0.0274
-0.1148,0.0274
-0.1147,0.0274
-0.1146,0.0274
-0.1146,0.0274
-0.1145,0.0273
-0.1144,0.0273
-0.1143,0.0273
-0.1142,0.0273
-0.1141,0.0273
-0.1140,0.0272
-0.1139,0.0272
-0.1139,0.0272
-0.1138,0.0272
-0.1137,0.0272
-0.1136,0.0272
-0.1135,0.0271
-0.1134,0.0271
-0.1133,0.0271
-0.1133,0.0271
-0.1132,0.0271
-0.1131,0.0270
-0.1130,0.0270
-0.1129,0.0270
-0.1128,0.0270
-0.1127,0.0270
-0.1127,0.0269
-0.1126,0.0269
-0.1125,0.0269
-0.1124,0.0269
-0.1123,0.0269
-0.1122,0.0269
-0.1122,0.0268
-0.1121,0.0268
-0.1120,0.0268
-0.1119,0.0268
-0.1118,0.0268
-0.1118,0.0268
-0.1117,0.0267
-0.1116,0.0267
-0.1115,0.0267
-0.1114,0.0267
-0.1113,0.0267
-0.1113,0.0267
-0.1112,0.0266
-0.1111,0.0266
-0.1110,0.0266
-0.1109,0.0266
-0.1109,0.0266
-0.1108,0.0265
-0.1107,0.0265
-0.1106,0.0265
-0.1105,0.0265
-0.1105,0.0265
-0.1104,0.0265
-0.1103,0.0264
-0.1102,0.0264
-0.1102,0.0264
-0.1101,0.0264
-0.1100,0.0264
-0.1099,0.0264
-0.1098,0.0264
-0.1098,0.0263
-0.1097,0.0263
-0.1096,0.0263
-0.1095,0.0263
-0.1095,0.0263
-0.1094,0.0263
-0.1093,0.0262
-0.1092,0.0262
-0.1092,0.0262
-0.1091,0.0262
-0.1090,0.0262
-0.1089,0.0262
-0.1089,0.0261
-0.1088,0.0261
-0.1087,0.0261
-0.1086,0.0261
-0.1086,0.0261
-0.1085,0.0261
-0.1084,0.0260
-0.1083,0.0260
-0.1083,0.0260
-0.1082,0.0260
-0.1081,0.0260
-0.1080,0.0260
-0.1080,0.0260
-0.1079,0.0259
-0.1078,0.0259
-0.1077,0.0259
-0.1077,0.0259
-0.1076,0.0259
-0.1075,0.0259
-0.1074,0.0258
-0.1074,0.0258
-0.1073,0.0258
-0.1072,0.0258
-0.1072,0.0258
-0.1071,0.0258
-0.1070,0.0257
-0.1069,0.0257
-0.1069,0.0257
-0.1068,0.0257
-0.1067,0.0257
-0.1067,0.0257
-0.1066,0.0257
-0.1065,0.0256
-0.1064,0.0256
-0.1064,0.0256
-0.1063,0.0256
-0.1062,0.0256
-0.1062,0.0256
-0.1061,0.0256
-0.1060,0.0255
-0.1059,0.0255
-0.1059,0.0255
-0.1058,0.0255
-0.1057,0.0255
-0.1057,0.0255
-0.1056,0.0255
-0.1055,0.0254
-0.1055,0.0254
-0.1054,0.0254
-0.1053,0.0254
-0.1053,0.0254
-0.1052,0.0254
-0.1051,0.0254
-0.1051,0.0253
-0.1050,0.0253
-0.1049,0.0253
-0.1049,0.0253
-0.1048,0.0253
-0.1047,0.0253
-0.1046,0.0253
-0.1046,0.0252
-0.1045,0.0252
-0.1044,0.0252
-0.1044,0.0252
-0.1043,0.0252
-0.1042,0.0252
-0.1042,0.0252
-0.1041,0.0251
-0.1040,0.0251
-0.1040,0.0251
-0.1039,0.0251
-0.1039,0.0251
-0.1038,0.0251
-0.1037,0.0251
-0.1037,0.0250
-0.1036,0.0250
-0.1035,0.0250
-0.1035,0.0250
-0.1034,0.0250
-0.1033,0.0250
-0.1033,0.0250
-0.1032,0.0249
-0.1031,0.0249
-0.1031,0.0249
-0.1030,0.0249
-0.1029,0.0249
-0.1029,0.0249
-0.1028,0.0249
-0.1027,0.0249
-0.1027,0.0248
-0.1026,0.0248
-0.1026,0.0248
-0.1025,0.0248
-0.1024,0.0248
-0.1024,0.0248
-0.1023,0.0248
-0.1022,0.0247
-0.1022,0.0247
-0.1021,0.0247
-0.1020,0.0247
-0.1020,0.0247
-0.1019,0.0247
-0.1019,0.0247
-0.1018,0.0247
-0.1017,0.0246
-0.1017,0.0246
-0.1016,0.0246
-0.1015,0.0246
-0.1015,0.0246
-0.1014,0.0246
-0.1014,0.0246
-0.1013,0.0245
-0.1012,0.0245
-0.1012,0.0245
-0.1011,0.0245
-0.1011,0.0245
-0.1010,0.0245
-0.1009,0.0245
-0.1009,0.0245
-0.1008,0.0244
-0.1008,0.0244
-0.1007,0.0244
-0.1006,0.0244
-0.1006,0.0244
-0.1005,0.0244
-0.1004,0.0244
-0.1004,0.0243
-0.1003,0.0243
-0.1003,0.0243
-0.1002,0.0243
-0.1001,0.0243
-0.1001,0.0243
-0.1000,0.0243
-0.1000,0.0243
-0.0999,0.0242
-0.0998,0.0242
-0.0998,0.0242
-0.0997,0.0242
-0.0997,0.0242
-0.0996,0.0242
-0.0996,0.0242
-0.0995,0.0241
-0.0994,0.0241
-0.0994,0.0241
-0.0993,0.0241
-0.0993,0.0241
-0.0992,0.0241
-0.0991,0.0241
-0.0991,0.0241
-0.0990,0.0240
-0.0990,0.0240
-0.0989,0.0240
-0.0989,0.0240
-0.0988,0.0240
-0.0987,0.0240
-0.0987,0.0240
-0.0986,0.0239
-0.0986,0.0239
-0.0985,0.0239
-0.0985,0.0239
-0.0984,0.0239
-0.0983,0.0239
-0.0983,0.0239
-0.0982,0.0239
-0.0982,0.0238
-0.0981,0.0238
-0.0981,0.0238
-0.0980,0.0238
-0.0979,0.0238
-0.0979,0.0238
-0.0978,0.0238
-0.0978,0.0238
-0.0977,0.0237
-0.0977,0.0237
-0.0976,0.0237
-0.0976,0.0237
-0.0975,0.0237
-0.0974,0.0237
-0.0974,0.0237
-0.0973,0.0237
-0.0973,0.0236
-0.0972,0.0236
-0.0972,0.0236
-0.0971,0.0236
-0.0971,0.0236
-0.0970,0.0236
-0.0969,0.0236
-0.0969,0.0236
-0.0968,0.0235
-0.0968,0.0235
-0.0967,0.0235
-0.0967,0.0235
-0.0966,0.0235
-0.0966,0.0235
-0.0965,0.0235
-0.0965,0.0235
-0.0964,0.0234
-0.0964,0.0234
-0.0963,0.0234
-0.0962,0.0234
-0.0962,0.0234
-0.0961,0.0234
-0.0961,0.0234
-0.0960,0.0234
-0.0960,0.0234
-0.0959,0.0233
-0.0959,0.0233
-0.0958,0.0233
-0.0958,0.0233
-0.0957,0.0233
-0.0957,0.0233
-0.0956,0.0233
-0.0956,0.0233
-0.0955,0.0232
-0.0955,0.0232
-0.0954,0.0232
-0.0954,0.0232
-0.0953,0.0232
-0.0953,0.0232
-0.0952,0.0232
-0.0952,0.0232
-0.0951,0.0232
-0.0950,0.0231
-0.0950,0.0231
-0.0949,0.0231
-0.0949,0.0231
-0.0948,0.0231
-0.0948,0.0231
-0.0947,0.0231
-0.0947,0.0231
-0.0946,0.0231
-0.0946,0.0230
-0.0945,0.0230
-0.0945,0.0230
-0.0944,0.0230
-0.0944,0.0230
-0.0943,0.0230
-0.0943,0.0230
-0.0942,0.0230
-0.0942,0.0230
-0.0941,0.0229
-0.0941,0.0229
-0.0940,0.0229
-0.0940,0.0229
-0.0939,0.0229
0.0480
0.1273
0.1686
0.1783
0.2292
0.2546
0.2932
0.3275
0.3385
0.3646
0.3705
0.3741
0.3747
0.4173
0.4307
0.4382
0.4534
0.4569
0.4621
0.4769
0.4785
0.4808
0.4850
0.4862
0.4925
0.5157
0.5270
0.5492
0.5589
0.5665
0.5783
0.5803
0.5817
0.6057
0.6212
0.6324
0.6325
0.6338
0.6398
0.6454
0.6533
0.6536
0.6554
0.6699
0.6703
0.6831
0.6831
0.6832
0.6971
0.7081
0.7092
0.7100
0.7104
0.7162
0.7174
0.7196
0.7216
0.7320
0.7331
0.7371
0.7375
0.7377
0.7393
0.7422
0.7426
0.7545
0.7616
0.7631
0.7638
0.7712
0.7729
0.7733
0.7740
0.7746
0.7805
0.7842
0.7877
0.7932
0.7932
0.7934
0.7943
0.7994
0.8006
0.8011
0.8027
0.8046
0.8104
0.8131
0.8168
0.8173
0.8198
0.8200
0.8263
0.8331
0.8359
0.8382
0.8396
0.8418
0.8421
0.8421
0.8461
0.8500
0.8514
0.8585
0.8588
0.8599
0.8642
0.8729
0.8780
0.8826
0.8845
0.8863
0.8903
0.8912
0.8925
0.8961
0.8988
0.8995
0.9020
0.9048
0.9051
0.9072
0.9093
0.9122
0.9185
0.9189
0.9196
0.9253
0.9279
0.9282
0.9304
0.9306
0.9315
0.9317
0.9336
0.9407
0.9410
0.9413
0.9418
0.9459
0.9476
0.9480
0.9484
0.9496
0.9500
0.9511
0.9539
0.9539
0.9557
0.9650
0.9673
0.9684
0.9691
0.9723
0.9774
0.9796
0.9819
0.9843
0.9846
0.9880
0.9886
0.9903
0.9920
0.9926
0.9982
1.0000
1.0006
1.0018
1.0033
1.0041
1.0061
1.0070
1.0188
1.0189
1.0212
1.0212
1.0221
1.0229
1.0239
1.0256
1.0271
1.0303
1.0319
1.0366
1.0402
1.0421
1.0444
1.0455
1.0469
1.0478
1.0485
1.0508
1.0520
1.0520
1.0522
1.0529
1.0549
1.0577
1.0579
1.0585
1.0599
1.0650
1.0675
1.0684
1.0696
1.0704
1.0737
1.0760
1.0810
1.0816
1.0854
1.0895
1.0930
1.0945
1.0959
1.0975
1.1002
1.1022
1.1026
1.1051
1.1057
1.1060
1.1089
1.1089
1.1094
1.1101
1.1101
1.1127
1.1143
1.1156
1.1191
1.1235
1.1254
1.1264
1.1279
1.1280
1.1295
1.1349
1.1358
1.1365
1.1366
1.1380
1.1453
1.1476
1.1479
1.1488
1.1498
1.1503
1.1539
1.1562
1.1579
1.1605
1.1616
1.1619
1.1623
1.1626
1.1643
1.1648
1.1664
1.1677
1.1718
1.1737
1.1746
1.1764
1.1799
1.1802
1.1814
1.1814
1.1824
1.1829
1.1831
1.1839
1.1849
1.1905
1.1913
1.1916
1.1920
1.1925
1.1944
1.1986
1.1998
1.2016
1.2017
1.2030
1.2044
1.2054
1.2066
1.2090
1.2104
1.2106
1.2124
1.2178
1.2224
1.2302
1.2339
1.2340
1.2378
1.2379
1.2399
1.2460
1.2471
1.2486
1.2489
1.2516
1.2519
1.2525
1.2526
1.2558
1.2569
1.2615
1.2659
1.2660
1.2661
1.2720
1.2722
1.2724
1.2731
1.2736
1.2741
1.2758
1.2772
1.2815
1.2824
1.2825
1.2836
1.2855
1.2878
1.2903
1.2968
1.2977
1.2980
1.3011
1.3016
1.3022
1.3058
1.3060
1.3065
1.3076
1.3077
1.3082
1.3102
1.3107
1.3124
1.3140
1.3182
1.3206
1.3220
1.3228
1.3238
1.3260
1.3289
1.3290
1.3311
1.3336
1.3355
1.3381
1.3382
1.3434
1.3465
1.3468
1.3469
1.3474
1.3502
1.3507
1.3515
1.3530
1.3531
1.3553
1.3564
1.3583
1.3585
1.3600
1.3620
1.3632
1.3633
1.3654
1.3684
1.3690
1.3720
1.3728
1.3739
1.3756
1.3758
1.3772
1.3776
1.3809
1.3836
1.3851
1.3942
1.3948
1.3986
1.3996
1.4004
1.4011
1.4011
1.4028
1.4038
1.4088
1.4088
1.4103
1.4110
1.4132
1.4138
1.4169
1.4178
1.4201
1.4211
1.4227
1.4228
1.4239
1.4254
1.4260
1.4266
1.4270
1.4304
1.4313
1.4328
1.4354
1.4359
1.4359
1.4389
1.4418
1.4431
1.4431
1.4433
1.4434
1.4438
1.4468
1.4469
1.4471
1.4484
1.4490
1.4492
1.4503
1.4568
1.4628
1.4640
1.4654
1.4659
1.4715
1.4723
1.4800
1.4819
1.4890
1.4896
1.4911
1.4945
1.4967
1.5033
1.5039
1.5047
1.5051
1.5094
1.5103
1.5140
1.5142
1.5185
1.5193
1.5207
1.5219
1.5226
1.5255
1.5255
1.5256
1.5257
1.5267
1.5302
1.5318
1.5410
1.5438
1.5453
1.5484
1.5506
1.5525
1.5536
1.5543
1.5550
1.5552
1.5553
1.5570
1.5580
1.5583
1.5611
1.5679
1.5679
1.5695
1.5719
1.5759
1.5760
1.5768
1.5806
1.5825
1.5830
1.5855
1.5858
1.5862
1.5863
1.5908
1.5941
1.5946
1.5955
1.5998
1.6003
1.6021
1.6048
1.6055
1.6066
1.6075
1.6083
1.6087
1.6093
1.6103
1.6108
1.6134
1.6156
1.6157
1.6169
1.6182
1.6186
1.6195
1.6212
1.6248
1.6266
1.6310
1.6319
1.6327
1.6342
1.6363
1.6390
1.6390
1.6392
1.6440
1.6443
1.6471
1.6480
1.6519
1.6548
1.6553
1.6554
1.6564
1.6572
1.6574
1.6575
1.6590
1.6608
1.6612
1.6623
1.6637
1.6640
1.6649
1.6665
1.6676
1.6678
1.6686
1.6726
1.6740
1.6779
1.6789
1.6801
1.6813
1.6834
1.6854
1.6875
1.6890
1.6901
1.6909
1.6943
1.6959
1.7016
1.7042
1.7042
1.7043
1.7052
1.7064
1.7070
1.7086
1.7086
1.7091
1.7092
1.7096
1.7109
1.7110
1.7112
1.7127
1.7130
1.7143
1.7150
1.7173
1.7194
1.7210
1.7219
1.7220
1.7222
1.7224
1.7236
1.7237
1.7246
1.7247
1.7283
1.7301
1.7351
1.7360
1.7367
1.7387
1.7393
1.7399
1.7446
1.7449
1.7514
1.7547
1.7553
1.7555
1.7579
1.7594
1.7610
1.7611
1.7667
1.7667
1.7676
1.7700
1.7708
1.7744
1.7756
1.7760
1.7773
1.7800
1.7813
1.7824
1.7831
1.7836
1.7843
1.7851
1.7855
1.7857
1.7862
1.7882
1.7890
1.7895
1.7949
1.7967
1.7974
1.7987
1.7990
1.8031
1.8076
1.8076
1.8085
1.8102
1.8121
1.8121
1.8135
1.8176
1.8199
1.8248
1.8261
1.8263
1.8269
1.8272
1.8280
1.8303
1.8377
1.8395
1.8399
1.8449
1.8457
1.8467
1.8470
1.8484
1.8514
1.8532
1.8536
1.8545
1.8548
1.8550
1.8611
1.8620
1.8626
1.8657
1.8672
1.8676
1.8682
1.8691
1.8697
1.8723
1.8770
1.8789
1.8859
1.8876
1.8902
1.8916
1.8928
1.8939
1.8944
1.8978
1.9005
1.9017
1.9025
1.9026
1.9029
1.9033
1.9084
1.9106
1.9140
1.9169
1.9170
1.9210
1.9213
1.9227
1.9255
1.9256
1.9263
1.9300
1.9352
1.9372
1.9374
1.9410
1.9433
1.9485
1.9517
1.9628
1.9628
1.9644
1.9655
1.9669
1.9674
1.9695
1.9749
1.9751
1.9783
1.9793
1.9810
1.9829
1.9871
1.9887
1.9894
1.9899
1.9913
1.9916
1.9918
1.9963
2.0014
2.0066
2.0069
2.0141
2.0153
2.0170
2.0187
2.0213
2.0254
2.0269
2.0292
2.0313
2.0351
2.0391
2.0394
2.0397
2.0411
2.0477
2.0491
2.0565
2.0591
2.0631
2.0640
2.0656
2.0678
2.0689
2.0690
2.0692
2.0742
2.0794
2.0842
2.0886
2.0894
2.0895
2.0916
2.0937
2.0945
2.0956
2.0962
2.0979
2.1026
2.1032
2.1038
2.1049
2.1065
2.1091
2.1101
2.1113
2.1155
2.1177
2.1179
2.1222
2.1227
2.1231
2.1267
2.1278
2.1312
2.1331
2.1337
2.1349
2.1421
2.1439
2.1499
2.1508
2.1539
2.1548
2.1561
2.1567
2.1579
2.1588
2.1596
2.1600
2.1611
2.1627
2.1630
2.1659
2.1666
2.1751
2.1754
2.1793
2.1796
2.1803
2.1849
2.1850
2.1864
2.1878
2.1901
2.1911
2.1937
2.1993
2.2020
2.2030
2.2037
2.2050
2.2103
2.2175
2.2180
2.2226
2.2261
2.2267
2.2279
2.2309
2.2359
2.2378
2.2398
2.2403
2.2448
2.2467
2.2470
2.2470
2.2490
2.2509
2.2543
2.2554
2.2559
2.2560
2.2573
2.2585
2.2626
2.2643
2.2727
2.2799
2.2822
2.2841
2.2846
2.2888
2.2900
2.2916
2.2969
2.3038
2.3073
2.3090
2.3094
2.3094
2.3130
2.3170
2.3171
2.3200
2.3235
2.3242
2.3300
2.3319
2.3387
2.3426
2.3571
2.3584
2.3689
2.3699
2.3717
2.3724
2.3835
2.3858
2.3865
2.3889
2.3920
2.3944
2.3953
2.4025
2.4081
2.4105
2.4127
2.4128
2.4130
2.4287
2.4292
2.4292
2.4303
2.4386
2.4395
2.4435
2.4469
2.4572
2.4625
2.4697
2.4719
2.4743
2.4758
2.4780
2.4781
2.4800
2.4820
2.4874
2.4908
2.4981
2.5023
2.5070
2.5099
2.5111
2.5111
2.5169
2.5188
2.5205
2.5274
2.5275
2.5296
2.5297
2.5355
2.5387
2.5459
2.5472
2.5544
2.5661
2.5667
2.5694
2.5725
2.5769
2.5843
2.5922
2.6038
2.6151
2.6232
2.6261
2.6294
2.6395
2.6400
2.6483
2.6531
2.6767
2.6863
2.6945
2.6985
2.7006
2.7163
2.7188
2.7200
2.7356
2.7375
2.7585
2.7724
2.7828
2.7865
2.7883
2.7912
2.7989
2.8217
2.8339
2.8405
2.8423
2.8540
2.8625
2.8646
2.8848
2.9069
2.9113
2.9580
2.9733
2.9788
2.9824
3.0004
3.0116
3.0896
3.1033
3.1131
3.1591
3.1762
3.2501
3.3733
3.3990
3.4144
3.4437
