1000
1000
-1.5516,0.1864
-1.4568,0.1815
-1.2474,0.1447
-1.1025,0.1393
-0.9939,0.1347
-0.9107,0.1314
-0.8443,0.1291
-0.7896,0.1268
-0.7443,0.1256
-0.7059,0.1244
-0.6726,0.1227
-0.6433,0.1209
-0.6172,0.1187
-0.5937,0.1166
-0.5726,0.1142
-0.5536,0.1121
-0.5365,0.1103
-0.5209,0.1087
-0.5065,0.1070
-0.4931,0.1054
-0.4806,0.1038
-0.4690,0.1024
-0.4581,0.1009
-0.4479,0.0995
-0.4383,0.0981
-0.4293,0.0968
-0.4207,0.0954
-0.4126,0.0942
-0.4050,0.0929
-0.3977,0.0918
-0.3908,0.0907
-0.3841,0.0896
-0.3778,0.0884
-0.3716,0.0872
-0.3657,0.0860
-0.3600,0.0848
-0.3545,0.0837
-0.3493,0.0826
-0.3443,0.0816
-0.3396,0.0806
-0.3350,0.0797
-0.3305,0.0787
-0.3263,0.0778
-0.3222,0.0769
-0.3182,0.0761
-0.3143,0.0752
-0.3106,0.0744
-0.3070,0.0736
-0.3035,0.0728
-0.3001,0.0721
-0.2968,0.0714
-0.2936,0.0707
-0.2906,0.0700
-0.2876,0.0694
-0.2847,0.0687
-0.2819,0.0681
-0.2791,0.0675
-0.2765,0.0669
-0.2739,0.0664
-0.2713,0.0658
-0.2689,0.0652
-0.2664,0.0647
-0.2641,0.0642
-0.2618,0.0636
-0.2596,0.0632
-0.2574,0.0627
-0.2553,0.0622
-0.2532,0.0617
-0.2512,0.0613
-0.2492,0.0609
-0.2473,0.0605
-0.2454,0.0600
-0.2435,0.0596
-0.2417,0.0593
-0.2399,0.0589
-0.2382,0.0585
-0.2365,0.0581
-0.2348,0.0578
-0.2332,0.0574
-0.2316,0.0571
-0.2300,0.0567
-0.2284,0.0564
-0.2269,0.0561
-0.2254,0.0557
-0.2239,0.0554
-0.2225,0.0551
-0.2211,0.0548
-0.2197,0.0545
-0.2184,0.0542
-0.2170,0.0539
-0.2157,0.0536
-0.2144,0.0533
-0.2131,0.0530
-0.2119,0.0527
-0.2107,0.0525
-0.2094,0.0522
-0.2083,0.0519
-0.2071,0.0517
-0.2059,0.0514
-0.2048,0.0512
-0.2037,0.0510
-0.2026,0.0507
-0.2015,0.0505
-0.2005,0.0503
-0.1994,0.0500
-0.1984,0.0498
-0.1973,0.0496
-0.1963,0.0494
-0.1953,0.0492
-0.1944,0.0489
-0.1934,0.0487
-0.1924,0.0485
-0.1915,0.0483
-0.1906,0.0481
-0.1897,0.0479
-0.1887,0.0477
-0.1878,0.0475
-0.1870,0.0473
-0.1861,0.0471
-0.1852,0.0469
-0.1844,0.0467
-0.1835,0.0465
-0.1827,0.0463
-0.1819,0.0461
-0.1811,0.0459
-0.1803,0.0457
-0.1795,0.0455
-0.1787,0.0453
-0.1780,0.0452
-0.1772,0.0450
-0.1764,0.0448
-0.1757,0.0447
-0.1750,0.0445
-0.1742,0.0443
-0.1735,0.0442
-0.1728,0.0440
-0.1721,0.0439
-0.1714,0.0437
-0.1708,0.0436
-0.1701,0.0434
-0.1694,0.0433
-0.1688,0.0431
-0.1681,0.0430
-0.1675,0.0429
-0.1668,0.0427
-0.1662,0.0426
-0.1656,0.0424
-0.1650,0.0423
-0.1644,0.0422
-0.1637,0.0420
-0.1632,0.0419
-0.1626,0.0418
-0.1620,0.0417
-0.1614,0.0415
-0.1608,0.0414
-0.1602,0.0413
-0.1597,0.0411
-0.1591,0.0410
-0.1585,0.0409
-0.1580,0.0407
-0.1574,0.0406
-0.1569,0.0405
-0.1564,0.0404
-0.1558,0.0402
-0.1553,0.0401
-0.1548,0.0400
-0.1543,0.0399
-0.1538,0.0398
-0.1533,0.0397
-0.1528,0.0395
-0.1523,0.0394
-0.1518,0.0393
-0.1513,0.0392
-0.1508,0.0391
-0.1503,0.0390
-0.1499,0.0389
-0.1494,0.0388
-0.1489,0.0387
-0.1485,0.0386
-0.1480,0.0385
-0.1476,0.0383
-0.1471,0.0382
-0.1467,0.0381
-0.1462,0.0380
-0.1458,0.0379
-0.1453,0.0378
-0.1449,0.0377
-0.1445,0.0376
-0.1441,0.0375
-0.1436,0.0374
-0.1432,0.0373
-0.1428,0.0372
-0.1424,0.0371
-0.1420,0.0370
-0.1416,0.0369
-0.1412,0.0368
-0.1408,0.0367
-0.1404,0.0366
-0.1400,0.0365
-0.1396,0.0364
-0.1392,0.0363
-0.1388,0.0362
-0.1385,0.0362
-0.1381,0.0361
-0.1377,0.0360
-0.1373,0.0359
-0.1370,0.0358
-0.1366,0.0357
-0.1362,0.0356
-0.1359,0.0355
-0.1355,0.0355
-0.1352,0.0354
-0.1348,0.0353
-0.1345,0.0352
-0.1341,0.0351
-0.1338,0.0350
-0.1334,0.0349
-0.1331,0.0349
-0.1327,0.0348
-0.1324,0.0347
-0.1321,0.0346
-0.1318,0.0345
-0.1314,0.0345
-0.1311,0.0344
-0.1308,0.0343
-0.1304,0.0342
-0.1301,0.0341
-0.1298,0.0340
-0.1295,0.0340
-0.1292,0.0339
-0.1289,0.0338
-0.1286,0.0337
-0.1282,0.0336
-0.1279,0.0336
-0.1276,0.0335
-0.1273,0.0334
-0.1270,0.0333
-0.1267,0.0333
-0.1264,0.0332
-0.1261,0.0331
-0.1259,0.0330
-0.1256,0.0330
-0.1253,0.0329
-0.1250,0.0328
-0.1247,0.0327
-0.1244,0.0327
-0.1241,0.0326
-0.1238,0.0325
-0.1236,0.0324
-0.1233,0.0324
-0.1230,0.0323
-0.1227,0.0322
-0.1225,0.0322
-0.1222,0.0321
-0.1219,0.0320
-0.1217,0.0320
-0.1214,0.0319
-0.1211,0.0318
-0.1209,0.0318
-0.1206,0.0317
-0.1204,0.0316
-0.1201,0.0316
-0.1198,0.0315
-0.1196,0.0314
-0.1193,0.0314
-0.1191,0.0313
-0.1188,0.0313
-0.1186,0.0312
-0.1183,0.0311
-0.1181,0.0311
-0.1178,0.0310
-0.1176,0.0309
-0.1174,0.0309
-0.1171,0.0308
-0.1169,0.0308
-0.1166,0.0307
-0.1164,0.0306
-0.1162,0.0306
-0.1159,0.0305
-0.1157,0.0305
-0.1155,0.0304
-0.1152,0.0303
-0.1150,0.0303
-0.1148,0.0302
-0.1145,0.0302
-0.1143,0.0301
-0.1141,0.0300
-0.1139,0.0300
-0.1137,0.0299
-0.1134,0.0299
-0.1132,0.0298
-0.1130,0.0298
-0.1128,0.0297
-0.1126,0.0296
-0.1123,0.0296
-0.1121,0.0295
-0.1119,0.0295
-0.1117,0.0294
-0.1115,0.0294
-0.1113,0.0293
-0.1111,0.0293
-0.1109,0.0292
-0.1107,0.0292
-0.1105,0.0291
-0.1102,0.0290
-0.1100,0.0290
-0.1098,0.0289
-0.1096,0.0289
-0.1094,0.0288
-0.1092,0.0288
-0.1090,0.0287
-0.1088,0.0287
-0.1086,0.0286
-0.1084,0.0286
-0.1082,0.0285
-0.1080,0.0285
-0.1079,0.0284
-0.1077,0.0284
-0.1075,0.0283
-0.1073,0.0283
-0.1071,0.0282
-0.1069,0.0282
-0.1067,0.0281
-0.1065,0.0281
-0.1063,0.0280
-0.1061,0.0280
-0.1060,0.0279
-0.1058,0.0279
-0.1056,0.0278
-0.1054,0.0278
-0.1052,0.0277
-0.1051,0.0277
-0.1049,0.0276
-0.1047,0.0276
-0.1045,0.0275
-0.1043,0.0275
-0.1042,0.0274
-0.1040,0.0274
-0.1038,0.0273
-0.1036,0.0273
-0.1035,0.0273
-0.1033,0.0272
-0.1031,0.0272
-0.1030,0.0271
-0.1028,0.0271
-0.1026,0.0270
-0.1024,0.0270
-0.1023,0.0269
-0.1021,0.0269
-0.1019,0.0269
-0.1018,0.0268
-0.1016,0.0268
-0.1014,0.0267
-0.1013,0.0267
-0.1011,0.0267
-0.1010,0.0266
-0.1008,0.0266
-0.1006,0.0265
-0.1005,0.0265
-0.1003,0.0264
-0.1002,0.0264
-0.1000,0.0264
-0.0998,0.0263
-0.0997,0.0263
-0.0995,0.0263
-0.0994,0.0262
-0.0992,0.0262
-0.0991,0.0261
-0.0989,0.0261
-0.0988,0.0261
-0.0986,0.0260
-0.0985,0.0260
-0.0983,0.0259
-0.0982,0.0259
-0.0980,0.0259
-0.0979,0.0258
-0.0977,0.0258
-0.0976,0.0257
-0.0974,0.0257
-0.0973,0.0257
-0.0971,0.0256
-0.0970,0.0256
-0.0968,0.0256
-0.0967,0.0255
-0.0965,0.0255
-0.0964,0.0254
-0.0963,0.0254
-0.0961,0.0254
-0.0960,0.0253
-0.0958,0.0253
-0.0957,0.0253
-0.0955,0.0252
-0.0954,0.0252
-0.0953,0.0252
-0.0951,0.0251
-0.0950,0.0251
-0.0949,0.0250
-0.0947,0.0250
-0.0946,0.0250
-0.0944,0.0249
-0.0943,0.0249
-0.0942,0.0249
-0.0940,0.0248
-0.0939,0.0248
-0.0938,0.0247
-0.0936,0.0247
-0.0935,0.0247
-0.0934,0.0246
-0.0932,0.0246
-0.0931,0.0246
-0.0930,0.0245
-0.0928,0.0245
-0.0927,0.0245
-0.0926,0.0244
-0.0925,0.0244
-0.0923,0.0244
-0.0922,0.0243
-0.0921,0.0243
-0.0919,0.0243
-0.0918,0.0242
-0.0917,0.0242
-0.0916,0.0241
-0.0914,0.0241
-0.0913,0.0241
-0.0912,0.0240
-0.0911,0.0240
-0.0909,0.0240
-0.0908,0.0239
-0.0907,0.0239
-0.0906,0.0239
-0.0904,0.0238
-0.0903,0.0238
-0.0902,0.0238
-0.0901,0.0237
-0.0899,0.0237
-0.0898,0.0237
-0.0897,0.0236
-0.0896,0.0236
-0.0895,0.0236
-0.0893,0.0235
-0.0892,0.0235
-0.0891,0.0235
-0.0890,0.0234
-0.0889,0.0234
-0.0888,0.0234
-0.0886,0.0233
-0.0885,0.0233
-0.0884,0.0233
-0.0883,0.0233
-0.0882,0.0232
-0.0881,0.0232
-0.0879,0.0232
-0.0878,0.0231
-0.0877,0.0231
-0.0876,0.0231
-0.0875,0.0230
-0.0874,0.0230
-0.0873,0.0230
-0.0871,0.0229
-0.0870,0.0229
-0.0869,0.0229
-0.0868,0.0229
-0.0867,0.0228
-0.0866,0.0228
-0.0865,0.0228
-0.0864,0.0227
-0.0863,0.0227
-0.0862,0.0227
-0.0861,0.0227
-0.0859,0.0226
-0.0858,0.0226
-0.0857,0.0226
-0.0856,0.0225
-0.0855,0.0225
-0.0854,0.0225
-0.0853,0.0225
-0.0852,0.0224
-0.0851,0.0224
-0.0850,0.0224
-0.0849,0.0223
-0.0848,0.0223
-0.0847,0.0223
-0.0846,0.0223
-0.0845,0.0222
-0.0844,0.0222
-0.0843,0.0222
-0.0842,0.0222
-0.0841,0.0221
-0.0840,0.0221
-0.0839,0.0221
-0.0838,0.0220
-0.0837,0.0220
-0.0836,0.0220
-0.0835,0.0220
-0.0834,0.0219
-0.0833,0.0219
-0.0832,0.0219
-0.0831,0.0219
-0.0830,0.0218
-0.0829,0.0218
-0.0828,0.0218
-0.0827,0.0218
-0.0826,0.0217
-0.0825,0.0217
-0.0824,0.0217
-0.0823,0.0217
-0.0822,0.0216
-0.0821,0.0216
-0.0820,0.0216
-0.0819,0.0216
-0.0818,0.0215
-0.0817,0.0215
-0.0816,0.0215
-0.0815,0.0215
-0.0814,0.0214
-0.0813,0.0214
-0.0812,0.0214
-0.0811,0.0214
-0.0810,0.0213
-0.0809,0.0213
-0.0809,0.0213
-0.0808,0.0212
-0.0807,0.0212
-0.0806,0.0212
-0.0805,0.0212
-0.0804,0.0211
-0.0803,0.0211
-0.0802,0.0211
-0.0801,0.0211
-0.0800,0.0210
-0.0799,0.0210
-0.0798,0.0210
-0.0798,0.0210
-0.0797,0.0209
-0.0796,0.0209
-0.0795,0.0209
-0.0794,0.0209
-0.0793,0.0208
-0.0792,0.0208
-0.0791,0.0208
-0.0790,0.0208
-0.0789,0.0207
-0.0789,0.0207
-0.0788,0.0207
-0.0787,0.0206
-0.0786,0.0206
-0.0785,0.0206
-0.0784,0.0206
-0.0783,0.0206
-0.0782,0.0205
-0.0782,0.0205
-0.0781,0.0205
-0.0780,0.0205
-0.0779,0.0204
-0.0778,0.0204
-0.0777,0.0204
-0.0776,0.0204
-0.0776,0.0203
-0.0775,0.0203
-0.0774,0.0203
-0.0773,0.0203
-0.0772,0.0202
-0.0771,0.0202
-0.0771,0.0202
-0.0770,0.0202
-0.0769,0.0202
-0.0768,0.0201
-0.0767,0.0201
-0.0766,0.0201
-0.0766,0.0201
-0.0765,0.0200
-0.0764,0.0200
-0.0763,0.0200
-0.0762,0.0200
-0.0762,0.0199
-0.0761,0.0199
-0.0760,0.0199
-0.0759,0.0199
-0.0758,0.0199
-0.0758,0.0198
-0.0757,0.0198
-0.0756,0.0198
-0.0755,0.0198
-0.0754,0.0197
-0.0754,0.0197
-0.0753,0.0197
-0.0752,0.0197
-0.0751,0.0197
-0.0750,0.0196
-0.0750,0.0196
-0.0749,0.0196
-0.0748,0.0196
-0.0747,0.0195
-0.0747,0.0195
-0.0746,0.0195
-0.0745,0.0195
-0.0744,0.0195
-0.0743,0.0194
-0.0743,0.0194
-0.0742,0.0194
-0.0741,0.0194
-0.0740,0.0194
-0.0740,0.0193
-0.0739,0.0193
-0.0738,0.0193
-0.0737,0.0193
-0.0737,0.0193
-0.0736,0.0192
-0.0735,0.0192
-0.0734,0.0192
-0.0734,0.0192
-0.0733,0.0192
-0.0732,0.0191
-0.0731,0.0191
-0.0731,0.0191
-0.0730,0.0191
-0.0729,0.0190
-0.0728,0.0190
-0.0728,0.0190
-0.0727,0.0190
-0.0726,0.0190
-0.0725,0.0189
-0.0725,0.0189
-0.0724,0.0189
-0.0723,0.0189
-0.0723,0.0189
-0.0722,0.0188
-0.0721,0.0188
-0.0720,0.0188
-0.0720,0.0188
-0.0719,0.0188
-0.0718,0.0187
-0.0718,0.0187
-0.0717,0.0187
-0.0716,0.0187
-0.0715,0.0187
-0.0715,0.0186
-0.0714,0.0186
-0.0713,0.0186
-0.0713,0.0186
-0.0712,0.0186
-0.0711,0.0185
-0.0710,0.0185
-0.0710,0.0185
-0.0709,0.0185
-0.0708,0.0185
-0.0708,0.0184
-0.0707,0.0184
-0.0706,0.0184
-0.0706,0.0184
-0.0705,0.0184
-0.0704,0.0183
-0.0704,0.0183
-0.0703,0.0183
-0.0702,0.0183
-0.0702,0.0183
-0.0701,0.0182
-0.0700,0.0182
-0.0700,0.0182
-0.0699,0.0182
-0.0698,0.0182
-0.0698,0.0181
-0.0697,0.0181
-0.0696,0.0181
-0.0696,0.0181
-0.0695,0.0181
-0.0694,0.0180
-0.0694,0.0180
-0.0693,0.0180
-0.0692,0.0180
-0.0692,0.0180
-0.0691,0.0179
-0.0690,0.0179
-0.0690,0.0179
-0.0689,0.0179
-0.0688,0.0179
-0.0688,0.0178
-0.0687,0.0178
-0.0686,0.0178
-0.0686,0.0178
-0.0685,0.0178
-0.0684,0.0178
-0.0684,0.0177
-0.0683,0.0177
-0.0682,0.0177
-0.0682,0.0177
-0.0681,0.0177
-0.0681,0.0176
-0.0680,0.0176
-0.0679,0.0176
-0.0679,0.0176
-0.0678,0.0176
-0.0677,0.0176
-0.0677,0.0175
-0.0676,0.0175
-0.0675,0.0175
-0.0675,0.0175
-0.0674,0.0175
-0.0674,0.0174
-0.0673,0.0174
-0.0672,0.0174
-0.0672,0.0174
-0.0671,0.0174
-0.0670,0.0173
-0.0670,0.0173
-0.0669,0.0173
-0.0669,0.0173
-0.0668,0.0173
-0.0667,0.0173
-0.0667,0.0172
-0.0666,0.0172
-0.0666,0.0172
-0.0665,0.0172
-0.0664,0.0172
-0.0664,0.0172
-0.0663,0.0171
-0.0662,0.0171
-0.0662,0.0171
-0.0661,0.0171
-0.0661,0.0171
-0.0660,0.0171
-0.0659,0.0170
-0.0659,0.0170
-0.0658,0.0170
-0.0658,0.0170
-0.0657,0.0170
-0.0656,0.0169
-0.0656,0.0169
-0.0655,0.0169
-0.0655,0.0169
-0.0654,0.0169
-0.0653,0.0169
-0.0653,0.0168
-0.0652,0.0168
-0.0652,0.0168
-0.0651,0.0168
-0.0651,0.0168
-0.0650,0.0168
-0.0649,0.0167
-0.0649,0.0167
-0.0648,0.0167
-0.0648,0.0167
-0.0647,0.0167
-0.0646,0.0167
-0.0646,0.0166
-0.0645,0.0166
-0.0645,0.0166
-0.0644,0.0166
-0.0644,0.0166
-0.0643,0.0166
-0.0642,0.0165
-0.0642,0.0165
-0.0641,0.0165
-0.0641,0.0165
-0.0640,0.0165
-0.0640,0.0165
-0.0639,0.0164
-0.0638,0.0164
-0.0638,0.0164
-0.0637,0.0164
-0.0637,0.0164
-0.0636,0.0164
-0.0636,0.0163
-0.0635,0.0163
-0.0634,0.0163
-0.0634,0.0163
-0.0633,0.0163
-0.0633,0.0163
-0.0632,0.0162
-0.0632,0.0162
-0.0631,0.0162
-0.0631,0.0162
-0.0630,0.0162
-0.0629,0.0162
-0.0629,0.0161
-0.0628,0.0161
-0.0628,0.0161
-0.0627,0.0161
-0.0627,0.0161
-0.0626,0.0161
-0.0626,0.0160
-0.0625,0.0160
-0.0624,0.0160
-0.0624,0.0160
-0.0623,0.0160
-0.0623,0.0160
-0.0622,0.0159
-0.0622,0.0159
-0.0621,0.0159
-0.0621,0.0159
-0.0620,0.0159
-0.0620,0.0159
-0.0619,0.0159
-0.0619,0.0158
-0.0618,0.0158
-0.0617,0.0158
-0.0617,0.0158
-0.0616,0.0158
-0.0616,0.0158
-0.0615,0.0157
-0.0615,0.0157
-0.0614,0.0157
-0.0614,0.0157
-0.0613,0.0157
-0.0613,0.0157
-0.0612,0.0156
-0.0612,0.0156
-0.0611,0.0156
-0.0611,0.0156
-0.0610,0.0156
-0.0609,0.0156
-0.0609,0.0156
-0.0608,0.0155
-0.0608,0.0155
-0.0607,0.0155
-0.0607,0.0155
-0.0606,0.0155
-0.0606,0.0155
-0.0605,0.0155
-0.0605,0.0154
-0.0604,0.0154
-0.0604,0.0154
-0.0603,0.0154
-0.0603,0.0154
-0.0602,0.0154
-0.0602,0.0153
-0.0601,0.0153
-0.0601,0.0153
-0.0600,0.0153
-0.0600,0.0153
-0.0599,0.0153
-0.0599,0.0153
-0.0598,0.0152
-0.0598,0.0152
-0.0597,0.0152
-0.0597,0.0152
-0.0596,0.0152
-0.0596,0.0152
-0.0595,0.0152
-0.0595,0.0151
-0.0594,0.0151
-0.0594,0.0151
-0.0593,0.0151
-0.0593,0.0151
-0.0592,0.0151
-0.0592,0.0151
-0.0591,0.0150
-0.0591,0.0150
-0.0590,0.0150
-0.0590,0.0150
-0.0589,0.0150
-0.0589,0.0150
-0.0588,0.0150
-0.0588,0.0149
-0.0587,0.0149
-0.0587,0.0149
-0.0586,0.0149
-0.0586,0.0149
-0.0585,0.0149
-0.0585,0.0149
-0.0584,0.0148
-0.0584,0.0148
-0.0583,0.0148
-0.0583,0.0148
-0.0582,0.0148
-0.0582,0.0148
-0.0581,0.0148
-0.0581,0.0147
-0.0580,0.0147
-0.0580,0.0147
-0.0579,0.0147
-0.0579,0.0147
-0.0578,0.0147
-0.0578,0.0147
-0.0577,0.0146
-0.0577,0.0146
-0.0576,0.0146
-0.0576,0.0146
-0.0576,0.0146
-0.0575,0.0146
-0.0575,0.0146
-0.0574,0.0145
-0.0574,0.0145
-0.0573,0.0145
-0.0573,0.0145
-0.0572,0.0145
-0.0572,0.0145
-0.0571,0.0145
-0.0571,0.0144
-0.0570,0.0144
-0.0570,0.0144
-0.0569,0.0144
-0.0569,0.0144
-0.0568,0.0144
-0.0568,0.0144
-0.0567,0.0143
-0.0567,0.0143
-0.0566,0.0143
-0.0566,0.0143
-0.0566,0.0143
-0.0565,0.0143
-0.0565,0.0143
-0.0564,0.0143
-0.0564,0.0142
-0.0563,0.0142
-0.0563,0.0142
-0.0562,0.0142
-0.0562,0.0142
-0.0561,0.0142
-0.0561,0.0142
-0.0560,0.0141
-0.0560,0.0141
-0.0559,0.0141
-0.0559,0.0141
-0.0559,0.0141
-0.0558,0.0141
-0.0558,0.0141
-0.0557,0.0141
-0.0557,0.0140
-0.0556,0.0140
-0.0556,0.0140
-0.0555,0.0140
-0.0555,0.0140
-0.0554,0.0140
-0.0554,0.0140
-0.0553,0.0139
-0.0553,0.0139
-0.0553,0.0139
-0.0552,0.0139
-0.0552,0.0139
-0.0551,0.0139
-0.0551,0.0139
-0.0550,0.0138
-0.0550,0.0138
-0.0549,0.0138
-0.0549,0.0138
-0.0548,0.0138
-0.0548,0.0138
-0.0548,0.0138
-0.0547,0.0138
-0.0547,0.0137
-0.0546,0.0137
-0.0546,0.0137
-0.0545,0.0137
-0.0545,0.0137
-0.0544,0.0137
-0.0544,0.0137
-0.0543,0.0136
-0.0543,0.0136
-0.0543,0.0136
-0.0542,0.0136
-0.0542,0.0136
-0.0541,0.0136
-0.0541,0.0136
-0.0540,0.0136
-0.0540,0.0135
-0.0539,0.0135
-0.0539,0.0135
-0.0539,0.0135
-0.0538,0.0135
-0.0538,0.0135
-0.0537,0.0135
-0.0537,0.0134
-0.0536,0.0134
-0.0536,0.0134
-0.0535,0.0134
-0.0535,0.0134
-0.0535,0.0134
-0.0534,0.0134
-0.0534,0.0133
-0.0533,0.0133
-0.0533,0.0133
-0.0532,0.0133
-0.0532,0.0133
-0.0531,0.0133
-0.0531,0.0133
-0.0531,0.0133
-0.0530,0.0132
-0.0530,0.0132
-0.0529,0.0132
-0.0529,0.0132
-0.0528,0.0132
-0.0528,0.0132
-0.0527,0.0132
-0.0527,0.0131
-0.0527,0.0131
-0.0526,0.0131
-0.0526,0.0131
-0.0525,0.0131
-0.0525,0.0131
-0.0524,0.0131
-0.0524,0.0130
-0.0523,0.0130
-0.0523,0.0130
-0.0523,0.0130
-0.0522,0.0130
-0.0522,0.0130
-0.0521,0.0130
-0.0521,0.0130
-0.0520,0.0129
-0.2672
-0.2369
-0.1884
-0.1794
-0.0775
-0.0741
-0.0624
-0.0606
-0.0168
-0.0010
0.0035
0.0439
0.0531
0.0736
0.0782
0.0806
0.0825
0.0837
0.0869
0.0967
0.0995
0.1210
0.1241
0.1404
0.1508
0.1703
0.1767
0.1972
0.2412
0.2526
0.2559
0.2644
0.2729
0.2831
0.2974
0.2980
0.3015
0.3094
0.3104
0.3147
0.3316
0.3355
0.3467
0.3602
0.3663
0.3696
0.3731
0.3744
0.3749
0.3782
0.3801
0.3809
0.3814
0.3957
0.4067
0.4073
0.4075
0.4107
0.4109
0.4114
0.4119
0.4155
0.4164
0.4263
0.4269
0.4331
0.4335
0.4339
0.4344
0.4371
0.4382
0.4486
0.4502
0.4554
0.4675
0.4705
0.4719
0.4726
0.4747
0.4756
0.4764
0.4821
0.4827
0.4878
0.4884
0.4976
0.5019
0.5062
0.5065
0.5089
0.5284
0.5289
0.5298
0.5362
0.5473
0.5504
0.5601
0.5602
0.5652
0.5654
0.5676
0.5697
0.5699
0.5760
0.5788
0.5811
0.5852
0.5887
0.5904
0.5911
0.5916
0.5925
0.5926
0.5998
0.6001
0.6056
0.6082
0.6135
0.6256
0.6266
0.6270
0.6279
0.6297
0.6303
0.6343
0.6350
0.6367
0.6411
0.6458
0.6475
0.6499
0.6548
0.6676
0.6682
0.6702
0.6718
0.6754
0.6766
0.6784
0.6829
0.6850
0.6863
0.6867
0.6906
0.6929
0.6957
0.6979
0.7004
0.7021
0.7043
0.7087
0.7088
0.7093
0.7112
0.7114
0.7200
0.7204
0.7210
0.7226
0.7274
0.7283
0.7283
0.7339
0.7399
0.7448
0.7502
0.7504
0.7594
0.7607
0.7607
0.7641
0.7674
0.7712
0.7762
0.7773
0.7778
0.7797
0.7816
0.7820
0.7829
0.7841
0.7886
0.7910
0.7941
0.7948
0.7958
0.7978
0.7979
0.8081
0.8094
0.8130
0.8141
0.8186
0.8211
0.8215
0.8282
0.8304
0.8359
0.8363
0.8378
0.8392
0.8414
0.8430
0.8439
0.8486
0.8491
0.8518
0.8520
0.8521
0.8591
0.8615
0.8621
0.8650
0.8674
0.8691
0.8700
0.8723
0.8743
0.8747
0.8776
0.8838
0.8847
0.8871
0.8901
0.8905
0.8963
0.8965
0.8969
0.8988
0.9024
0.9040
0.9092
0.9094
0.9151
0.9156
0.9156
0.9166
0.9180
0.9204
0.9218
0.9260
0.9269
0.9282
0.9300
0.9301
0.9314
0.9386
0.9387
0.9396
0.9410
0.9410
0.9418
0.9454
0.9501
0.9521
0.9525
0.9539
0.9545
0.9569
0.9578
0.9608
0.9617
0.9628
0.9659
0.9661
0.9667
0.9717
0.9734
0.9759
0.9785
0.9787
0.9827
0.9846
0.9866
0.9873
0.9891
0.9907
0.9928
0.9942
0.9970
0.9984
0.9984
1.0026
1.0053
1.0062
1.0083
1.0106
1.0128
1.0136
1.0153
1.0167
1.0172
1.0209
1.0228
1.0262
1.0366
1.0372
1.0401
1.0419
1.0437
1.0454
1.0458
1.0468
1.0468
1.0484
1.0489
1.0490
1.0507
1.0546
1.0562
1.0572
1.0589
1.0589
1.0593
1.0609
1.0624
1.0634
1.0635
1.0638
1.0651
1.0706
1.0707
1.0726
1.0730
1.0732
1.0751
1.0764
1.0766
1.0772
1.0783
1.0784
1.0808
1.0848
1.0867
1.0899
1.0912
1.0920
1.0929
1.0932
1.0968
1.0974
1.0987
1.1028
1.1045
1.1050
1.1051
1.1085
1.1111
1.1132
1.1158
1.1159
1.1179
1.1182
1.1189
1.1248
1.1309
1.1322
1.1328
1.1330
1.1349
1.1353
1.1374
1.1379
1.1410
1.1500
1.1508
1.1543
1.1548
1.1571
1.1573
1.1577
1.1578
1.1578
1.1578
1.1583
1.1586
1.1597
1.1598
1.1614
1.1617
1.1663
1.1666
1.1694
1.1708
1.1708
1.1713
1.1734
1.1815
1.1818
1.1820
1.1840
1.1866
1.1917
1.1936
1.1936
1.1964
1.2002
1.2006
1.2018
1.2026
1.2063
1.2096
1.2113
1.2127
1.2144
1.2150
1.2207
1.2233
1.2251
1.2257
1.2264
1.2270
1.2274
1.2287
1.2289
1.2303
1.2321
1.2338
1.2345
1.2364
1.2371
1.2389
1.2404
1.2442
1.2446
1.2500
1.2544
1.2556
1.2576
1.2610
1.2626
1.2628
1.2670
1.2679
1.2680
1.2711
1.2715
1.2719
1.2720
1.2721
1.2723
1.2751
1.2756
1.2770
1.2786
1.2819
1.2852
1.2856
1.2858
1.2862
1.2878
1.2891
1.2948
1.2972
1.2976
1.2978
1.3016
1.3027
1.3069
1.3076
1.3083
1.3095
1.3101
1.3119
1.3123
1.3138
1.3142
1.3155
1.3185
1.3194
1.3198
1.3221
1.3246
1.3254
1.3281
1.3311
1.3335
1.3384
1.3388
1.3403
1.3404
1.3409
1.3452
1.3456
1.3460
1.3492
1.3503
1.3509
1.3510
1.3573
1.3603
1.3649
1.3664
1.3674
1.3683
1.3707
1.3710
1.3772
1.3819
1.3841
1.3842
1.3843
1.3865
1.3880
1.3913
1.3929
1.3951
1.3959
1.3980
1.4016
1.4036
1.4050
1.4066
1.4071
1.4073
1.4077
1.4098
1.4107
1.4114
1.4127
1.4139
1.4146
1.4171
1.4178
1.4188
1.4189
1.4209
1.4223
1.4282
1.4288
1.4326
1.4326
1.4330
1.4338
1.4382
1.4422
1.4422
1.4446
1.4462
1.4489
1.4501
1.4525
1.4547
1.4577
1.4605
1.4606
1.4638
1.4661
1.4672
1.4801
1.4811
1.4857
1.4874
1.4880
1.4916
1.4922
1.4938
1.4965
1.4965
1.4980
1.4980
1.4989
1.4998
1.5009
1.5012
1.5024
1.5120
1.5145
1.5152
1.5170
1.5173
1.5174
1.5193
1.5207
1.5207
1.5246
1.5288
1.5316
1.5323
1.5384
1.5416
1.5513
1.5545
1.5546
1.5558
1.5559
1.5626
1.5658
1.5666
1.5715
1.5800
1.5809
1.5811
1.5822
1.5854
1.5881
1.5895
1.5965
1.5970
1.5971
1.6027
1.6028
1.6055
1.6064
1.6104
1.6123
1.6136
1.6178
1.6267
1.6281
1.6293
1.6306
1.6314
1.6319
1.6336
1.6337
1.6346
1.6351
1.6399
1.6414
1.6420
1.6429
1.6440
1.6449
1.6467
1.6470
1.6482
1.6493
1.6507
1.6524
1.6524
1.6562
1.6570
1.6584
1.6603
1.6610
1.6613
1.6634
1.6636
1.6682
1.6693
1.6708
1.6714
1.6745
1.6784
1.6791
1.6807
1.6835
1.6835
1.6884
1.6902
1.6921
1.6943
1.6949
1.6957
1.6963
1.6966
1.6972
1.7001
1.7031
1.7119
1.7157
1.7161
1.7161
1.7180
1.7183
1.7224
1.7312
1.7354
1.7361
1.7482
1.7548
1.7574
1.7688
1.7696
1.7701
1.7741
1.7787
1.7846
1.7859
1.7888
1.7911
1.7911
1.7914
1.7916
1.7921
1.7963
1.7964
1.7977
1.7977
1.7992
1.7994
1.8005
1.8037
1.8047
1.8058
1.8060
1.8072
1.8083
1.8084
1.8089
1.8092
1.8113
1.8122
1.8187
1.8234
1.8241
1.8244
1.8266
1.8300
1.8335
1.8360
1.8373
1.8420
1.8464
1.8497
1.8519
1.8548
1.8553
1.8560
1.8568
1.8624
1.8628
1.8703
1.8716
1.8717
1.8724
1.8730
1.8738
1.8811
1.8814
1.8838
1.8845
1.8850
1.8880
1.8942
1.8961
1.8980
1.8981
1.8984
1.9022
1.9025
1.9039
1.9047
1.9052
1.9086
1.9089
1.9104
1.9118
1.9151
1.9167
1.9198
1.9252
1.9256
1.9263
1.9264
1.9324
1.9325
1.9339
1.9348
1.9397
1.9433
1.9439
1.9444
1.9453
1.9458
1.9520
1.9623
1.9625
1.9647
1.9655
1.9711
1.9751
1.9758
1.9763
1.9770
1.9772
1.9806
1.9834
1.9883
1.9900
1.9902
1.9953
1.9959
2.0029
2.0078
2.0091
2.0132
2.0139
2.0302
2.0316
2.0327
2.0334
2.0403
2.0426
2.0474
2.0485
2.0495
2.0510
2.0544
2.0601
2.0615
2.0635
2.0653
2.0690
2.0696
2.0707
2.0710
2.0800
2.0827
2.0838
2.0895
2.1004
2.1040
2.1140
2.1178
2.1200
2.1254
2.1267
2.1269
2.1282
2.1352
2.1409
2.1420
2.1468
2.1525
2.1540
2.1587
2.1588
2.1657
2.1673
2.1724
2.1743
2.1771
2.1778
2.1796
2.1828
2.1840
2.1872
2.1939
2.1954
2.1963
2.2010
2.2129
2.2179
2.2191
2.2198
2.2258
2.2260
2.2263
2.2268
2.2312
2.2361
2.2387
2.2411
2.2424
2.2432
2.2457
2.2460
2.2538
2.2555
2.2566
2.2603
2.2604
2.2613
2.2656
2.2663
2.2675
2.2760
2.2858
2.2865
2.2939
2.2943
2.2945
2.3059
2.3087
2.3169
2.3310
2.3338
2.3436
2.3454
2.3553
2.3556
2.3595
2.3665
2.3681
2.3723
2.3782
2.3797
2.3802
2.4085
2.4169
2.4186
2.4298
2.4316
2.4326
2.4331
2.4416
2.4546
2.4661
2.4670
2.4678
2.4678
2.4828
2.4870
2.4900
2.4924
2.4972
2.4973
2.5003
2.5104
2.5134
2.5175
2.5196
2.5237
2.5294
2.5415
2.5469
2.5491
2.5605
2.5614
2.5620
2.5640
2.5708
2.5739
2.5839
2.5850
2.5850
2.5856
2.5868
2.6022
2.6151
2.6333
2.6360
2.6527
2.6624
2.6682
2.7047
2.7108
2.7156
2.7277
2.7311
2.7396
2.7677
2.7723
2.8230
2.8273
2.8337
2.8402
2.8572
2.8627
2.8660
2.8728
2.8794
2.8898
2.8969
2.9015
2.9046
2.9058
2.9163
2.9537
2.9568
2.9574
2.9587
2.9654
2.9673
2.9903
3.0003
3.0125
3.0192
3.0331
3.0665
3.0693
3.0943
3.1064
3.1067
3.1124
3.1211
3.1240
3.1306
3.1547
3.1622
3.2335
3.2792
3.2957
3.3108
3.4709
3.4962
3.5698
3.6105
3.6462
3.6803
3.7023
3.7275
3.8315
3.8846
3.8937
4.1452
4.5242
4.6316
