1000
1000
-1.0354,0.2476
-0.9321,0.2441
-0.7584,0.2038
-0.6470,0.1798
-0.5684,0.1621
-0.5102,0.1499
-0.4653,0.1396
-0.4295,0.1307
-0.3996,0.1226
-0.3747,0.1159
-0.3533,0.1102
-0.3346,0.1053
-0.3176,0.1005
-0.3024,0.0962
-0.2888,0.0924
-0.2764,0.0890
-0.2648,0.0857
-0.2540,0.0826
-0.2439,0.0795
-0.2343,0.0765
-0.2251,0.0736
-0.2163,0.0710
-0.2080,0.0686
-0.2000,0.0664
-0.1922,0.0644
-0.1845,0.0624
-0.1769,0.0603
-0.1692,0.0581
-0.1616,0.0560
-0.1539,0.0539
-0.1460,0.0517
-0.1379,0.0495
-0.1296,0.0474
-0.1210,0.0453
-0.1121,0.0433
-0.1027,0.0412
-0.0926,0.0387
-0.0817,0.0362
0.0000,0.0000
0.0000,0.0000
0.0000,0.0000
0.0000,0.0000
0.0000,0.0000
0.0000,0.0000
0.0000,0.0000
0.0000,0.0000
0.0000,0.0000
0.0000,0.0000
0.0000,0.0000
0.0000,0.0000
0.0000,0.0000
0.0000,0.0000
0.0000,0.0000
0.0000,0.0000
0.0000,0.0000
0.0000,0.0000
0.0000,0.0000
0.0000,0.0000
0.0000,0.0000
0.0000,0.0000
0.0000,0.0000
0.0000,0.0000
0.0000,0.0000
0.0000,0.0000
0.0000,0.0000
0.0000,0.0000
0.0000,0.0000
0.0000,0.0000
0.0000,0.0000
0.0000,0.0000
0.0000,0.0000
0.0000,0.0000
0.0000,0.0000
0.0000,0.0000
0.0000,0.0000
0.0000,0.0000
0.0000,0.0000
0.0000,0.0000
0.0000,0.0000
0.0000,0.0000
0.0000,0.0000
0.0000,0.0000
0.0000,0.0000
0.0000,0.0000
0.0000,0.0000
0.0000,0.0000
0.0000,0.0000
0.0000,0.0000
0.0000,0.0000
0.0000,0.0000
0.0000,0.0000
0.0000,0.0000
0.0000,0.0000
0.0000,0.0000
0.0000,0.0000
0.0000,0.0000
0.0000,0.0000
0.0000,0.0000
0.0000,0.0000
0.0000,0.0000
0.0000,0.0000
0.0000,0.0000
0.0000,0.0000
0.0000,0.0000
0.0000,0.0000
0.0000,0.0000
0.0000,0.0000
0.0000,0.0000
0.0000,0.0000
0.0000,0.0000
0.0000,0.0000
0.0000,0.0000
0.0000,0.0000
0.0000,0.0000
0.0000,0.0000
0.0000,0.0000
0.0000,0.0000
0.0000,0.0000
0.0000,0.0000
0.0000,0.0000
0.0000,0.0000
0.0000,0.0000
0.0000,0.0000
0.0000,0.0000
0.0000,0.0000
0.0000,0.0000
0.0000,0.0000
0.0000,0.0000
0.0000,0.0000
0.0000,0.0000
0.0000,0.0000
0.0000,0.0000
0.0000,0.0000
0.0000,0.0000
0.0000,0.0000
0.0000,0.0000
0.0000,0.0000
0.0000,0.0000
0.0000,0.0000
0.0000,0.0000
0.0000,0.0000
0.0000,0.0000
0.0000,0.0000
0.0000,0.0000
0.0000,0.0000
0.0000,0.0000
0.0000,0.0000
0.0000,0.0000
0.0000,0.0000
0.0000,0.0000
0.0000,0.0000
0.0000,0.0000
0.0000,0.0000
0.0000,0.0000
0.0000,0.0000
0.0000,0.0000
0.0000,0.0000
0.0000,0.0000
0.0000,0.0000
0.0000,0.0000
0.0000,0.0000
0.0000,0.0000
0.0000,0.0000
0.0000,0.0000
0.0000,0.0000
0.0000,0.0000
0.0000,0.0000
0.0000,0.0000
0.0000,0.0000
0.0000,0.0000
0.0000,0.0000
0.0000,0.0000
0.0000,0.0000
0.0000,0.0000
0.0000,0.0000
0.0000,0.0000
0.0000,0.0000
0.0000,0.0000
0.0000,0.0000
0.0000,0.0000
0.0000,0.0000
0.0000,0.0000
0.0000,0.0000
0.0000,0.0000
0.0000,0.0000
0.0000,0.0000
0.0000,0.0000
0.0000,0.0000
0.0000,0.0000
0.0000,0.0000
0.0000,0.0000
0.0000,0.0000
0.0000,0.0000
0.0000,0.0000
0.0000,0.0000
0.0000,0.0000
0.0000,0.0000
0.0000,0.0000
0.0000,0.0000
0.0000,0.0000
0.0000,0.0000
0.0000,0.0000
0.0000,0.0000
0.0000,0.0000
0.0000,0.0000
0.0000,0.0000
0.0000,0.0000
0.0000,0.0000
0.0000,0.0000
0.0000,0.0000
0.0000,0.0000
0.0000,0.0000
0.0000,0.0000
0.0000,0.0000
0.0000,0.0000
0.0000,0.0000
0.0000,0.0000
0.0000,0.0000
0.0000,0.0000
0.0000,0.0000
0.0000,0.0000
0.0000,0.0000
0.0000,0.0000
0.0000,0.0000
0.0000,0.0000
0.0000,0.0000
0.0000,0.0000
0.0000,0.0000
0.0000,0.0000
0.0000,0.0000
0.0000,0.0000
0.0000,0.0000
0.0000,0.0000
0.0000,0.0000
0.0000,0.0000
0.0000,0.0000
0.0000,0.0000
0.0000,0.0000
0.0000,0.0000
0.0000,0.0000
0.0000,0.0000
0.0000,0.0000
0.0000,0.0000
0.0000,0.0000
0.0000,0.0000
0.0000,0.0000
0.0000,0.0000
0.0000,0.0000
0.0000,0.0000
0.0000,0.0000
0.0000,0.0000
0.0000,0.0000
0.0000,0.0000
0.0000,0.0000
0.0000,0.0000
0.0000,0.0000
0.0000,0.0000
0.0000,0.0000
0.0000,0.0000
0.0000,0.0000
0.0000,0.0000
0.0000,0.0000
0.0000,0.0000
0.0000,0.0000
0.0000,0.0000
0.0000,0.0000
0.0000,0.0000
0.0000,0.0000
0.0000,0.0000
0.0000,0.0000
0.0000,0.0000
0.0000,0.0000
0.0000,0.0000
0.0000,0.0000
0.0000,0.0000
0.0000,0.0000
0.0000,0.0000
0.0000,0.0000
0.0000,0.0000
0.0000,0.0000
0.0000,0.0000
0.0000,0.0000
0.0000,0.0000
0.0000,0.0000
0.0000,0.0000
0.0000,0.0000
0.0000,0.0000
0.0000,0.0000
0.0000,0.0000
0.0000,0.0000
0.0000,0.0000
0.0000,0.0000
0.0000,0.0000
0.0000,0.0000
0.0000,0.0000
0.0000,0.0000
0.0000,0.0000
0.0000,0.0000
0.0000,0.0000
0.0000,0.0000
0.0000,0.0000
0.0000,0.0000
0.0000,0.0000
0.0000,0.0000
0.0000,0.0000
0.0000,0.0000
0.0000,0.0000
0.0000,0.0000
0.0000,0.0000
0.0000,0.0000
0.0000,0.0000
0.0000,0.0000
0.0000,0.0000
0.0000,0.0000
0.0000,0.0000
0.0000,0.0000
0.0000,0.0000
0.0000,0.0000
0.0000,0.0000
0.0000,0.0000
0.0000,0.0000
0.0000,0.0000
0.0000,0.0000
0.0000,0.0000
0.0000,0.0000
0.0000,0.0000
0.0000,0.0000
0.0000,0.0000
0.0000,0.0000
0.0000,0.0000
0.0000,0.0000
0.0000,0.0000
0.0000,0.0000
0.0000,0.0000
0.0000,0.0000
0.0000,0.0000
0.0000,0.0000
0.0000,0.0000
0.0000,0.0000
0.0000,0.0000
0.0000,0.0000
0.0000,0.0000
0.0000,0.0000
0.0000,0.0000
0.0000,0.0000
0.0000,0.0000
0.0000,0.0000
0.0000,0.0000
0.0000,0.0000
0.0000,0.0000
0.0000,0.0000
0.0000,0.0000
0.0000,0.0000
0.0000,0.0000
0.0000,0.0000
0.0000,0.0000
0.0000,0.0000
0.0000,0.0000
0.0000,0.0000
0.0000,0.0000
0.0000,0.0000
0.0000,0.0000
0.0000,0.0000
0.0000,0.0000
0.0000,0.0000
0.0000,0.0000
0.0000,0.0000
0.0000,0.0000
0.0000,0.0000
0.0000,0.0000
0.0000,0.0000
0.0000,0.0000
0.0000,0.0000
0.0000,0.0000
0.0000,0.0000
0.0000,0.0000
0.0000,0.0000
0.0000,0.0000
0.0000,0.0000
0.0000,0.0000
0.0000,0.0000
0.0000,0.0000
0.0000,0.0000
0.0000,0.0000
0.0000,0.0000
0.0000,0.0000
0.0000,0.0000
0.0000,0.0000
0.0000,0.0000
0.0000,0.0000
0.0000,0.0000
0.0000,0.0000
0.0000,0.0000
0.0000,0.0000
0.0000,0.0000
0.0000,0.0000
0.0000,0.0000
0.0000,0.0000
0.0000,0.0000
0.0000,0.0000
0.0000,0.0000
0.0000,0.0000
0.0000,0.0000
0.0000,0.0000
0.0000,0.0000
0.0000,0.0000
0.0000,0.0000
0.0000,0.0000
0.0000,0.0000
0.0000,0.0000
0.0000,0.0000
0.0000,0.0000
0.0000,0.0000
0.0000,0.0000
0.0000,0.0000
0.0000,0.0000
0.0000,0.0000
0.0000,0.0000
0.0000,0.0000
0.0000,0.0000
0.0000,0.0000
0.0000,0.0000
0.0000,0.0000
0.0000,0.0000
0.0000,0.0000
0.0000,0.0000
0.0000,0.0000
0.0000,0.0000
0.0000,0.0000
0.0000,0.0000
0.0000,0.0000
0.0000,0.0000
0.0000,0.0000
0.0000,0.0000
0.0000,0.0000
0.0000,0.0000
0.0000,0.0000
0.0000,0.0000
0.0000,0.0000
0.0000,0.0000
0.0000,0.0000
0.0000,0.0000
0.0000,0.0000
0.0000,0.0000
0.0000,0.0000
0.0000,0.0000
0.0000,0.0000
0.0000,0.0000
0.0000,0.0000
0.0000,0.0000
0.0000,0.0000
0.0000,0.0000
0.0000,0.0000
0.0000,0.0000
0.0000,0.0000
0.0000,0.0000
0.0000,0.0000
0.0000,0.0000
0.0000,0.0000
0.0000,0.0000
0.0000,0.0000
0.0000,0.0000
0.0000,0.0000
0.0000,0.0000
0.0000,0.0000
0.0000,0.0000
0.0000,0.0000
0.0000,0.0000
0.0000,0.0000
0.0000,0.0000
0.0000,0.0000
0.0000,0.0000
0.0000,0.0000
0.0000,0.0000
0.0000,0.0000
0.0000,0.0000
0.0000,0.0000
0.0000,0.0000
0.0000,0.0000
0.0000,0.0000
0.0000,0.0000
0.0000,0.0000
0.0000,0.0000
0.0000,0.0000
0.0000,0.0000
0.0000,0.0000
0.0000,0.0000
0.0000,0.0000
0.0000,0.0000
0.0000,0.0000
0.0000,0.0000
0.0000,0.0000
0.0000,0.0000
0.0000,0.0000
0.0000,0.0000
0.0000,0.0000
0.0000,0.0000
0.0000,0.0000
0.0000,0.0000
0.0000,0.0000
0.0000,0.0000
0.0000,0.0000
0.0000,0.0000
0.0000,0.0000
0.0000,0.0000
0.0000,0.0000
0.0000,0.0000
0.0000,0.0000
0.0000,0.0000
0.0000,0.0000
0.0000,0.0000
0.0000,0.0000
0.0000,0.0000
0.0000,0.0000
0.0000,0.0000
0.0000,0.0000
0.0000,0.0000
0.0000,0.0000
0.0000,0.0000
0.0000,0.0000
0.0000,0.0000
0.0000,0.0000
0.0000,0.0000
0.0000,0.0000
0.0000,0.0000
0.0000,0.0000
0.0000,0.0000
0.0000,0.0000
0.0000,0.0000
0.0000,0.0000
0.0000,0.0000
0.0000,0.0000
0.0000,0.0000
0.0000,0.0000
0.0000,0.0000
0.0000,0.0000
0.0000,0.0000
0.0000,0.0000
0.0000,0.0000
0.0000,0.0000
0.0000,0.0000
0.0000,0.0000
0.0000,0.0000
0.0000,0.0000
0.0000,0.0000
0.0000,0.0000
0.0000,0.0000
0.0000,0.0000
0.0000,0.0000
0.0000,0.0000
0.0000,0.0000
0.0000,0.0000
0.0000,0.0000
0.0000,0.0000
0.0000,0.0000
0.0000,0.0000
0.0000,0.0000
0.0000,0.0000
0.0000,0.0000
0.0000,0.0000
0.0000,0.0000
0.0000,0.0000
0.0000,0.0000
0.0000,0.0000
0.0000,0.0000
0.0000,0.0000
0.0000,0.0000
0.0000,0.0000
0.0000,0.0000
0.0000,0.0000
0.0000,0.0000
0.0000,0.0000
0.0000,0.0000
0.0000,0.0000
0.0000,0.0000
0.0000,0.0000
0.0000,0.0000
0.0000,0.0000
0.0000,0.0000
0.0000,0.0000
0.0000,0.0000
0.0000,0.0000
0.0000,0.0000
0.0000,0.0000
0.0000,0.0000
0.0000,0.0000
0.0000,0.0000
0.0000,0.0000
0.0000,0.0000
0.0000,0.0000
0.0000,0.0000
0.0000,0.0000
0.0000,0.0000
0.0000,0.0000
0.0000,0.0000
0.0000,0.0000
0.0000,0.0000
0.0000,0.0000
0.0000,0.0000
0.0000,0.0000
0.0000,0.0000
0.0000,0.0000
0.0000,0.0000
0.0000,0.0000
0.0000,0.0000
0.0000,0.0000
0.0000,0.0000
0.0000,0.0000
0.0000,0.0000
0.0000,0.0000
0.0000,0.0000
0.0000,0.0000
0.0000,0.0000
0.0000,0.0000
0.0000,0.0000
0.0000,0.0000
0.0000,0.0000
0.0000,0.0000
0.0000,0.0000
0.0000,0.0000
0.0000,0.0000
0.0000,0.0000
0.0000,0.0000
0.0000,0.0000
0.0000,0.0000
0.0000,0.0000
0.0000,0.0000
0.0000,0.0000
0.0000,0.0000
0.0000,0.0000
0.0000,0.0000
0.0000,0.0000
0.0000,0.0000
0.0000,0.0000
0.0000,0.0000
0.0000,0.0000
0.0000,0.0000
0.0000,0.0000
0.0000,0.0000
0.0000,0.0000
0.0000,0.0000
0.0000,0.0000
0.0000,0.0000
0.0000,0.0000
0.0000,0.0000
0.0000,0.0000
0.0000,0.0000
0.0000,0.0000
0.0000,0.0000
0.0000,0.0000
0.0000,0.0000
0.0000,0.0000
0.0000,0.0000
0.0000,0.0000
0.0000,0.0000
0.0000,0.0000
0.0000,0.0000
0.0000,0.0000
0.0000,0.0000
0.0000,0.0000
0.0000,0.0000
0.0000,0.0000
0.0000,0.0000
0.0000,0.0000
0.0000,0.0000
0.0000,0.0000
0.0000,0.0000
0.0000,0.0000
0.0000,0.0000
0.0000,0.0000
0.0000,0.0000
0.0000,0.0000
0.0000,0.0000
0.0000,0.0000
0.0000,0.0000
0.0000,0.0000
0.0000,0.0000
0.0000,0.0000
0.0000,0.0000
0.0000,0.0000
0.0000,0.0000
0.0000,0.0000
0.0000,0.0000
0.0000,0.0000
0.0000,0.0000
0.0000,0.0000
0.0000,0.0000
0.0000,0.0000
0.0000,0.0000
0.0000,0.0000
0.0000,0.0000
0.0000,0.0000
0.0000,0.0000
0.0000,0.0000
0.0000,0.0000
0.0000,0.0000
0.0000,0.0000
0.0000,0.0000
0.0000,0.0000
0.0000,0.0000
0.0000,0.0000
0.0000,0.0000
0.0000,0.0000
0.0000,0.0000
0.0000,0.0000
0.0000,0.0000
0.0000,0.0000
0.0000,0.0000
0.0000,0.0000
0.0000,0.0000
0.0000,0.0000
0.0000,0.0000
0.0000,0.0000
0.0000,0.0000
0.0000,0.0000
0.0000,0.0000
0.0000,0.0000
0.0000,0.0000
0.0000,0.0000
0.0000,0.0000
0.0000,0.0000
0.0000,0.0000
0.0000,0.0000
0.0000,0.0000
0.0000,0.0000
0.0000,0.0000
0.0000,0.0000
0.0000,0.0000
0.0000,0.0000
0.0000,0.0000
0.0000,0.0000
0.0000,0.0000
0.0000,0.0000
0.0000,0.0000
0.0000,0.0000
0.0000,0.0000
0.0000,0.0000
0.0000,0.0000
0.0000,0.0000
0.0000,0.0000
0.0000,0.0000
0.0000,0.0000
0.0000,0.0000
0.0000,0.0000
0.0000,0.0000
0.0000,0.0000
0.0000,0.0000
0.0000,0.0000
0.0000,0.0000
0.0000,0.0000
0.0000,0.0000
0.0000,0.0000
0.0000,0.0000
0.0000,0.0000
0.0000,0.0000
0.0000,0.0000
0.0000,0.0000
0.0000,0.0000
0.0000,0.0000
0.0000,0.0000
0.0000,0.0000
0.0000,0.0000
0.0000,0.0000
0.0000,0.0000
0.0000,0.0000
0.0000,0.0000
0.0000,0.0000
0.0000,0.0000
0.0000,0.0000
0.0000,0.0000
0.0000,0.0000
0.0000,0.0000
0.0000,0.0000
0.0000,0.0000
0.0000,0.0000
0.0000,0.0000
0.0000,0.0000
0.0000,0.0000
0.0000,0.0000
0.0000,0.0000
0.0000,0.0000
0.0000,0.0000
0.0000,0.0000
0.0000,0.0000
0.0000,0.0000
0.0000,0.0000
0.0000,0.0000
0.0000,0.0000
0.0000,0.0000
0.0000,0.0000
0.0000,0.0000
0.0000,0.0000
0.0000,0.0000
0.0000,0.0000
0.0000,0.0000
0.0000,0.0000
0.0000,0.0000
0.0000,0.0000
0.0000,0.0000
0.0000,0.0000
0.0000,0.0000
0.0000,0.0000
0.0000,0.0000
0.0000,0.0000
0.0000,0.0000
0.0000,0.0000
0.0000,0.0000
0.0000,0.0000
0.0000,0.0000
0.0000,0.0000
0.0000,0.0000
0.0000,0.0000
0.0000,0.0000
0.0000,0.0000
0.0000,0.0000
0.0000,0.0000
0.0000,0.0000
0.0000,0.0000
0.0000,0.0000
0.0000,0.0000
0.0000,0.0000
0.0000,0.0000
0.0000,0.0000
0.0000,0.0000
0.0000,0.0000
0.0000,0.0000
0.0000,0.0000
0.0000,0.0000
0.0000,0.0000
0.0000,0.0000
0.0000,0.0000
0.0000,0.0000
0.0000,0.0000
0.0000,0.0000
0.0000,0.0000
0.0000,0.0000
0.0000,0.0000
0.0000,0.0000
0.0000,0.0000
0.0000,0.0000
0.0000,0.0000
0.0000,0.0000
0.0000,0.0000
0.0000,0.0000
0.0000,0.0000
0.0000,0.0000
0.0000,0.0000
0.0000,0.0000
0.0000,0.0000
0.0000,0.0000
0.0000,0.0000
0.0000,0.0000
0.0000,0.0000
0.0000,0.0000
0.0000,0.0000
0.0000,0.0000
0.0000,0.0000
0.0000,0.0000
0.0000,0.0000
0.0000,0.0000
0.0000,0.0000
0.0000,0.0000
0.0000,0.0000
0.0000,0.0000
0.0000,0.0000
0.0000,0.0000
0.0000,0.0000
0.0000,0.0000
0.0000,0.0000
0.0000,0.0000
0.0000,0.0000
0.0000,0.0000
0.0000,0.0000
0.0000,0.0000
0.0000,0.0000
0.0000,0.0000
0.0000,0.0000
0.0000,0.0000
0.0000,0.0000
0.0000,0.0000
0.0000,0.0000
0.0000,0.0000
0.0000,0.0000
0.0000,0.0000
0.0000,0.0000
0.0000,0.0000
0.0000,0.0000
0.0000,0.0000
0.0000,0.0000
0.0000,0.0000
0.0000,0.0000
0.0000,0.0000
0.0000,0.0000
0.0000,0.0000
0.0000,0.0000
0.0000,0.0000
0.0000,0.0000
0.0000,0.0000
0.0000,0.0000
0.0000,0.0000
0.0000,0.0000
0.0000,0.0000
0.0000,0.0000
0.0000,0.0000
0.0000,0.0000
0.0000,0.0000
0.0000,0.0000
0.0000,0.0000
0.0000,0.0000
0.0000,0.0000
0.0000,0.0000
0.0000,0.0000
0.0000,0.0000
0.0000,0.0000
0.0000,0.0000
0.0000,0.0000
0.0000,0.0000
0.0000,0.0000
0.0000,0.0000
0.0000,0.0000
0.0000,0.0000
0.0000,0.0000
0.0000,0.0000
0.0000,0.0000
0.0000,0.0000
0.0000,0.0000
0.0000,0.0000
0.0000,0.0000
0.0000,0.0000
0.0000,0.0000
0.0000,0.0000
0.0000,0.0000
0.0000,0.0000
0.0000,0.0000
0.0000,0.0000
0.0000,0.0000
0.0000,0.0000
0.0000,0.0000
0.0000,0.0000
0.0000,0.0000
0.0000,0.0000
0.0000,0.0000
0.0000,0.0000
0.0000,0.0000
0.0000,0.0000
0.0000,0.0000
0.0000,0.0000
0.0000,0.0000
0.0000,0.0000
0.0000,0.0000
0.0000,0.0000
0.0000,0.0000
0.0000,0.0000
0.0000,0.0000
0.0000,0.0000
0.0000,0.0000
0.0000,0.0000
0.0000,0.0000
0.0000,0.0000
0.0000,0.0000
0.0000,0.0000
0.0000,0.0000
0.0000,0.0000
0.0000,0.0000
0.0000,0.0000
0.0000,0.0000
0.0000,0.0000
0.0000,0.0000
0.0000,0.0000
0.0000,0.0000
0.0000,0.0000
0.0000,0.0000
0.0000,0.0000
0.0000,0.0000
0.0000,0.0000
0.0000,0.0000
0.0000,0.0000
0.0000,0.0000
0.0000,0.0000
0.0000,0.0000
0.0000,0.0000
0.0000,0.0000
0.0000,0.0000
0.0000,0.0000
0.0000,0.0000
0.0000,0.0000
0.0000,0.0000
0.0000,0.0000
0.0000,0.0000
0.0000,0.0000
0.0000,0.0000
0.0000,0.0000
0.0000,0.0000
0.0000,0.0000
0.0000,0.0000
0.0000,0.0000
0.0000,0.0000
0.0000,0.0000
0.0000,0.0000
0.0000,0.0000
-1.8091
-1.7946
-1.7775
-1.6979
-1.4753
-1.4548
-1.4484
-1.4474
-1.3613
-1.2240
-1.2188
-1.1289
-1.0733
-1.0145
-0.9877
-0.9839
-0.9821
-0.9474
-0.9409
-0.9377
-0.9284
-0.9243
-0.9148
-0.8734
-0.8665
-0.8581
-0.8389
-0.8376
-0.8368
-0.8341
-0.8195
-0.8086
-0.8023
-0.7991
-0.7883
-0.7709
-0.7699
-0.7616
-0.6814
-0.6767
-0.6666
-0.6644
-0.6600
-0.6570
-0.6443
-0.6379
-0.6313
-0.6231
-0.6152
-0.6148
-0.6102
-0.5879
-0.5778
-0.5719
-0.5649
-0.5645
-0.5622
-0.5620
-0.5516
-0.5498
-0.5478
-0.5307
-0.5297
-0.5256
-0.5229
-0.5139
-0.5104
-0.5012
-0.5004
-0.4990
-0.4960
-0.4881
-0.4876
-0.4869
-0.4848
-0.4760
-0.4740
-0.4521
-0.4298
-0.4165
-0.4070
-0.4024
-0.3945
-0.3907
-0.3906
-0.3818
-0.3693
-0.3561
-0.3536
-0.3512
-0.3333
-0.3164
-0.3148
-0.3128
-0.3054
-0.3038
-0.3030
-0.2997
-0.2970
-0.2965
-0.2896
-0.2845
-0.2741
-0.2657
-0.2642
-0.2613
-0.2531
-0.2511
-0.2495
-0.2467
-0.2414
-0.2389
-0.2370
-0.2283
-0.2210
-0.2189
-0.2161
-0.2096
-0.2085
-0.1971
-0.1965
-0.1938
-0.1889
-0.1878
-0.1871
-0.1869
-0.1866
-0.1863
-0.1752
-0.1743
-0.1727
-0.1726
-0.1671
-0.1660
-0.1658
-0.1595
-0.1587
-0.1575
-0.1565
-0.1561
-0.1546
-0.1538
-0.1493
-0.1469
-0.1468
-0.1462
-0.1453
-0.1421
-0.1418
-0.1326
-0.1278
-0.1272
-0.1246
-0.1229
-0.1212
-0.1191
-0.1157
-0.1055
-0.1054
-0.1017
-0.0999
-0.0961
-0.0944
-0.0919
-0.0874
-0.0841
-0.0796
-0.0788
-0.0746
-0.0738
-0.0737
-0.0626
-0.0602
-0.0592
-0.0568
-0.0482
-0.0422
-0.0409
-0.0373
-0.0286
-0.0232
-0.0206
-0.0130
-0.0118
-0.0076
-0.0033
-0.0032
0.0038
0.0059
0.0113
0.0136
0.0158
0.0210
0.0216
0.0234
0.0248
0.0276
0.0288
0.0328
0.0351
0.0388
0.0421
0.0423
0.0463
0.0498
0.0551
0.0567
0.0580
0.0660
0.0677
0.0687
0.0727
0.0742
0.0782
0.0787
0.0803
0.0819
0.0823
0.0846
0.0871
0.0949
0.1054
0.1088
0.1093
0.1158
0.1175
0.1185
0.1189
0.1226
0.1240
0.1277
0.1408
0.1413
0.1476
0.1485
0.1533
0.1548
0.1575
0.1615
0.1620
0.1630
0.1659
0.1700
0.1706
0.1711
0.1751
0.1757
0.1810
0.1893
0.1953
0.1969
0.1972
0.1973
0.2036
0.2042
0.2126
0.2137
0.2171
0.2192
0.2198
0.2213
0.2224
0.2238
0.2267
0.2274
0.2276
0.2300
0.2309
0.2327
0.2389
0.2426
0.2482
0.2509
0.2553
0.2600
0.2618
0.2661
0.2694
0.2698
0.2757
0.2808
0.2811
0.2839
0.2879
0.2882
0.2899
0.2926
0.2930
0.2931
0.2946
0.2967
0.2996
0.3008
0.3016
0.3051
0.3089
0.3143
0.3168
0.3182
0.3194
0.3204
0.3222
0.3230
0.3235
0.3254
0.3275
0.3310
0.3338
0.3363
0.3378
0.3383
0.3402
0.3467
0.3478
0.3510
0.3515
0.3568
0.3660
0.3665
0.3692
0.3708
0.3722
0.3725
0.3749
0.3798
0.3802
0.3805
0.3832
0.3910
0.3923
0.3930
0.3934
0.3970
0.4004
0.4005
0.4016
0.4024
0.4026
0.4028
0.4034
0.4085
0.4302
0.4308
0.4326
0.4352
0.4373
0.4388
0.4403
0.4403
0.4413
0.4414
0.4428
0.4464
0.4466
0.4474
0.4482
0.4506
0.4572
0.4598
0.4619
0.4623
0.4626
0.4635
0.4776
0.4801
0.4805
0.4816
0.4840
0.4841
0.4842
0.4849
0.4862
0.4882
0.4922
0.4928
0.4959
0.4970
0.5036
0.5079
0.5086
0.5106
0.5108
0.5112
0.5146
0.5151
0.5165
0.5196
0.5197
0.5233
0.5237
0.5239
0.5275
0.5289
0.5364
0.5418
0.5428
0.5489
0.5492
0.5557
0.5573
0.5588
0.5629
0.5674
0.5685
0.5685
0.5697
0.5759
0.5790
0.5798
0.5812
0.5818
0.5874
0.5889
0.5927
0.5943
0.5964
0.5986
0.6031
0.6052
0.6056
0.6075
0.6101
0.6109
0.6121
0.6122
0.6218
0.6220
0.6284
0.6294
0.6300
0.6314
0.6319
0.6325
0.6336
0.6413
0.6418
0.6508
0.6523
0.6547
0.6605
0.6685
0.6701
0.6742
0.6769
0.6778
0.6781
0.6828
0.6883
0.6968
0.6987
0.6993
0.7012
0.7037
0.7075
0.7151
0.7157
0.7160
0.7165
0.7219
0.7237
0.7269
0.7269
0.7298
0.7336
0.7366
0.7391
0.7428
0.7551
0.7610
0.7624
0.7690
0.7703
0.7704
0.7833
0.7849
0.7896
0.7970
0.7976
0.8006
0.8176
0.8179
0.8220
0.8220
0.8249
0.8255
0.8307
0.8342
0.8406
0.8437
0.8468
0.8485
0.8494
0.8515
0.8557
0.8576
0.8582
0.8602
0.8633
0.8656
0.8709
0.8723
0.8740
0.8762
0.8779
0.8782
0.8804
0.8811
0.8816
0.8835
0.8836
0.8839
0.8886
0.8893
0.8895
0.8914
0.8918
0.8924
0.8983
0.9006
0.9011
0.9032
0.9087
0.9094
0.9154
0.9165
0.9175
0.9184
0.9208
0.9226
0.9228
0.9236
0.9253
0.9269
0.9339
0.9391
0.9400
0.9409
0.9431
0.9486
0.9518
0.9539
0.9540
0.9576
0.9584
0.9595
0.9596
0.9615
0.9634
0.9654
0.9743
0.9743
0.9748
0.9772
0.9785
0.9884
0.9888
0.9911
0.9918
0.9920
0.9922
0.9927
0.9943
0.9973
1.0039
1.0051
1.0089
1.0138
1.0149
1.0207
1.0218
1.0291
1.0295
1.0314
1.0337
1.0354
1.0356
1.0437
1.0441
1.0460
1.0466
1.0477
1.0493
1.0529
1.0547
1.0559
1.0586
1.0591
1.0702
1.0800
1.0940
1.0962
1.0989
1.1034
1.1036
1.1040
1.1059
1.1070
1.1072
1.1078
1.1132
1.1211
1.1216
1.1255
1.1322
1.1334
1.1358
1.1388
1.1468
1.1500
1.1587
1.1605
1.1664
1.1670
1.1712
1.1715
1.1731
1.1747
1.1776
1.1830
1.1833
1.1838
1.1859
1.1863
1.1930
1.1941
1.1969
1.1985
1.2012
1.2019
1.2030
1.2063
1.2068
1.2088
1.2232
1.2297
1.2297
1.2335
1.2349
1.2355
1.2364
1.2375
1.2429
1.2442
1.2459
1.2487
1.2506
1.2617
1.2649
1.2704
1.2774
1.2785
1.2797
1.2828
1.2853
1.2872
1.2888
1.2969
1.2987
1.3008
1.3027
1.3086
1.3087
1.3103
1.3105
1.3127
1.3198
1.3305
1.3313
1.3323
1.3339
1.3384
1.3384
1.3417
1.3428
1.3429
1.3467
1.3530
1.3571
1.3634
1.3717
1.3724
1.3748
1.3785
1.3811
1.3823
1.3830
1.3830
1.3841
1.3854
1.3875
1.3883
1.3977
1.4014
1.4039
1.4141
1.4163
1.4225
1.4226
1.4236
1.4273
1.4320
1.4386
1.4399
1.4444
1.4454
1.4502
1.4546
1.4564
1.4587
1.4602
1.4603
1.4604
1.4634
1.4638
1.4685
1.4691
1.4718
1.4747
1.4751
1.4753
1.4785
1.4812
1.4812
1.4885
1.4890
1.5006
1.5024
1.5125
1.5179
1.5191
1.5194
1.5252
1.5272
1.5284
1.5297
1.5384
1.5402
1.5436
1.5443
1.5447
1.5450
1.5490
1.5552
1.5593
1.5604
1.5648
1.5650
1.5688
1.5710
1.5715
1.5794
1.5803
1.5848
1.5862
1.5898
1.5926
1.5992
1.6008
1.6046
1.6182
1.6238
1.6253
1.6280
1.6317
1.6317
1.6323
1.6375
1.6423
1.6428
1.6448
1.6463
1.6549
1.6635
1.6758
1.6758
1.6786
1.6807
1.6864
1.6893
1.6923
1.6929
1.7040
1.7061
1.7080
1.7189
1.7207
1.7337
1.7462
1.7498
1.7569
1.7585
1.7596
1.7616
1.7671
1.7681
1.7756
1.7770
1.7788
1.7839
1.7855
1.7864
1.7870
1.7944
1.7949
1.8005
1.8046
1.8168
1.8178
1.8188
1.8214
1.8228
1.8236
1.8265
1.8297
1.8384
1.8428
1.8518
1.8528
1.8535
1.8554
1.8599
1.8625
1.8662
1.8663
1.8683
1.8746
1.8763
1.8778
1.8818
1.8851
1.8892
1.8914
1.9007
1.9271
1.9325
1.9457
1.9586
1.9602
1.9641
1.9769
1.9802
1.9838
1.9860
1.9866
2.0019
2.0100
2.0141
2.0182
2.0235
2.0273
2.0366
2.0387
2.0407
2.0583
2.0606
2.0617
2.0622
2.0709
2.0731
2.0765
2.0826
2.0882
2.0915
2.0989
2.0995
2.1064
2.1067
2.1068
2.1255
2.1269
2.1355
2.1424
2.1498
2.1537
2.1629
2.1675
2.1824
2.1896
2.1948
2.2051
2.2281
2.2297
2.2337
2.2366
2.2434
2.2537
2.2587
2.2602
2.2765
2.2827
2.2834
2.2939
2.3083
2.3091
2.3166
2.3277
2.3292
2.3478
2.3519
2.3520
2.3521
2.3558
2.3747
2.3787
2.4093
2.4098
2.4112
2.4147
2.4234
2.4271
2.4325
2.4362
2.4466
2.4512
2.4533
2.4565
2.4602
2.4603
2.4604
2.5012
2.5144
2.5213
2.5545
2.5613
2.5769
2.5830
2.5859
2.5869
2.5895
2.5919
2.5994
2.6070
2.6118
2.6279
2.6285
2.6378
2.6429
2.6512
2.6541
2.6725
2.6825
2.7061
2.7497
2.7560
2.7613
2.7658
2.7669
2.7806
2.7872
2.7885
2.7991
2.8030
2.8246
2.8278
2.8418
2.8487
2.8626
2.8630
2.9066
2.9097
2.9525
2.9648
2.9740
2.9900
3.0023
3.0127
3.0403
3.0424
3.0647
3.0944
3.1028
3.1036
3.1116
3.1119
3.1414
3.1945
3.2033
3.2055
3.2119
3.2259
3.2322
3.3313
3.3413
3.3607
3.3632
3.4310
3.5629
3.5995
3.7096
3.7502
3.7784
3.7895
3.8528
3.9535
4.1575
4.1926
4.2889
4.4057
4.5878
5.2942
