1000
1000
-1.8104,0.2280
-1.7159,0.2255
-1.4981,0.1794
-1.3408,0.1604
-1.2243,0.1532
-1.1334,0.1474
-1.0613,0.1450
-1.0018,0.1424
-0.9512,0.1394
-0.9081,0.1372
-0.8707,0.1353
-0.8379,0.1337
-0.8086,0.1321
-0.7822,0.1304
-0.7585,0.1288
-0.7368,0.1270
-0.7169,0.1253
-0.6987,0.1238
-0.6818,0.1221
-0.6661,0.1205
-0.6514,0.1189
-0.6375,0.1171
-0.6245,0.1156
-0.6123,0.1141
-0.6008,0.1127
-0.5900,0.1114
-0.5797,0.1100
-0.5699,0.1087
-0.5606,0.1075
-0.5517,0.1062
-0.5432,0.1049
-0.5351,0.1037
-0.5273,0.1026
-0.5198,0.1014
-0.5127,0.1002
-0.5058,0.0991
-0.4992,0.0980
-0.4928,0.0970
-0.4867,0.0961
-0.4808,0.0951
-0.4752,0.0941
-0.4697,0.0932
-0.4644,0.0923
-0.4592,0.0913
-0.4543,0.0905
-0.4495,0.0897
-0.4448,0.0889
-0.4403,0.0881
-0.4360,0.0874
-0.4318,0.0867
-0.4277,0.0860
-0.4237,0.0854
-0.4198,0.0847
-0.4160,0.0841
-0.4124,0.0835
-0.4088,0.0829
-0.4053,0.0822
-0.4019,0.0816
-0.3985,0.0810
-0.3953,0.0804
-0.3921,0.0798
-0.3890,0.0793
-0.3860,0.0788
-0.3830,0.0782
-0.3801,0.0777
-0.3773,0.0773
-0.3746,0.0768
-0.3719,0.0763
-0.3692,0.0758
-0.3666,0.0753
-0.3641,0.0749
-0.3617,0.0745
-0.3592,0.0740
-0.3569,0.0736
-0.3545,0.0732
-0.3522,0.0728
-0.3500,0.0724
-0.3478,0.0720
-0.3456,0.0716
-0.3435,0.0713
-0.3414,0.0709
-0.3394,0.0706
-0.3374,0.0702
-0.3354,0.0699
-0.3335,0.0695
-0.3315,0.0692
-0.3297,0.0688
-0.3278,0.0685
-0.3260,0.0682
-0.3242,0.0679
-0.3225,0.0675
-0.3207,0.0672
-0.3190,0.0669
-0.3174,0.0666
-0.3157,0.0663
-0.3141,0.0660
-0.3125,0.0657
-0.3109,0.0654
-0.3094,0.0651
-0.3078,0.0649
-0.3063,0.0646
-0.3048,0.0643
-0.3034,0.0641
-0.3019,0.0638
-0.3005,0.0636
-0.2991,0.0634
-0.2977,0.0631
-0.2963,0.0629
-0.2950,0.0627
-0.2937,0.0624
-0.2924,0.0622
-0.2911,0.0620
-0.2898,0.0618
-0.2885,0.0616
-0.2873,0.0614
-0.2861,0.0611
-0.2848,0.0609
-0.2836,0.0607
-0.2824,0.0605
-0.2813,0.0603
-0.2801,0.0601
-0.2789,0.0599
-0.2778,0.0597
-0.2767,0.0594
-0.2756,0.0592
-0.2745,0.0590
-0.2734,0.0588
-0.2723,0.0586
-0.2713,0.0584
-0.2702,0.0582
-0.2692,0.0580
-0.2682,0.0578
-0.2672,0.0576
-0.2662,0.0575
-0.2652,0.0573
-0.2642,0.0571
-0.2632,0.0569
-0.2623,0.0567
-0.2613,0.0566
-0.2604,0.0564
-0.2595,0.0562
-0.2586,0.0560
-0.2577,0.0559
-0.2568,0.0557
-0.2559,0.0555
-0.2550,0.0553
-0.2541,0.0552
-0.2533,0.0550
-0.2524,0.0548
-0.2516,0.0547
-0.2507,0.0545
-0.2499,0.0543
-0.2491,0.0542
-0.2483,0.0540
-0.2475,0.0539
-0.2467,0.0537
-0.2459,0.0535
-0.2451,0.0534
-0.2443,0.0532
-0.2435,0.0531
-0.2428,0.0529
-0.2420,0.0528
-0.2413,0.0526
-0.2405,0.0525
-0.2398,0.0523
-0.2390,0.0522
-0.2383,0.0520
-0.2376,0.0519
-0.2369,0.0518
-0.2362,0.0516
-0.2355,0.0515
-0.2348,0.0513
-0.2341,0.0512
-0.2334,0.0511
-0.2327,0.0509
-0.2320,0.0508
-0.2314,0.0507
-0.2307,0.0505
-0.2301,0.0504
-0.2294,0.0503
-0.2288,0.0502
-0.2281,0.0500
-0.2275,0.0499
-0.2269,0.0498
-0.2262,0.0497
-0.2256,0.0495
-0.2250,0.0494
-0.2244,0.0493
-0.2238,0.0492
-0.2232,0.0490
-0.2226,0.0489
-0.2220,0.0488
-0.2214,0.0487
-0.2208,0.0486
-0.2202,0.0484
-0.2196,0.0483
-0.2191,0.0482
-0.2185,0.0481
-0.2179,0.0480
-0.2174,0.0479
-0.2168,0.0478
-0.2163,0.0476
-0.2157,0.0475
-0.2152,0.0474
-0.2146,0.0473
-0.2141,0.0472
-0.2136,0.0471
-0.2130,0.0470
-0.2125,0.0469
-0.2120,0.0468
-0.2115,0.0467
-0.2110,0.0466
-0.2104,0.0465
-0.2099,0.0463
-0.2094,0.0462
-0.2089,0.0461
-0.2084,0.0460
-0.2079,0.0459
-0.2074,0.0458
-0.2069,0.0457
-0.2065,0.0456
-0.2060,0.0455
-0.2055,0.0454
-0.2050,0.0453
-0.2045,0.0452
-0.2041,0.0451
-0.2036,0.0450
-0.2031,0.0449
-0.2027,0.0448
-0.2022,0.0447
-0.2017,0.0446
-0.2013,0.0445
-0.2008,0.0444
-0.2004,0.0443
-0.1999,0.0442
-0.1995,0.0441
-0.1991,0.0440
-0.1986,0.0439
-0.1982,0.0439
-0.1977,0.0438
-0.1973,0.0437
-0.1969,0.0436
-0.1965,0.0435
-0.1960,0.0434
-0.1956,0.0433
-0.1952,0.0432
-0.1948,0.0432
-0.1944,0.0431
-0.1940,0.0430
-0.1936,0.0429
-0.1932,0.0428
-0.1928,0.0427
-0.1924,0.0427
-0.1920,0.0426
-0.1916,0.0425
-0.1912,0.0424
-0.1908,0.0423
-0.1904,0.0422
-0.1900,0.0422
-0.1896,0.0421
-0.1892,0.0420
-0.1889,0.0419
-0.1885,0.0419
-0.1881,0.0418
-0.1877,0.0417
-0.1874,0.0416
-0.1870,0.0416
-0.1866,0.0415
-0.1863,0.0414
-0.1859,0.0413
-0.1855,0.0413
-0.1852,0.0412
-0.1848,0.0411
-0.1845,0.0411
-0.1841,0.0410
-0.1838,0.0409
-0.1834,0.0408
-0.1831,0.0408
-0.1827,0.0407
-0.1824,0.0406
-0.1820,0.0406
-0.1817,0.0405
-0.1813,0.0404
-0.1810,0.0403
-0.1807,0.0403
-0.1803,0.0402
-0.1800,0.0401
-0.1797,0.0401
-0.1793,0.0400
-0.1790,0.0399
-0.1787,0.0399
-0.1784,0.0398
-0.1780,0.0397
-0.1777,0.0397
-0.1774,0.0396
-0.1771,0.0395
-0.1768,0.0395
-0.1765,0.0394
-0.1761,0.0393
-0.1758,0.0393
-0.1755,0.0392
-0.1752,0.0392
-0.1749,0.0391
-0.1746,0.0390
-0.1743,0.0390
-0.1740,0.0389
-0.1737,0.0388
-0.1734,0.0388
-0.1731,0.0387
-0.1728,0.0387
-0.1725,0.0386
-0.1722,0.0385
-0.1719,0.0385
-0.1716,0.0384
-0.1713,0.0384
-0.1710,0.0383
-0.1708,0.0382
-0.1705,0.0382
-0.1702,0.0381
-0.1699,0.0381
-0.1696,0.0380
-0.1693,0.0380
-0.1691,0.0379
-0.1688,0.0378
-0.1685,0.0378
-0.1682,0.0377
-0.1680,0.0377
-0.1677,0.0376
-0.1674,0.0376
-0.1672,0.0375
-0.1669,0.0375
-0.1666,0.0374
-0.1664,0.0374
-0.1661,0.0373
-0.1658,0.0373
-0.1656,0.0372
-0.1653,0.0372
-0.1651,0.0371
-0.1648,0.0371
-0.1645,0.0370
-0.1643,0.0369
-0.1640,0.0369
-0.1638,0.0368
-0.1635,0.0368
-0.1633,0.0367
-0.1630,0.0367
-0.1628,0.0366
-0.1625,0.0366
-0.1623,0.0365
-0.1620,0.0365
-0.1618,0.0364
-0.1616,0.0364
-0.1613,0.0364
-0.1611,0.0363
-0.1608,0.0363
-0.1606,0.0362
-0.1604,0.0362
-0.1601,0.0361
-0.1599,0.0361
-0.1597,0.0360
-0.1594,0.0360
-0.1592,0.0359
-0.1590,0.0359
-0.1587,0.0358
-0.1585,0.0358
-0.1583,0.0358
-0.1580,0.0357
-0.1578,0.0357
-0.1576,0.0356
-0.1574,0.0356
-0.1571,0.0355
-0.1569,0.0355
-0.1567,0.0354
-0.1565,0.0354
-0.1563,0.0353
-0.1560,0.0353
-0.1558,0.0353
-0.1556,0.0352
-0.1554,0.0352
-0.1552,0.0351
-0.1549,0.0351
-0.1547,0.0350
-0.1545,0.0350
-0.1543,0.0349
-0.1541,0.0349
-0.1539,0.0349
-0.1537,0.0348
-0.1535,0.0348
-0.1533,0.0347
-0.1530,0.0347
-0.1528,0.0346
-0.1526,0.0346
-0.1524,0.0346
-0.1522,0.0345
-0.1520,0.0345
-0.1518,0.0344
-0.1516,0.0344
-0.1514,0.0344
-0.1512,0.0343
-0.1510,0.0343
-0.1508,0.0342
-0.1506,0.0342
-0.1504,0.0341
-0.1502,0.0341
-0.1500,0.0341
-0.1498,0.0340
-0.1496,0.0340
-0.1494,0.0339
-0.1492,0.0339
-0.1491,0.0339
-0.1489,0.0338
-0.1487,0.0338
-0.1485,0.0337
-0.1483,0.0337
-0.1481,0.0337
-0.1479,0.0336
-0.1477,0.0336
-0.1475,0.0335
-0.1473,0.0335
-0.1472,0.0335
-0.1470,0.0334
-0.1468,0.0334
-0.1466,0.0333
-0.1464,0.0333
-0.1462,0.0333
-0.1461,0.0332
-0.1459,0.0332
-0.1457,0.0331
-0.1455,0.0331
-0.1453,0.0331
-0.1452,0.0330
-0.1450,0.0330
-0.1448,0.0330
-0.1446,0.0329
-0.1444,0.0329
-0.1443,0.0328
-0.1441,0.0328
-0.1439,0.0328
-0.1438,0.0327
-0.1436,0.0327
-0.1434,0.0327
-0.1432,0.0326
-0.1431,0.0326
-0.1429,0.0326
-0.1427,0.0325
-0.1426,0.0325
-0.1424,0.0325
-0.1422,0.0324
-0.1421,0.0324
-0.1419,0.0323
-0.1417,0.0323
-0.1416,0.0323
-0.1414,0.0322
-0.1412,0.0322
-0.1411,0.0322
-0.1409,0.0321
-0.1407,0.0321
-0.1406,0.0321
-0.1404,0.0320
-0.1402,0.0320
-0.1401,0.0320
-0.1399,0.0319
-0.1398,0.0319
-0.1396,0.0319
-0.1394,0.0318
-0.1393,0.0318
-0.1391,0.0318
-0.1390,0.0317
-0.1388,0.0317
-0.1387,0.0317
-0.1385,0.0316
-0.1383,0.0316
-0.1382,0.0316
-0.1380,0.0315
-0.1379,0.0315
-0.1377,0.0315
-0.1376,0.0314
-0.1374,0.0314
-0.1373,0.0314
-0.1371,0.0314
-0.1370,0.0313
-0.1368,0.0313
-0.1367,0.0313
-0.1365,0.0312
-0.1364,0.0312
-0.1362,0.0312
-0.1361,0.0311
-0.1359,0.0311
-0.1358,0.0311
-0.1356,0.0310
-0.1355,0.0310
-0.1354,0.0310
-0.1352,0.0310
-0.1351,0.0309
-0.1349,0.0309
-0.1348,0.0309
-0.1346,0.0308
-0.1345,0.0308
-0.1343,0.0308
-0.1342,0.0308
-0.1341,0.0307
-0.1339,0.0307
-0.1338,0.0307
-0.1336,0.0306
-0.1335,0.0306
-0.1334,0.0306
-0.1332,0.0306
-0.1331,0.0305
-0.1329,0.0305
-0.1328,0.0305
-0.1327,0.0304
-0.1325,0.0304
-0.1324,0.0304
-0.1323,0.0304
-0.1321,0.0303
-0.1320,0.0303
-0.1319,0.0303
-0.1317,0.0303
-0.1316,0.0302
-0.1315,0.0302
-0.1313,0.0302
-0.1312,0.0302
-0.1311,0.0301
-0.1309,0.0301
-0.1308,0.0301
-0.1307,0.0300
-0.1305,0.0300
-0.1304,0.0300
-0.1303,0.0300
-0.1301,0.0299
-0.1300,0.0299
-0.1299,0.0299
-0.1298,0.0299
-0.1296,0.0298
-0.1295,0.0298
-0.1294,0.0298
-0.1292,0.0298
-0.1291,0.0297
-0.1290,0.0297
-0.1289,0.0297
-0.1287,0.0297
-0.1286,0.0296
-0.1285,0.0296
-0.1284,0.0296
-0.1282,0.0296
-0.1281,0.0295
-0.1280,0.0295
-0.1279,0.0295
-0.1277,0.0295
-0.1276,0.0294
-0.1275,0.0294
-0.1274,0.0294
-0.1272,0.0294
-0.1271,0.0293
-0.1270,0.0293
-0.1269,0.0293
-0.1268,0.0293
-0.1266,0.0292
-0.1265,0.0292
-0.1264,0.0292
-0.1263,0.0292
-0.1262,0.0291
-0.1260,0.0291
-0.1259,0.0291
-0.1258,0.0291
-0.1257,0.0290
-0.1256,0.0290
-0.1255,0.0290
-0.1253,0.0290
-0.1252,0.0289
-0.1251,0.0289
-0.1250,0.0289
-0.1249,0.0289
-0.1248,0.0288
-0.1246,0.0288
-0.1245,0.0288
-0.1244,0.0288
-0.1243,0.0288
-0.1242,0.0287
-0.1241,0.0287
-0.1240,0.0287
-0.1238,0.0287
-0.1237,0.0286
-0.1236,0.0286
-0.1235,0.0286
-0.1234,0.0286
-0.1233,0.0285
-0.1232,0.0285
-0.1231,0.0285
-0.1230,0.0285
-0.1228,0.0285
-0.1227,0.0284
-0.1226,0.0284
-0.1225,0.0284
-0.1224,0.0284
-0.1223,0.0283
-0.1222,0.0283
-0.1221,0.0283
-0.1220,0.0283
-0.1219,0.0282
-0.1218,0.0282
-0.1217,0.0282
-0.1215,0.0282
-0.1214,0.0282
-0.1213,0.0281
-0.1212,0.0281
-0.1211,0.0281
-0.1210,0.0281
-0.1209,0.0280
-0.1208,0.0280
-0.1207,0.0280
-0.1206,0.0280
-0.1205,0.0280
-0.1204,0.0279
-0.1203,0.0279
-0.1202,0.0279
-0.1201,0.0279
-0.1200,0.0278
-0.1199,0.0278
-0.1198,0.0278
-0.1197,0.0278
-0.1196,0.0278
-0.1195,0.0277
-0.1194,0.0277
-0.1193,0.0277
-0.1192,0.0277
-0.1191,0.0277
-0.1190,0.0276
-0.1189,0.0276
-0.1188,0.0276
-0.1187,0.0276
-0.1186,0.0275
-0.1185,0.0275
-0.1184,0.0275
-0.1183,0.0275
-0.1182,0.0275
-0.1181,0.0274
-0.1180,0.0274
-0.1179,0.0274
-0.1178,0.0274
-0.1177,0.0274
-0.1176,0.0273
-0.1175,0.0273
-0.1174,0.0273
-0.1173,0.0273
-0.1172,0.0273
-0.1171,0.0272
-0.1170,0.0272
-0.1169,0.0272
-0.1168,0.0272
-0.1167,0.0272
-0.1166,0.0271
-0.1165,0.0271
-0.1164,0.0271
-0.1163,0.0271
-0.1163,0.0271
-0.1162,0.0270
-0.1161,0.0270
-0.1160,0.0270
-0.1159,0.0270
-0.1158,0.0270
-0.1157,0.0269
-0.1156,0.0269
-0.1155,0.0269
-0.1154,0.0269
-0.1153,0.0269
-0.1152,0.0268
-0.1151,0.0268
-0.1151,0.0268
-0.1150,0.0268
-0.1149,0.0268
-0.1148,0.0268
-0.1147,0.0267
-0.1146,0.0267
-0.1145,0.0267
-0.1144,0.0267
-0.1143,0.0267
-0.1142,0.0266
-0.1142,0.0266
-0.1141,0.0266
-0.1140,0.0266
-0.1139,0.0266
-0.1138,0.0265
-0.1137,0.0265
-0.1136,0.0265
-0.1135,0.0265
-0.1135,0.0265
-0.1134,0.0265
-0.1133,0.0264
-0.1132,0.0264
-0.1131,0.0264
-0.1130,0.0264
-0.1129,0.0264
-0.1128,0.0264
-0.1128,0.0263
-0.1127,0.0263
-0.1126,0.0263
-0.1125,0.0263
-0.1124,0.0263
-0.1123,0.0262
-0.1122,0.0262
-0.1122,0.0262
-0.1121,0.0262
-0.1120,0.0262
-0.1119,0.0262
-0.1118,0.0261
-0.1117,0.0261
-0.1117,0.0261
-0.1116,0.0261
-0.1115,0.0261
-0.1114,0.0260
-0.1113,0.0260
-0.1112,0.0260
-0.1112,0.0260
-0.1111,0.0260
-0.1110,0.0260
-0.1109,0.0259
-0.1108,0.0259
-0.1107,0.0259
-0.1107,0.0259
-0.1106,0.0259
-0.1105,0.0259
-0.1104,0.0258
-0.1103,0.0258
-0.1103,0.0258
-0.1102,0.0258
-0.1101,0.0258
-0.1100,0.0258
-0.1099,0.0257
-0.1099,0.0257
-0.1098,0.0257
-0.1097,0.0257
-0.1096,0.0257
-0.1095,0.0257
-0.1095,0.0256
-0.1094,0.0256
-0.1093,0.0256
-0.1092,0.0256
-0.1092,0.0256
-0.1091,0.0256
-0.1090,0.0255
-0.1089,0.0255
-0.1088,0.0255
-0.1088,0.0255
-0.1087,0.0255
-0.1086,0.0255
-0.1085,0.0255
-0.1085,0.0254
-0.1084,0.0254
-0.1083,0.0254
-0.1082,0.0254
-0.1081,0.0254
-0.1081,0.0254
-0.1080,0.0253
-0.1079,0.0253
-0.1078,0.0253
-0.1078,0.0253
-0.1077,0.0253
-0.1076,0.0253
-0.1075,0.0252
-0.1075,0.0252
-0.1074,0.0252
-0.1073,0.0252
-0.1072,0.0252
-0.1072,0.0252
-0.1071,0.0252
-0.1070,0.0251
-0.1069,0.0251
-0.1069,0.0251
-0.1068,0.0251
-0.1067,0.0251
-0.1067,0.0251
-0.1066,0.0250
-0.1065,0.0250
-0.1064,0.0250
-0.1064,0.0250
-0.1063,0.0250
-0.1062,0.0250
-0.1061,0.0250
-0.1061,0.0249
-0.1060,0.0249
-0.1059,0.0249
-0.1059,0.0249
-0.1058,0.0249
-0.1057,0.0249
-0.1056,0.0249
-0.1056,0.0248
-0.1055,0.0248
-0.1054,0.0248
-0.1054,0.0248
-0.1053,0.0248
-0.1052,0.0248
-0.1051,0.0248
-0.1051,0.0247
-0.1050,0.0247
-0.1049,0.0247
-0.1049,0.0247
-0.1048,0.0247
-0.1047,0.0247
-0.1047,0.0247
-0.1046,0.0246
-0.1045,0.0246
-0.1044,0.0246
-0.1044,0.0246
-0.1043,0.0246
-0.1042,0.0246
-0.1042,0.0246
-0.1041,0.0245
-0.1040,0.0245
-0.1040,0.0245
-0.1039,0.0245
-0.1038,0.0245
-0.1038,0.0245
-0.1037,0.0245
-0.1036,0.0244
-0.1036,0.0244
-0.1035,0.0244
-0.1034,0.0244
-0.1034,0.0244
-0.1033,0.0244
-0.1032,0.0244
-0.1032,0.0244
-0.1031,0.0243
-0.1030,0.0243
-0.1030,0.0243
-0.1029,0.0243
-0.1028,0.0243
-0.1028,0.0243
-0.1027,0.0243
-0.1026,0.0242
-0.1026,0.0242
-0.1025,0.0242
-0.1024,0.0242
-0.1024,0.0242
-0.1023,0.0242
-0.1022,0.0242
-0.1022,0.0242
-0.1021,0.0241
-0.1020,0.0241
-0.1020,0.0241
-0.1019,0.0241
-0.1019,0.0241
-0.1018,0.0241
-0.1017,0.0241
-0.1017,0.0240
-0.1016,0.0240
-0.1015,0.0240
-0.1015,0.0240
-0.1014,0.0240
-0.1013,0.0240
-0.1013,0.0240
-0.1012,0.0240
-0.1012,0.0239
-0.1011,0.0239
-0.1010,0.0239
-0.1010,0.0239
-0.1009,0.0239
-0.1008,0.0239
-0.1008,0.0239
-0.1007,0.0239
-0.1007,0.0238
-0.1006,0.0238
-0.1005,0.0238
-0.1005,0.0238
-0.1004,0.0238
-0.1004,0.0238
-0.1003,0.0238
-0.1002,0.0238
-0.1002,0.0237
-0.1001,0.0237
-0.1000,0.0237
-0.1000,0.0237
-0.0999,0.0237
-0.0999,0.0237
-0.0998,0.0237
-0.0997,0.0237
-0.0997,0.0236
-0.0996,0.0236
-0.0996,0.0236
-0.0995,0.0236
-0.0994,0.0236
-0.0994,0.0236
-0.0993,0.0236
-0.0993,0.0236
-0.0992,0.0236
-0.0991,0.0235
-0.0991,0.0235
-0.0990,0.0235
-0.0990,0.0235
-0.0989,0.0235
-0.0989,0.0235
-0.0988,0.0235
-0.0987,0.0235
-0.0987,0.0234
-0.0986,0.0234
-0.0986,0.0234
-0.0985,0.0234
-0.0984,0.0234
-0.0984,0.0234
-0.0983,0.0234
-0.0983,0.0234
-0.0982,0.0234
-0.0982,0.0233
-0.0981,0.0233
-0.0980,0.0233
-0.0980,0.0233
-0.0979,0.0233
-0.0979,0.0233
-0.0978,0.0233
-0.0978,0.0233
-0.0977,0.0232
-0.0976,0.0232
-0.0976,0.0232
-0.0975,0.0232
-0.0975,0.0232
-0.0974,0.0232
-0.0974,0.0232
-0.0973,0.0232
-0.0972,0.0232
-0.0972,0.0231
-0.0971,0.0231
-0.0971,0.0231
-0.0970,0.0231
-0.0970,0.0231
-0.0969,0.0231
-0.0969,0.0231
-0.0968,0.0231
-0.0967,0.0231
-0.0967,0.0230
-0.0966,0.0230
-0.0966,0.0230
-0.0965,0.0230
-0.0965,0.0230
-0.0964,0.0230
-0.0964,0.0230
-0.0963,0.0230
-0.0962,0.0230
-0.0962,0.0229
-0.0961,0.0229
-0.0961,0.0229
-0.0960,0.0229
-0.0960,0.0229
-0.0959,0.0229
-0.0959,0.0229
-0.0958,0.0229
-0.0958,0.0229
-0.0957,0.0228
-0.0957,0.0228
-0.0956,0.0228
-0.0955,0.0228
-0.0955,0.0228
-0.0954,0.0228
-0.0954,0.0228
-0.0953,0.0228
-0.0953,0.0228
-0.0952,0.0227
-0.0952,0.0227
-0.0951,0.0227
-0.0951,0.0227
-0.0950,0.0227
-0.0950,0.0227
-0.0949,0.0227
-0.0949,0.0227
-0.0948,0.0227
-0.0948,0.0226
-0.0947,0.0226
-0.0947,0.0226
-0.0946,0.0226
-0.0945,0.0226
-0.0945,0.0226
-0.0944,0.0226
-0.0944,0.0226
-0.0943,0.0226
-0.0943,0.0225
-0.0942,0.0225
-0.0942,0.0225
-0.0941,0.0225
-0.0941,0.0225
-0.0940,0.0225
-0.0940,0.0225
-0.0939,0.0225
-0.0939,0.0225
-0.0938,0.0224
-0.0938,0.0224
-0.0937,0.0224
-0.0937,0.0224
-0.0936,0.0224
-0.0936,0.0224
-0.0935,0.0224
-0.0935,0.0224
-0.0934,0.0224
-0.0934,0.0223
-0.0933,0.0223
-0.0933,0.0223
-0.0932,0.0223
-0.0932,0.0223
-0.0931,0.0223
-0.0931,0.0223
-0.0930,0.0223
-0.0930,0.0223
0.2350
0.2513
0.3086
0.3518
0.3567
0.3571
0.4183
0.4326
0.4584
0.4726
0.4863
0.4889
0.4912
0.4949
0.4960
0.5297
0.5441
0.5475
0.5477
0.5508
0.5548
0.5620
0.5623
0.5681
0.5714
0.5748
0.5827
0.5850
0.5886
0.5924
0.5955
0.6117
0.6369
0.6393
0.6403
0.6574
0.6595
0.6627
0.6780
0.6856
0.6864
0.6893
0.6997
0.7007
0.7023
0.7069
0.7103
0.7145
0.7179
0.7216
0.7355
0.7410
0.7421
0.7543
0.7553
0.7576
0.7585
0.7669
0.7693
0.7761
0.7793
0.7815
0.7849
0.7886
0.7896
0.7919
0.7940
0.7940
0.7975
0.7979
0.8027
0.8043
0.8060
0.8063
0.8091
0.8092
0.8194
0.8210
0.8244
0.8329
0.8357
0.8359
0.8417
0.8450
0.8504
0.8555
0.8556
0.8616
0.8675
0.8682
0.8725
0.8741
0.8765
0.8784
0.8811
0.8855
0.8868
0.8879
0.8881
0.8897
0.8936
0.8955
0.8984
0.9105
0.9152
0.9155
0.9155
0.9171
0.9221
0.9275
0.9336
0.9346
0.9358
0.9360
0.9371
0.9381
0.9402
0.9430
0.9448
0.9520
0.9533
0.9533
0.9544
0.9568
0.9645
0.9657
0.9669
0.9683
0.9693
0.9712
0.9724
0.9740
0.9744
0.9745
0.9747
0.9753
0.9760
0.9762
0.9773
0.9791
0.9802
0.9817
0.9880
0.9901
0.9963
0.9997
1.0011
1.0011
1.0042
1.0042
1.0066
1.0076
1.0086
1.0093
1.0104
1.0128
1.0156
1.0156
1.0177
1.0183
1.0185
1.0187
1.0195
1.0211
1.0253
1.0258
1.0259
1.0278
1.0304
1.0315
1.0328
1.0333
1.0339
1.0347
1.0357
1.0387
1.0389
1.0390
1.0409
1.0428
1.0455
1.0466
1.0467
1.0497
1.0509
1.0520
1.0547
1.0554
1.0561
1.0589
1.0611
1.0634
1.0647
1.0681
1.0694
1.0697
1.0725
1.0726
1.0746
1.0769
1.0771
1.0836
1.0853
1.0881
1.0918
1.0924
1.0985
1.1018
1.1051
1.1057
1.1077
1.1089
1.1098
1.1118
1.1129
1.1133
1.1201
1.1214
1.1219
1.1240
1.1246
1.1270
1.1275
1.1281
1.1355
1.1367
1.1383
1.1420
1.1450
1.1456
1.1504
1.1511
1.1519
1.1576
1.1581
1.1633
1.1637
1.1657
1.1665
1.1720
1.1732
1.1767
1.1788
1.1794
1.1801
1.1819
1.1844
1.1881
1.1896
1.1911
1.1917
1.1967
1.1979
1.1994
1.2031
1.2056
1.2079
1.2105
1.2171
1.2174
1.2192
1.2218
1.2234
1.2248
1.2255
1.2267
1.2282
1.2330
1.2344
1.2354
1.2356
1.2368
1.2400
1.2410
1.2456
1.2467
1.2475
1.2492
1.2504
1.2506
1.2527
1.2546
1.2560
1.2585
1.2610
1.2611
1.2628
1.2641
1.2642
1.2653
1.2672
1.2683
1.2684
1.2690
1.2705
1.2710
1.2722
1.2723
1.2764
1.2783
1.2806
1.2831
1.2853
1.2864
1.2872
1.2894
1.2896
1.2928
1.2951
1.2957
1.2961
1.2972
1.2975
1.2990
1.2994
1.2996
1.3006
1.3042
1.3047
1.3049
1.3051
1.3085
1.3085
1.3100
1.3104
1.3123
1.3128
1.3203
1.3218
1.3226
1.3264
1.3294
1.3312
1.3316
1.3331
1.3332
1.3341
1.3361
1.3427
1.3428
1.3460
1.3477
1.3479
1.3489
1.3491
1.3507
1.3608
1.3616
1.3616
1.3642
1.3651
1.3657
1.3672
1.3685
1.3703
1.3733
1.3735
1.3739
1.3744
1.3767
1.3773
1.3777
1.3783
1.3784
1.3795
1.3822
1.3828
1.3830
1.3851
1.3851
1.3867
1.3869
1.3875
1.3901
1.3924
1.3932
1.3933
1.3949
1.3968
1.3971
1.3974
1.4011
1.4016
1.4018
1.4019
1.4059
1.4066
1.4067
1.4068
1.4090
1.4095
1.4098
1.4101
1.4111
1.4119
1.4144
1.4157
1.4175
1.4179
1.4223
1.4236
1.4244
1.4245
1.4265
1.4309
1.4310
1.4343
1.4353
1.4371
1.4372
1.4373
1.4379
1.4383
1.4391
1.4398
1.4419
1.4426
1.4438
1.4440
1.4453
1.4455
1.4467
1.4505
1.4521
1.4527
1.4528
1.4539
1.4562
1.4571
1.4575
1.4596
1.4600
1.4636
1.4645
1.4649
1.4660
1.4662
1.4665
1.4666
1.4666
1.4728
1.4745
1.4782
1.4789
1.4790
1.4800
1.4813
1.4832
1.4833
1.4863
1.4868
1.4869
1.4880
1.4893
1.4919
1.4927
1.4940
1.4981
1.4991
1.5035
1.5037
1.5042
1.5045
1.5047
1.5050
1.5051
1.5059
1.5096
1.5104
1.5118
1.5128
1.5129
1.5154
1.5157
1.5187
1.5190
1.5196
1.5204
1.5221
1.5226
1.5241
1.5242
1.5261
1.5266
1.5269
1.5272
1.5278
1.5309
1.5312
1.5324
1.5325
1.5349
1.5354
1.5360
1.5364
1.5374
1.5409
1.5410
1.5422
1.5431
1.5437
1.5444
1.5444
1.5456
1.5457
1.5468
1.5483
1.5504
1.5509
1.5520
1.5527
1.5538
1.5547
1.5589
1.5615
1.5628
1.5635
1.5655
1.5669
1.5686
1.5728
1.5759
1.5762
1.5782
1.5785
1.5804
1.5814
1.5835
1.5889
1.5911
1.5944
1.5947
1.5959
1.5988
1.6013
1.6021
1.6039
1.6064
1.6070
1.6078
1.6094
1.6097
1.6098
1.6099
1.6114
1.6133
1.6145
1.6156
1.6157
1.6170
1.6183
1.6256
1.6258
1.6261
1.6265
1.6273
1.6365
1.6386
1.6401
1.6405
1.6407
1.6435
1.6441
1.6445
1.6448
1.6458
1.6458
1.6480
1.6494
1.6499
1.6503
1.6555
1.6568
1.6576
1.6590
1.6592
1.6595
1.6598
1.6610
1.6652
1.6707
1.6725
1.6757
1.6759
1.6775
1.6776
1.6788
1.6862
1.6873
1.6902
1.6904
1.6905
1.6913
1.6929
1.6945
1.6970
1.6988
1.6989
1.7016
1.7034
1.7053
1.7054
1.7062
1.7064
1.7081
1.7097
1.7136
1.7150
1.7155
1.7162
1.7167
1.7183
1.7218
1.7254
1.7285
1.7286
1.7288
1.7295
1.7353
1.7390
1.7409
1.7419
1.7421
1.7437
1.7438
1.7438
1.7463
1.7510
1.7532
1.7539
1.7543
1.7555
1.7583
1.7588
1.7616
1.7680
1.7712
1.7717
1.7724
1.7727
1.7736
1.7737
1.7754
1.7782
1.7791
1.7796
1.7798
1.7830
1.7853
1.7869
1.7885
1.7903
1.7904
1.7908
1.7928
1.7928
1.7940
1.7948
1.7962
1.7981
1.7983
1.8036
1.8038
1.8063
1.8082
1.8084
1.8087
1.8096
1.8107
1.8124
1.8126
1.8207
1.8216
1.8239
1.8244
1.8355
1.8366
1.8405
1.8416
1.8419
1.8453
1.8470
1.8471
1.8486
1.8518
1.8528
1.8531
1.8558
1.8601
1.8602
1.8608
1.8608
1.8616
1.8620
1.8633
1.8649
1.8664
1.8664
1.8693
1.8727
1.8745
1.8794
1.8814
1.8817
1.8834
1.8847
1.8862
1.8905
1.8915
1.8918
1.8952
1.8972
1.8982
1.8994
1.9042
1.9057
1.9060
1.9074
1.9109
1.9200
1.9226
1.9235
1.9243
1.9250
1.9282
1.9323
1.9378
1.9395
1.9400
1.9431
1.9437
1.9475
1.9477
1.9504
1.9515
1.9530
1.9535
1.9536
1.9572
1.9575
1.9597
1.9602
1.9608
1.9609
1.9618
1.9657
1.9657
1.9672
1.9703
1.9707
1.9717
1.9768
1.9773
1.9784
1.9791
1.9799
1.9821
1.9832
1.9832
1.9863
1.9871
1.9891
1.9942
1.9985
1.9990
2.0015
2.0073
2.0076
2.0079
2.0095
2.0111
2.0156
2.0181
2.0202
2.0232
2.0300
2.0332
2.0354
2.0376
2.0381
2.0408
2.0424
2.0430
2.0493
2.0511
2.0516
2.0588
2.0667
2.0676
2.0690
2.0693
2.0706
2.0719
2.0746
2.0779
2.0802
2.0841
2.0858
2.0872
2.0877
2.0919
2.0937
2.1019
2.1023
2.1047
2.1069
2.1084
2.1110
2.1124
2.1140
2.1166
2.1170
2.1189
2.1229
2.1230
2.1276
2.1277
2.1298
2.1323
2.1332
2.1343
2.1380
2.1384
2.1388
2.1408
2.1411
2.1478
2.1479
2.1568
2.1613
2.1650
2.1702
2.1717
2.1764
2.1778
2.1800
2.1824
2.1844
2.1880
2.1920
2.1937
2.1990
2.1994
2.2002
2.2011
2.2035
2.2047
2.2081
2.2095
2.2129
2.2134
2.2190
2.2221
2.2240
2.2281
2.2302
2.2305
2.2325
2.2371
2.2373
2.2392
2.2410
2.2412
2.2417
2.2419
2.2516
2.2540
2.2574
2.2591
2.2657
2.2694
2.2733
2.2786
2.2808
2.2834
2.2850
2.2933
2.2937
2.2977
2.3069
2.3080
2.3178
2.3187
2.3192
2.3202
2.3203
2.3246
2.3262
2.3327
2.3356
2.3489
2.3490
2.3538
2.3649
2.3695
2.3730
2.3762
2.3906
2.4039
2.4040
2.4085
2.4096
2.4096
2.4136
2.4212
2.4240
2.4338
2.4346
2.4419
2.4444
2.4453
2.4472
2.4504
2.4575
2.4679
2.4706
2.4727
2.4748
2.4873
2.4926
2.4963
2.4982
2.5041
2.5055
2.5063
2.5095
2.5135
2.5210
2.5235
2.5259
2.5638
2.5645
2.5660
2.5710
2.5715
2.5719
2.5743
2.5766
2.5781
2.5802
2.5829
2.5842
2.5872
2.5956
2.5988
2.5994
2.6160
2.6167
2.6183
2.6209
2.6301
2.6314
2.6373
2.6634
2.6782
2.6796
2.6797
2.6933
2.6947
2.7024
2.7102
2.7119
2.7158
2.7397
2.7643
2.7650
2.7839
2.7959
2.8134
2.8144
2.8167
2.8211
2.8214
2.8340
2.8486
2.8666
2.8687
2.8712
2.9205
2.9269
2.9426
2.9600
2.9624
2.9692
2.9697
3.0023
3.0105
3.0143
3.0145
3.0416
3.0495
3.0535
3.0611
3.1973
3.1974
3.2059
3.2675
3.4669
3.8605
4.0526
