1000
1000
-1.6608,0.2024
-1.5664,0.1967
-1.3503,0.1512
-1.1997,0.1375
-1.0901,0.1335
-1.0064,0.1327
-0.9388,0.1303
-0.8827,0.1276
-0.8353,0.1253
-0.7948,0.1233
-0.7593,0.1214
-0.7282,0.1195
-0.7005,0.1174
-0.6754,0.1152
-0.6530,0.1132
-0.6326,0.1114
-0.6141,0.1098
-0.5969,0.1081
-0.5812,0.1065
-0.5665,0.1050
-0.5528,0.1035
-0.5401,0.1021
-0.5282,0.1007
-0.5170,0.0994
-0.5065,0.0981
-0.4966,0.0968
-0.4873,0.0956
-0.4784,0.0945
-0.4700,0.0934
-0.4620,0.0922
-0.4543,0.0912
-0.4471,0.0902
-0.4401,0.0892
-0.4334,0.0882
-0.4270,0.0873
-0.4209,0.0864
-0.4150,0.0855
-0.4094,0.0847
-0.4039,0.0839
-0.3987,0.0831
-0.3936,0.0824
-0.3888,0.0817
-0.3841,0.0810
-0.3796,0.0804
-0.3753,0.0798
-0.3711,0.0793
-0.3670,0.0787
-0.3631,0.0781
-0.3593,0.0776
-0.3555,0.0771
-0.3519,0.0765
-0.3484,0.0759
-0.3450,0.0754
-0.3416,0.0748
-0.3384,0.0743
-0.3352,0.0738
-0.3322,0.0733
-0.3292,0.0728
-0.3263,0.0723
-0.3234,0.0718
-0.3207,0.0713
-0.3180,0.0709
-0.3153,0.0704
-0.3127,0.0700
-0.3102,0.0695
-0.3078,0.0691
-0.3054,0.0687
-0.3030,0.0683
-0.3007,0.0679
-0.2985,0.0675
-0.2962,0.0671
-0.2941,0.0667
-0.2919,0.0663
-0.2899,0.0659
-0.2878,0.0656
-0.2858,0.0652
-0.2838,0.0649
-0.2819,0.0645
-0.2800,0.0642
-0.2782,0.0639
-0.2763,0.0635
-0.2745,0.0632
-0.2728,0.0629
-0.2711,0.0626
-0.2694,0.0623
-0.2677,0.0621
-0.2661,0.0618
-0.2645,0.0615
-0.2629,0.0612
-0.2614,0.0609
-0.2598,0.0606
-0.2583,0.0604
-0.2569,0.0601
-0.2554,0.0598
-0.2540,0.0595
-0.2526,0.0592
-0.2512,0.0590
-0.2498,0.0587
-0.2485,0.0584
-0.2471,0.0582
-0.2458,0.0579
-0.2446,0.0577
-0.2433,0.0575
-0.2421,0.0572
-0.2408,0.0570
-0.2396,0.0568
-0.2384,0.0565
-0.2372,0.0563
-0.2361,0.0561
-0.2349,0.0558
-0.2338,0.0556
-0.2327,0.0554
-0.2316,0.0552
-0.2305,0.0550
-0.2294,0.0548
-0.2284,0.0546
-0.2273,0.0544
-0.2263,0.0542
-0.2252,0.0540
-0.2242,0.0538
-0.2232,0.0536
-0.2222,0.0534
-0.2213,0.0532
-0.2203,0.0530
-0.2194,0.0528
-0.2184,0.0526
-0.2175,0.0525
-0.2166,0.0523
-0.2157,0.0521
-0.2148,0.0519
-0.2139,0.0517
-0.2130,0.0516
-0.2121,0.0514
-0.2113,0.0512
-0.2104,0.0510
-0.2096,0.0509
-0.2088,0.0507
-0.2079,0.0506
-0.2071,0.0504
-0.2063,0.0502
-0.2055,0.0501
-0.2047,0.0499
-0.2040,0.0498
-0.2032,0.0496
-0.2024,0.0495
-0.2017,0.0493
-0.2009,0.0492
-0.2002,0.0490
-0.1995,0.0489
-0.1987,0.0487
-0.1980,0.0486
-0.1973,0.0484
-0.1966,0.0483
-0.1959,0.0481
-0.1952,0.0480
-0.1945,0.0479
-0.1939,0.0477
-0.1932,0.0476
-0.1925,0.0475
-0.1919,0.0473
-0.1912,0.0472
-0.1906,0.0471
-0.1900,0.0469
-0.1893,0.0468
-0.1887,0.0467
-0.1881,0.0465
-0.1875,0.0464
-0.1868,0.0463
-0.1862,0.0461
-0.1856,0.0460
-0.1850,0.0459
-0.1845,0.0458
-0.1839,0.0456
-0.1833,0.0455
-0.1827,0.0454
-0.1821,0.0453
-0.1816,0.0452
-0.1810,0.0450
-0.1805,0.0449
-0.1799,0.0448
-0.1794,0.0447
-0.1788,0.0446
-0.1783,0.0445
-0.1778,0.0443
-0.1772,0.0442
-0.1767,0.0441
-0.1762,0.0440
-0.1757,0.0439
-0.1752,0.0438
-0.1747,0.0437
-0.1741,0.0436
-0.1736,0.0435
-0.1731,0.0434
-0.1727,0.0432
-0.1722,0.0431
-0.1717,0.0430
-0.1712,0.0429
-0.1707,0.0428
-0.1702,0.0427
-0.1698,0.0426
-0.1693,0.0425
-0.1688,0.0424
-0.1684,0.0423
-0.1679,0.0422
-0.1675,0.0421
-0.1670,0.0420
-0.1666,0.0419
-0.1661,0.0418
-0.1657,0.0417
-0.1652,0.0416
-0.1648,0.0415
-0.1644,0.0414
-0.1639,0.0413
-0.1635,0.0412
-0.1631,0.0411
-0.1627,0.0410
-0.1623,0.0409
-0.1618,0.0408
-0.1614,0.0407
-0.1610,0.0406
-0.1606,0.0405
-0.1602,0.0404
-0.1598,0.0403
-0.1594,0.0403
-0.1590,0.0402
-0.1586,0.0401
-0.1582,0.0400
-0.1578,0.0399
-0.1574,0.0398
-0.1571,0.0397
-0.1567,0.0396
-0.1563,0.0395
-0.1559,0.0395
-0.1556,0.0394
-0.1552,0.0393
-0.1548,0.0392
-0.1545,0.0391
-0.1541,0.0390
-0.1537,0.0389
-0.1534,0.0389
-0.1530,0.0388
-0.1527,0.0387
-0.1523,0.0386
-0.1520,0.0385
-0.1516,0.0385
-0.1513,0.0384
-0.1509,0.0383
-0.1506,0.0382
-0.1502,0.0381
-0.1499,0.0381
-0.1496,0.0380
-0.1492,0.0379
-0.1489,0.0378
-0.1486,0.0378
-0.1483,0.0377
-0.1479,0.0376
-0.1476,0.0375
-0.1473,0.0375
-0.1470,0.0374
-0.1467,0.0373
-0.1464,0.0372
-0.1460,0.0371
-0.1457,0.0371
-0.1454,0.0370
-0.1451,0.0369
-0.1448,0.0369
-0.1445,0.0368
-0.1442,0.0367
-0.1439,0.0366
-0.1436,0.0366
-0.1433,0.0365
-0.1430,0.0364
-0.1427,0.0363
-0.1424,0.0363
-0.1421,0.0362
-0.1418,0.0361
-0.1416,0.0361
-0.1413,0.0360
-0.1410,0.0359
-0.1407,0.0359
-0.1404,0.0358
-0.1401,0.0357
-0.1399,0.0357
-0.1396,0.0356
-0.1393,0.0355
-0.1390,0.0354
-0.1388,0.0354
-0.1385,0.0353
-0.1382,0.0352
-0.1380,0.0352
-0.1377,0.0351
-0.1374,0.0351
-0.1372,0.0350
-0.1369,0.0349
-0.1367,0.0349
-0.1364,0.0348
-0.1361,0.0347
-0.1359,0.0347
-0.1356,0.0346
-0.1354,0.0345
-0.1351,0.0345
-0.1349,0.0344
-0.1346,0.0344
-0.1344,0.0343
-0.1341,0.0342
-0.1339,0.0342
-0.1336,0.0341
-0.1334,0.0341
-0.1332,0.0340
-0.1329,0.0339
-0.1327,0.0339
-0.1324,0.0338
-0.1322,0.0338
-0.1320,0.0337
-0.1317,0.0336
-0.1315,0.0336
-0.1313,0.0335
-0.1310,0.0335
-0.1308,0.0334
-0.1306,0.0334
-0.1304,0.0333
-0.1301,0.0333
-0.1299,0.0332
-0.1297,0.0331
-0.1295,0.0331
-0.1292,0.0330
-0.1290,0.0330
-0.1288,0.0329
-0.1286,0.0329
-0.1283,0.0328
-0.1281,0.0328
-0.1279,0.0327
-0.1277,0.0327
-0.1275,0.0326
-0.1273,0.0326
-0.1271,0.0325
-0.1268,0.0325
-0.1266,0.0324
-0.1264,0.0324
-0.1262,0.0323
-0.1260,0.0322
-0.1258,0.0322
-0.1256,0.0321
-0.1254,0.0321
-0.1252,0.0320
-0.1250,0.0320
-0.1248,0.0319
-0.1246,0.0319
-0.1244,0.0318
-0.1242,0.0318
-0.1240,0.0318
-0.1238,0.0317
-0.1236,0.0317
-0.1234,0.0316
-0.1232,0.0316
-0.1230,0.0315
-0.1228,0.0315
-0.1226,0.0314
-0.1224,0.0314
-0.1222,0.0313
-0.1220,0.0313
-0.1219,0.0312
-0.1217,0.0312
-0.1215,0.0311
-0.1213,0.0311
-0.1211,0.0310
-0.1209,0.0310
-0.1207,0.0309
-0.1206,0.0309
-0.1204,0.0308
-0.1202,0.0308
-0.1200,0.0307
-0.1198,0.0307
-0.1196,0.0307
-0.1195,0.0306
-0.1193,0.0306
-0.1191,0.0305
-0.1189,0.0305
-0.1188,0.0304
-0.1186,0.0304
-0.1184,0.0303
-0.1182,0.0303
-0.1180,0.0303
-0.1179,0.0302
-0.1177,0.0302
-0.1175,0.0301
-0.1174,0.0301
-0.1172,0.0300
-0.1170,0.0300
-0.1168,0.0299
-0.1167,0.0299
-0.1165,0.0299
-0.1163,0.0298
-0.1162,0.0298
-0.1160,0.0297
-0.1158,0.0297
-0.1157,0.0296
-0.1155,0.0296
-0.1154,0.0296
-0.1152,0.0295
-0.1150,0.0295
-0.1149,0.0294
-0.1147,0.0294
-0.1145,0.0294
-0.1144,0.0293
-0.1142,0.0293
-0.1141,0.0292
-0.1139,0.0292
-0.1138,0.0292
-0.1136,0.0291
-0.1134,0.0291
-0.1133,0.0290
-0.1131,0.0290
-0.1130,0.0290
-0.1128,0.0289
-0.1127,0.0289
-0.1125,0.0289
-0.1124,0.0288
-0.1122,0.0288
-0.1121,0.0288
-0.1119,0.0287
-0.1118,0.0287
-0.1116,0.0286
-0.1115,0.0286
-0.1113,0.0286
-0.1112,0.0285
-0.1110,0.0285
-0.1109,0.0285
-0.1108,0.0284
-0.1106,0.0284
-0.1105,0.0284
-0.1103,0.0283
-0.1102,0.0283
-0.1100,0.0283
-0.1099,0.0282
-0.1098,0.0282
-0.1096,0.0282
-0.1095,0.0281
-0.1093,0.0281
-0.1092,0.0281
-0.1091,0.0280
-0.1089,0.0280
-0.1088,0.0280
-0.1087,0.0279
-0.1085,0.0279
-0.1084,0.0279
-0.1082,0.0278
-0.1081,0.0278
-0.1080,0.0278
-0.1078,0.0277
-0.1077,0.0277
-0.1076,0.0277
-0.1074,0.0276
-0.1073,0.0276
-0.1072,0.0276
-0.1071,0.0276
-0.1069,0.0275
-0.1068,0.0275
-0.1067,0.0275
-0.1065,0.0274
-0.1064,0.0274
-0.1063,0.0274
-0.1061,0.0273
-0.1060,0.0273
-0.1059,0.0273
-0.1058,0.0273
-0.1056,0.0272
-0.1055,0.0272
-0.1054,0.0272
-0.1053,0.0271
-0.1051,0.0271
-0.1050,0.0271
-0.1049,0.0270
-0.1048,0.0270
-0.1047,0.0270
-0.1045,0.0270
-0.1044,0.0269
-0.1043,0.0269
-0.1042,0.0269
-0.1041,0.0269
-0.1039,0.0268
-0.1038,0.0268
-0.1037,0.0268
-0.1036,0.0267
-0.1035,0.0267
-0.1033,0.0267
-0.1032,0.0267
-0.1031,0.0266
-0.1030,0.0266
-0.1029,0.0266
-0.1028,0.0266
-0.1026,0.0265
-0.1025,0.0265
-0.1024,0.0265
-0.1023,0.0264
-0.1022,0.0264
-0.1021,0.0264
-0.1020,0.0264
-0.1018,0.0263
-0.1017,0.0263
-0.1016,0.0263
-0.1015,0.0263
-0.1014,0.0262
-0.1013,0.0262
-0.1012,0.0262
-0.1011,0.0262
-0.1010,0.0261
-0.1008,0.0261
-0.1007,0.0261
-0.1006,0.0260
-0.1005,0.0260
-0.1004,0.0260
-0.1003,0.0260
-0.1002,0.0259
-0.1001,0.0259
-0.1000,0.0259
-0.0999,0.0259
-0.0998,0.0258
-0.0997,0.0258
-0.0996,0.0258
-0.0994,0.0258
-0.0993,0.0257
-0.0992,0.0257
-0.0991,0.0257
-0.0990,0.0257
-0.0989,0.0256
-0.0988,0.0256
-0.0987,0.0256
-0.0986,0.0256
-0.0985,0.0255
-0.0984,0.0255
-0.0983,0.0255
-0.0982,0.0255
-0.0981,0.0255
-0.0980,0.0254
-0.0979,0.0254
-0.0978,0.0254
-0.0977,0.0254
-0.0976,0.0253
-0.0975,0.0253
-0.0974,0.0253
-0.0973,0.0253
-0.0972,0.0252
-0.0971,0.0252
-0.0970,0.0252
-0.0969,0.0252
-0.0968,0.0252
-0.0967,0.0251
-0.0966,0.0251
-0.0965,0.0251
-0.0964,0.0251
-0.0963,0.0250
-0.0962,0.0250
-0.0961,0.0250
-0.0960,0.0250
-0.0960,0.0249
-0.0959,0.0249
-0.0958,0.0249
-0.0957,0.0249
-0.0956,0.0249
-0.0955,0.0248
-0.0954,0.0248
-0.0953,0.0248
-0.0952,0.0248
-0.0951,0.0247
-0.0950,0.0247
-0.0949,0.0247
-0.0948,0.0247
-0.0947,0.0247
-0.0946,0.0246
-0.0946,0.0246
-0.0945,0.0246
-0.0944,0.0246
-0.0943,0.0246
-0.0942,0.0245
-0.0941,0.0245
-0.0940,0.0245
-0.0939,0.0245
-0.0938,0.0244
-0.0937,0.0244
-0.0937,0.0244
-0.0936,0.0244
-0.0935,0.0244
-0.0934,0.0243
-0.0933,0.0243
-0.0932,0.0243
-0.0931,0.0243
-0.0930,0.0243
-0.0930,0.0242
-0.0929,0.0242
-0.0928,0.0242
-0.0927,0.0242
-0.0926,0.0242
-0.0925,0.0241
-0.0924,0.0241
-0.0924,0.0241
-0.0923,0.0241
-0.0922,0.0241
-0.0921,0.0240
-0.0920,0.0240
-0.0919,0.0240
-0.0919,0.0240
-0.0918,0.0240
-0.0917,0.0239
-0.0916,0.0239
-0.0915,0.0239
-0.0914,0.0239
-0.0914,0.0239
-0.0913,0.0238
-0.0912,0.0238
-0.0911,0.0238
-0.0910,0.0238
-0.0909,0.0238
-0.0909,0.0238
-0.0908,0.0237
-0.0907,0.0237
-0.0906,0.0237
-0.0905,0.0237
-0.0905,0.0237
-0.0904,0.0236
-0.0903,0.0236
-0.0902,0.0236
-0.0901,0.0236
-0.0901,0.0236
-0.0900,0.0236
-0.0899,0.0235
-0.0898,0.0235
-0.0898,0.0235
-0.0897,0.0235
-0.0896,0.0235
-0.0895,0.0234
-0.0894,0.0234
-0.0894,0.0234
-0.0893,0.0234
-0.0892,0.0234
-0.0891,0.0234
-0.0891,0.0233
-0.0890,0.0233
-0.0889,0.0233
-0.0888,0.0233
-0.0888,0.0233
-0.0887,0.0232
-0.0886,0.0232
-0.0885,0.0232
-0.0885,0.0232
-0.0884,0.0232
-0.0883,0.0232
-0.0882,0.0231
-0.0882,0.0231
-0.0881,0.0231
-0.0880,0.0231
-0.0879,0.0231
-0.0879,0.0231
-0.0878,0.0230
-0.0877,0.0230
-0.0876,0.0230
-0.0876,0.0230
-0.0875,0.0230
-0.0874,0.0230
-0.0873,0.0229
-0.0873,0.0229
-0.0872,0.0229
-0.0871,0.0229
-0.0871,0.0229
-0.0870,0.0229
-0.0869,0.0228
-0.0868,0.0228
-0.0868,0.0228
-0.0867,0.0228
-0.0866,0.0228
-0.0866,0.0228
-0.0865,0.0227
-0.0864,0.0227
-0.0864,0.0227
-0.0863,0.0227
-0.0862,0.0227
-0.0861,0.0227
-0.0861,0.0226
-0.0860,0.0226
-0.0859,0.0226
-0.0859,0.0226
-0.0858,0.0226
-0.0857,0.0226
-0.0857,0.0225
-0.0856,0.0225
-0.0855,0.0225
-0.0855,0.0225
-0.0854,0.0225
-0.0853,0.0225
-0.0853,0.0225
-0.0852,0.0224
-0.0851,0.0224
-0.0851,0.0224
-0.0850,0.0224
-0.0849,0.0224
-0.0848,0.0224
-0.0848,0.0223
-0.0847,0.0223
-0.0846,0.0223
-0.0846,0.0223
-0.0845,0.0223
-0.0845,0.0223
-0.0844,0.0223
-0.0843,0.0222
-0.0843,0.0222
-0.0842,0.0222
-0.0841,0.0222
-0.0841,0.0222
-0.0840,0.0222
-0.0839,0.0222
-0.0839,0.0221
-0.0838,0.0221
-0.0837,0.0221
-0.0837,0.0221
-0.0836,0.0221
-0.0835,0.0221
-0.0835,0.0220
-0.0834,0.0220
-0.0833,0.0220
-0.0833,0.0220
-0.0832,0.0220
-0.0832,0.0220
-0.0831,0.0219
-0.0830,0.0219
-0.0830,0.0219
-0.0829,0.0219
-0.0828,0.0219
-0.0828,0.0219
-0.0827,0.0219
-0.0827,0.0218
-0.0826,0.0218
-0.0825,0.0218
-0.0825,0.0218
-0.0824,0.0218
-0.0823,0.0218
-0.0823,0.0217
-0.0822,0.0217
-0.0822,0.0217
-0.0821,0.0217
-0.0820,0.0217
-0.0820,0.0217
-0.0819,0.0217
-0.0819,0.0216
-0.0818,0.0216
-0.0817,0.0216
-0.0817,0.0216
-0.0816,0.0216
-0.0815,0.0216
-0.0815,0.0215
-0.0814,0.0215
-0.0814,0.0215
-0.0813,0.0215
-0.0812,0.0215
-0.0812,0.0215
-0.0811,0.0215
-0.0811,0.0214
-0.0810,0.0214
-0.0810,0.0214
-0.0809,0.0214
-0.0808,0.0214
-0.0808,0.0214
-0.0807,0.0214
-0.0807,0.0213
-0.0806,0.0213
-0.0805,0.0213
-0.0805,0.0213
-0.0804,0.0213
-0.0804,0.0213
-0.0803,0.0212
-0.0802,0.0212
-0.0802,0.0212
-0.0801,0.0212
-0.0801,0.0212
-0.0800,0.0212
-0.0800,0.0212
-0.0799,0.0211
-0.0798,0.0211
-0.0798,0.0211
-0.0797,0.0211
-0.0797,0.0211
-0.0796,0.0211
-0.0796,0.0211
-0.0795,0.0210
-0.0795,0.0210
-0.0794,0.0210
-0.0793,0.0210
-0.0793,0.0210
-0.0792,0.0210
-0.0792,0.0210
-0.0791,0.0209
-0.0791,0.0209
-0.0790,0.0209
-0.0789,0.0209
-0.0789,0.0209
-0.0788,0.0209
-0.0788,0.0209
-0.0787,0.0208
-0.0787,0.0208
-0.0786,0.0208
-0.0786,0.0208
-0.0785,0.0208
-0.0785,0.0208
-0.0784,0.0208
-0.0783,0.0207
-0.0783,0.0207
-0.0782,0.0207
-0.0782,0.0207
-0.0781,0.0207
-0.0781,0.0207
-0.0780,0.0207
-0.0780,0.0206
-0.0779,0.0206
-0.0779,0.0206
-0.0778,0.0206
-0.0778,0.0206
-0.0777,0.0206
-0.0777,0.0206
-0.0776,0.0206
-0.0776,0.0205
-0.0775,0.0205
-0.0774,0.0205
-0.0774,0.0205
-0.0773,0.0205
-0.0773,0.0205
-0.0772,0.0205
-0.0772,0.0204
-0.0771,0.0204
-0.0771,0.0204
-0.0770,0.0204
-0.0770,0.0204
-0.0769,0.0204
-0.0769,0.0204
-0.0768,0.0203
-0.0768,0.0203
-0.0767,0.0203
-0.0767,0.0203
-0.0766,0.0203
-0.0766,0.0203
-0.0765,0.0203
-0.0765,0.0203
-0.0764,0.0202
-0.0764,0.0202
-0.0763,0.0202
-0.0763,0.0202
-0.0762,0.0202
-0.0762,0.0202
-0.0761,0.0202
-0.0761,0.0202
-0.0760,0.0201
-0.0760,0.0201
-0.0759,0.0201
-0.0759,0.0201
-0.0758,0.0201
-0.0758,0.0201
-0.0757,0.0201
-0.0757,0.0200
-0.0756,0.0200
-0.0756,0.0200
-0.0755,0.0200
-0.0755,0.0200
-0.0754,0.0200
-0.0754,0.0200
-0.0753,0.0200
-0.0753,0.0199
-0.0752,0.0199
-0.0752,0.0199
-0.0751,0.0199
-0.0751,0.0199
-0.0751,0.0199
-0.0750,0.0199
-0.0750,0.0199
-0.0749,0.0198
-0.0749,0.0198
-0.0748,0.0198
-0.0748,0.0198
-0.0747,0.0198
-0.0747,0.0198
-0.0746,0.0198
-0.0746,0.0198
-0.0745,0.0198
-0.0745,0.0197
-0.0744,0.0197
-0.0744,0.0197
-0.0743,0.0197
-0.0743,0.0197
-0.0743,0.0197
-0.0742,0.0197
-0.0742,0.0197
-0.0741,0.0196
-0.0741,0.0196
-0.0740,0.0196
-0.0740,0.0196
-0.0739,0.0196
-0.0739,0.0196
-0.0738,0.0196
-0.0738,0.0196
-0.0737,0.0196
-0.0737,0.0195
-0.0737,0.0195
-0.0736,0.0195
-0.0736,0.0195
-0.0735,0.0195
-0.0735,0.0195
-0.0734,0.0195
-0.0734,0.0195
-0.0733,0.0194
-0.0733,0.0194
-0.0733,0.0194
-0.0732,0.0194
-0.0732,0.0194
-0.0731,0.0194
-0.0731,0.0194
-0.0730,0.0194
-0.0730,0.0194
-0.0729,0.0193
-0.0729,0.0193
-0.0729,0.0193
-0.0728,0.0193
-0.0728,0.0193
-0.0727,0.0193
-0.0727,0.0193
-0.0726,0.0193
-0.0726,0.0193
-0.0726,0.0192
-0.0725,0.0192
-0.0725,0.0192
-0.0724,0.0192
-0.0724,0.0192
-0.0723,0.0192
-0.0723,0.0192
-0.0722,0.0192
-0.0722,0.0192
-0.0722,0.0191
-0.0721,0.0191
-0.0721,0.0191
-0.0720,0.0191
-0.0720,0.0191
-0.0720,0.0191
-0.0719,0.0191
-0.0719,0.0191
-0.0718,0.0191
-0.0718,0.0191
-0.0717,0.0190
-0.0717,0.0190
-0.0717,0.0190
-0.0716,0.0190
-0.0716,0.0190
-0.0715,0.0190
-0.0715,0.0190
-0.0714,0.0190
-0.0714,0.0190
-0.0714,0.0189
-0.0713,0.0189
-0.0713,0.0189
-0.0712,0.0189
-0.0712,0.0189
-0.0712,0.0189
-0.0711,0.0189
-0.0711,0.0189
-0.0710,0.0189
-0.0710,0.0189
-0.0710,0.0188
-0.0709,0.0188
-0.0709,0.0188
-0.0708,0.0188
-0.0708,0.0188
-0.0708,0.0188
-0.0707,0.0188
-0.0707,0.0188
-0.0706,0.0188
-0.0706,0.0188
-0.0706,0.0187
-0.0705,0.0187
-0.0705,0.0187
-0.0704,0.0187
-0.0704,0.0187
-0.0704,0.0187
-0.0703,0.0187
-0.0703,0.0187
-0.0702,0.0187
-0.0702,0.0187
-0.0702,0.0186
-0.0701,0.0186
-0.0701,0.0186
-0.0700,0.0186
-0.0700,0.0186
-0.0700,0.0186
-0.0699,0.0186
-0.0699,0.0186
-0.0698,0.0186
-0.0698,0.0186
-0.0698,0.0185
-0.0697,0.0185
-0.0697,0.0185
-0.0696,0.0185
-0.0696,0.0185
-0.0696,0.0185
-0.0695,0.0185
-0.0695,0.0185
-0.0695,0.0185
-0.0581
0.1116
0.1132
0.1834
0.2030
0.2098
0.2226
0.2520
0.2845
0.2929
0.3362
0.3881
0.4158
0.4163
0.4248
0.4261
0.4266
0.4303
0.4386
0.4602
0.4747
0.4825
0.4925
0.4940
0.4956
0.5024
0.5151
0.5263
0.5265
0.5272
0.5332
0.5370
0.5496
0.5504
0.5610
0.5728
0.5735
0.5830
0.5833
0.5883
0.5893
0.5914
0.5916
0.5987
0.6059
0.6135
0.6158
0.6170
0.6199
0.6287
0.6292
0.6420
0.6446
0.6474
0.6517
0.6572
0.6573
0.6588
0.6600
0.6632
0.6713
0.6713
0.6770
0.6785
0.6804
0.6873
0.6878
0.6879
0.6882
0.6912
0.6917
0.6943
0.6978
0.7016
0.7099
0.7123
0.7125
0.7130
0.7148
0.7189
0.7227
0.7318
0.7331
0.7337
0.7447
0.7473
0.7478
0.7479
0.7566
0.7601
0.7619
0.7702
0.7709
0.7751
0.7804
0.7827
0.7841
0.7909
0.7911
0.7922
0.7960
0.7991
0.8000
0.8063
0.8075
0.8100
0.8106
0.8156
0.8290
0.8322
0.8344
0.8367
0.8407
0.8411
0.8466
0.8489
0.8502
0.8511
0.8525
0.8527
0.8529
0.8586
0.8590
0.8651
0.8658
0.8669
0.8714
0.8717
0.8727
0.8747
0.8748
0.8753
0.8755
0.8756
0.8763
0.8785
0.8814
0.8826
0.8831
0.8835
0.8878
0.8922
0.8934
0.8958
0.8976
0.8985
0.8995
0.9050
0.9073
0.9125
0.9126
0.9210
0.9218
0.9226
0.9277
0.9292
0.9303
0.9310
0.9323
0.9323
0.9342
0.9409
0.9429
0.9431
0.9442
0.9489
0.9501
0.9523
0.9537
0.9558
0.9574
0.9613
0.9623
0.9676
0.9681
0.9687
0.9697
0.9705
0.9769
0.9791
0.9802
0.9818
0.9819
0.9823
0.9823
0.9833
0.9836
0.9841
0.9876
0.9908
0.9983
1.0009
1.0017
1.0034
1.0034
1.0042
1.0068
1.0105
1.0106
1.0107
1.0119
1.0145
1.0148
1.0167
1.0195
1.0212
1.0218
1.0223
1.0254
1.0276
1.0306
1.0309
1.0344
1.0348
1.0351
1.0380
1.0406
1.0418
1.0498
1.0516
1.0544
1.0590
1.0622
1.0678
1.0715
1.0762
1.0767
1.0788
1.0797
1.0882
1.0914
1.0957
1.0973
1.1004
1.1053
1.1082
1.1087
1.1165
1.1172
1.1172
1.1190
1.1230
1.1255
1.1261
1.1287
1.1288
1.1326
1.1367
1.1369
1.1423
1.1443
1.1446
1.1503
1.1505
1.1533
1.1550
1.1555
1.1560
1.1573
1.1577
1.1579
1.1593
1.1619
1.1624
1.1637
1.1654
1.1669
1.1680
1.1680
1.1693
1.1696
1.1719
1.1747
1.1758
1.1758
1.1802
1.1820
1.1824
1.1844
1.1859
1.1859
1.1874
1.1879
1.1942
1.1974
1.1993
1.1995
1.2018
1.2037
1.2046
1.2056
1.2064
1.2070
1.2076
1.2112
1.2171
1.2172
1.2179
1.2191
1.2202
1.2203
1.2204
1.2205
1.2209
1.2238
1.2251
1.2259
1.2267
1.2270
1.2299
1.2331
1.2337
1.2343
1.2349
1.2417
1.2433
1.2470
1.2516
1.2521
1.2553
1.2560
1.2560
1.2569
1.2582
1.2604
1.2625
1.2635
1.2663
1.2673
1.2685
1.2687
1.2750
1.2781
1.2802
1.2809
1.2831
1.2860
1.2868
1.2883
1.2909
1.2909
1.2945
1.2967
1.2985
1.2999
1.3017
1.3020
1.3028
1.3055
1.3062
1.3069
1.3074
1.3099
1.3101
1.3109
1.3110
1.3113
1.3145
1.3147
1.3170
1.3191
1.3218
1.3235
1.3244
1.3260
1.3267
1.3267
1.3290
1.3300
1.3307
1.3347
1.3347
1.3347
1.3348
1.3372
1.3389
1.3394
1.3427
1.3449
1.3462
1.3462
1.3468
1.3470
1.3499
1.3520
1.3535
1.3549
1.3594
1.3602
1.3637
1.3644
1.3659
1.3689
1.3760
1.3778
1.3787
1.3790
1.3819
1.3827
1.3843
1.3857
1.3867
1.3930
1.3939
1.3950
1.3951
1.3965
1.3981
1.3989
1.3999
1.4031
1.4048
1.4048
1.4053
1.4058
1.4078
1.4081
1.4097
1.4104
1.4113
1.4142
1.4149
1.4158
1.4160
1.4162
1.4185
1.4188
1.4189
1.4202
1.4204
1.4234
1.4239
1.4241
1.4272
1.4276
1.4276
1.4285
1.4293
1.4329
1.4353
1.4391
1.4407
1.4421
1.4435
1.4462
1.4463
1.4470
1.4474
1.4496
1.4496
1.4497
1.4520
1.4560
1.4565
1.4609
1.4613
1.4619
1.4619
1.4655
1.4674
1.4677
1.4683
1.4687
1.4695
1.4701
1.4724
1.4733
1.4734
1.4763
1.4773
1.4775
1.4778
1.4833
1.4836
1.4841
1.4859
1.4899
1.4899
1.4910
1.4919
1.4944
1.4951
1.4974
1.5010
1.5013
1.5036
1.5038
1.5045
1.5081
1.5102
1.5105
1.5108
1.5134
1.5142
1.5164
1.5166
1.5186
1.5192
1.5228
1.5235
1.5250
1.5256
1.5283
1.5284
1.5310
1.5312
1.5317
1.5320
1.5337
1.5370
1.5386
1.5400
1.5418
1.5439
1.5451
1.5489
1.5527
1.5548
1.5583
1.5585
1.5623
1.5639
1.5647
1.5657
1.5703
1.5725
1.5740
1.5750
1.5764
1.5777
1.5787
1.5841
1.5845
1.5846
1.5860
1.5905
1.5911
1.5915
1.5926
1.5971
1.5993
1.6045
1.6103
1.6106
1.6116
1.6117
1.6129
1.6144
1.6150
1.6169
1.6171
1.6184
1.6191
1.6217
1.6240
1.6259
1.6279
1.6285
1.6286
1.6289
1.6292
1.6298
1.6328
1.6333
1.6334
1.6341
1.6344
1.6377
1.6390
1.6391
1.6399
1.6403
1.6422
1.6448
1.6464
1.6476
1.6488
1.6504
1.6520
1.6539
1.6576
1.6580
1.6581
1.6595
1.6597
1.6613
1.6649
1.6655
1.6659
1.6690
1.6699
1.6699
1.6702
1.6703
1.6706
1.6710
1.6713
1.6719
1.6720
1.6771
1.6777
1.6785
1.6795
1.6813
1.6815
1.6816
1.6848
1.6858
1.6863
1.6871
1.6895
1.6925
1.6936
1.6948
1.6956
1.6993
1.6994
1.6996
1.7016
1.7024
1.7032
1.7055
1.7070
1.7098
1.7098
1.7102
1.7126
1.7167
1.7198
1.7223
1.7253
1.7256
1.7276
1.7287
1.7294
1.7302
1.7319
1.7346
1.7353
1.7378
1.7387
1.7420
1.7420
1.7434
1.7455
1.7463
1.7468
1.7494
1.7513
1.7522
1.7542
1.7547
1.7566
1.7576
1.7591
1.7618
1.7626
1.7642
1.7660
1.7664
1.7716
1.7760
1.7770
1.7771
1.7799
1.7800
1.7803
1.7809
1.7817
1.7901
1.7906
1.7927
1.7933
1.7942
1.7965
1.7975
1.7990
1.8006
1.8020
1.8066
1.8111
1.8122
1.8143
1.8163
1.8171
1.8197
1.8226
1.8243
1.8281
1.8283
1.8323
1.8339
1.8358
1.8417
1.8420
1.8449
1.8504
1.8540
1.8548
1.8556
1.8560
1.8613
1.8618
1.8620
1.8621
1.8636
1.8649
1.8656
1.8665
1.8669
1.8686
1.8687
1.8707
1.8735
1.8743
1.8756
1.8774
1.8775
1.8804
1.8825
1.8896
1.8915
1.8926
1.8927
1.8929
1.8937
1.8950
1.9040
1.9062
1.9094
1.9160
1.9162
1.9171
1.9201
1.9222
1.9233
1.9233
1.9236
1.9266
1.9269
1.9269
1.9278
1.9297
1.9328
1.9334
1.9420
1.9463
1.9499
1.9540
1.9555
1.9562
1.9644
1.9698
1.9719
1.9721
1.9749
1.9781
1.9790
1.9823
1.9901
1.9955
1.9957
2.0013
2.0032
2.0055
2.0070
2.0128
2.0143
2.0191
2.0201
2.0234
2.0237
2.0242
2.0247
2.0250
2.0296
2.0323
2.0331
2.0381
2.0396
2.0398
2.0413
2.0417
2.0421
2.0457
2.0497
2.0527
2.0598
2.0603
2.0636
2.0643
2.0701
2.0705
2.0739
2.0784
2.0795
2.0854
2.0914
2.0916
2.0979
2.0988
2.1021
2.1049
2.1235
2.1288
2.1299
2.1301
2.1305
2.1318
2.1354
2.1380
2.1387
2.1389
2.1391
2.1413
2.1430
2.1472
2.1485
2.1486
2.1499
2.1511
2.1569
2.1612
2.1749
2.1749
2.1803
2.1828
2.1840
2.1849
2.1865
2.1913
2.1943
2.1959
2.1968
2.1970
2.1977
2.2007
2.2036
2.2042
2.2068
2.2117
2.2133
2.2151
2.2162
2.2190
2.2238
2.2261
2.2267
2.2295
2.2442
2.2449
2.2498
2.2534
2.2567
2.2584
2.2586
2.2590
2.2626
2.2661
2.2680
2.2799
2.2834
2.2843
2.2957
2.2989
2.3009
2.3012
2.3047
2.3076
2.3105
2.3108
2.3129
2.3155
2.3201
2.3203
2.3246
2.3255
2.3268
2.3269
2.3269
2.3272
2.3276
2.3276
2.3286
2.3388
2.3425
2.3483
2.3486
2.3493
2.3535
2.3571
2.3614
2.3635
2.3656
2.3661
2.3745
2.3784
2.3799
2.3883
2.3952
2.4027
2.4168
2.4244
2.4260
2.4293
2.4300
2.4307
2.4358
2.4384
2.4424
2.4439
2.4441
2.4476
2.4478
2.4539
2.4641
2.4660
2.4672
2.4694
2.4714
2.4726
2.4736
2.4838
2.4867
2.5028
2.5064
2.5130
2.5223
2.5252
2.5270
2.5342
2.5393
2.5405
2.5436
2.5560
2.5566
2.5585
2.5636
2.5648
2.5671
2.5824
2.5919
2.5981
2.5993
2.6005
2.6067
2.6100
2.6203
2.6378
2.6746
2.6936
2.6942
2.7168
2.7205
2.7274
2.7280
2.7471
2.7549
2.7614
2.7775
2.7885
2.7946
2.8016
2.8177
2.8235
2.8239
2.8284
2.8386
2.8419
2.8857
2.9163
2.9271
2.9392
2.9398
2.9488
2.9997
3.0117
3.0124
3.0170
3.0207
3.0218
3.0289
3.0880
3.1179
3.1298
3.1339
3.1403
3.2154
3.2333
3.2420
3.2619
3.3152
3.3300
3.3784
3.5210
3.6338
3.6620
3.7103
3.7776
4.2182
