1000
1000
-1.5263,0.1946
-1.4379,0.1896
-1.2186,0.1446
-1.0686,0.1351
-0.9603,0.1326
-0.8770,0.1303
-0.8116,0.1287
-0.7580,0.1262
-0.7128,0.1226
-0.6745,0.1195
-0.6417,0.1164
-0.6131,0.1139
-0.5877,0.1114
-0.5649,0.1089
-0.5445,0.1066
-0.5260,0.1045
-0.5092,0.1026
-0.4938,0.1007
-0.4796,0.0989
-0.4665,0.0972
-0.4545,0.0957
-0.4432,0.0942
-0.4326,0.0928
-0.4227,0.0913
-0.4134,0.0900
-0.4047,0.0888
-0.3964,0.0874
-0.3886,0.0861
-0.3812,0.0848
-0.3742,0.0836
-0.3674,0.0824
-0.3611,0.0813
-0.3550,0.0802
-0.3492,0.0791
-0.3437,0.0781
-0.3384,0.0772
-0.3334,0.0762
-0.3285,0.0753
-0.3239,0.0745
-0.3194,0.0737
-0.3152,0.0729
-0.3111,0.0721
-0.3071,0.0714
-0.3033,0.0707
-0.2996,0.0700
-0.2960,0.0693
-0.2926,0.0686
-0.2893,0.0679
-0.2861,0.0673
-0.2830,0.0667
-0.2800,0.0662
-0.2770,0.0656
-0.2742,0.0651
-0.2714,0.0646
-0.2688,0.0641
-0.2662,0.0636
-0.2636,0.0631
-0.2612,0.0626
-0.2588,0.0622
-0.2565,0.0617
-0.2542,0.0613
-0.2520,0.0609
-0.2498,0.0604
-0.2477,0.0600
-0.2456,0.0596
-0.2436,0.0591
-0.2416,0.0587
-0.2397,0.0583
-0.2378,0.0579
-0.2359,0.0575
-0.2341,0.0572
-0.2324,0.0568
-0.2306,0.0565
-0.2289,0.0561
-0.2273,0.0558
-0.2256,0.0554
-0.2240,0.0551
-0.2225,0.0548
-0.2210,0.0545
-0.2195,0.0542
-0.2180,0.0538
-0.2165,0.0535
-0.2151,0.0532
-0.2137,0.0529
-0.2123,0.0526
-0.2110,0.0523
-0.2097,0.0521
-0.2084,0.0518
-0.2071,0.0515
-0.2058,0.0512
-0.2046,0.0510
-0.2033,0.0507
-0.2021,0.0504
-0.2010,0.0502
-0.1998,0.0499
-0.1986,0.0497
-0.1975,0.0494
-0.1964,0.0492
-0.1953,0.0489
-0.1943,0.0487
-0.1932,0.0485
-0.1922,0.0482
-0.1911,0.0480
-0.1901,0.0478
-0.1892,0.0476
-0.1882,0.0474
-0.1872,0.0472
-0.1863,0.0470
-0.1853,0.0468
-0.1844,0.0466
-0.1835,0.0464
-0.1826,0.0463
-0.1818,0.0461
-0.1809,0.0459
-0.1800,0.0457
-0.1792,0.0456
-0.1784,0.0454
-0.1776,0.0452
-0.1767,0.0451
-0.1760,0.0449
-0.1752,0.0447
-0.1744,0.0446
-0.1736,0.0444
-0.1729,0.0443
-0.1721,0.0441
-0.1714,0.0439
-0.1706,0.0438
-0.1699,0.0436
-0.1692,0.0435
-0.1685,0.0433
-0.1678,0.0432
-0.1671,0.0431
-0.1664,0.0429
-0.1657,0.0428
-0.1651,0.0426
-0.1644,0.0425
-0.1637,0.0423
-0.1631,0.0422
-0.1625,0.0421
-0.1618,0.0419
-0.1612,0.0418
-0.1606,0.0417
-0.1600,0.0416
-0.1594,0.0414
-0.1588,0.0413
-0.1582,0.0412
-0.1576,0.0411
-0.1570,0.0409
-0.1565,0.0408
-0.1559,0.0407
-0.1553,0.0406
-0.1548,0.0405
-0.1542,0.0403
-0.1537,0.0402
-0.1532,0.0401
-0.1526,0.0400
-0.1521,0.0399
-0.1516,0.0398
-0.1511,0.0397
-0.1506,0.0396
-0.1501,0.0395
-0.1496,0.0394
-0.1491,0.0393
-0.1486,0.0391
-0.1481,0.0390
-0.1476,0.0389
-0.1471,0.0388
-0.1467,0.0387
-0.1462,0.0386
-0.1457,0.0385
-0.1453,0.0384
-0.1448,0.0383
-0.1444,0.0382
-0.1439,0.0381
-0.1435,0.0380
-0.1430,0.0379
-0.1426,0.0378
-0.1422,0.0377
-0.1417,0.0376
-0.1413,0.0375
-0.1409,0.0374
-0.1405,0.0373
-0.1400,0.0372
-0.1396,0.0371
-0.1392,0.0370
-0.1388,0.0369
-0.1384,0.0368
-0.1380,0.0367
-0.1376,0.0366
-0.1372,0.0365
-0.1368,0.0364
-0.1364,0.0363
-0.1360,0.0362
-0.1356,0.0362
-0.1353,0.0361
-0.1349,0.0360
-0.1345,0.0359
-0.1341,0.0358
-0.1338,0.0357
-0.1334,0.0356
-0.1330,0.0355
-0.1327,0.0354
-0.1323,0.0353
-0.1319,0.0352
-0.1316,0.0352
-0.1312,0.0351
-0.1309,0.0350
-0.1305,0.0349
-0.1302,0.0348
-0.1299,0.0347
-0.1295,0.0346
-0.1292,0.0346
-0.1289,0.0345
-0.1285,0.0344
-0.1282,0.0343
-0.1279,0.0342
-0.1275,0.0342
-0.1272,0.0341
-0.1269,0.0340
-0.1266,0.0339
-0.1263,0.0338
-0.1259,0.0337
-0.1256,0.0337
-0.1253,0.0336
-0.1250,0.0335
-0.1247,0.0334
-0.1244,0.0333
-0.1241,0.0333
-0.1238,0.0332
-0.1235,0.0331
-0.1232,0.0330
-0.1229,0.0329
-0.1226,0.0329
-0.1223,0.0328
-0.1220,0.0327
-0.1217,0.0326
-0.1214,0.0325
-0.1211,0.0325
-0.1208,0.0324
-0.1205,0.0323
-0.1203,0.0322
-0.1200,0.0321
-0.1197,0.0321
-0.1194,0.0320
-0.1191,0.0319
-0.1189,0.0318
-0.1186,0.0317
-0.1183,0.0317
-0.1181,0.0316
-0.1178,0.0315
-0.1175,0.0314
-0.1173,0.0313
-0.1170,0.0313
-0.1167,0.0312
-0.1165,0.0311
-0.1162,0.0310
-0.1159,0.0310
-0.1157,0.0309
-0.1154,0.0308
-0.1152,0.0307
-0.1149,0.0307
-0.1147,0.0306
-0.1144,0.0305
-0.1142,0.0305
-0.1139,0.0304
-0.1137,0.0303
-0.1134,0.0302
-0.1132,0.0302
-0.1130,0.0301
-0.1127,0.0300
-0.1125,0.0300
-0.1122,0.0299
-0.1120,0.0298
-0.1118,0.0298
-0.1115,0.0297
-0.1113,0.0296
-0.1111,0.0295
-0.1108,0.0295
-0.1106,0.0294
-0.1104,0.0293
-0.1101,0.0293
-0.1099,0.0292
-0.1097,0.0291
-0.1095,0.0291
-0.1092,0.0290
-0.1090,0.0290
-0.1088,0.0289
-0.1086,0.0288
-0.1084,0.0288
-0.1082,0.0287
-0.1079,0.0286
-0.1077,0.0286
-0.1075,0.0285
-0.1073,0.0285
-0.1071,0.0284
-0.1069,0.0283
-0.1067,0.0283
-0.1064,0.0282
-0.1062,0.0281
-0.1060,0.0281
-0.1058,0.0280
-0.1056,0.0280
-0.1054,0.0279
-0.1052,0.0278
-0.1050,0.0278
-0.1048,0.0277
-0.1046,0.0277
-0.1044,0.0276
-0.1042,0.0276
-0.1040,0.0275
-0.1038,0.0274
-0.1036,0.0274
-0.1034,0.0273
-0.1032,0.0273
-0.1030,0.0272
-0.1029,0.0272
-0.1027,0.0271
-0.1025,0.0270
-0.1023,0.0270
-0.1021,0.0269
-0.1019,0.0269
-0.1017,0.0268
-0.1015,0.0268
-0.1013,0.0267
-0.1012,0.0267
-0.1010,0.0266
-0.1008,0.0266
-0.1006,0.0265
-0.1004,0.0264
-0.1002,0.0264
-0.1001,0.0263
-0.0999,0.0263
-0.0997,0.0262
-0.0995,0.0262
-0.0993,0.0261
-0.0992,0.0261
-0.0990,0.0260
-0.0988,0.0260
-0.0986,0.0259
-0.0985,0.0259
-0.0983,0.0258
-0.0981,0.0258
-0.0979,0.0257
-0.0978,0.0257
-0.0976,0.0256
-0.0974,0.0255
-0.0973,0.0255
-0.0971,0.0254
-0.0969,0.0254
-0.0968,0.0253
-0.0966,0.0253
-0.0964,0.0252
-0.0963,0.0252
-0.0961,0.0251
-0.0959,0.0251
-0.0958,0.0250
-0.0956,0.0250
-0.0954,0.0249
-0.0953,0.0249
-0.0951,0.0248
-0.0950,0.0248
-0.0948,0.0247
-0.0946,0.0247
-0.0945,0.0247
-0.0943,0.0246
-0.0942,0.0246
-0.0940,0.0245
-0.0939,0.0245
-0.0937,0.0244
-0.0936,0.0244
-0.0934,0.0243
-0.0932,0.0243
-0.0931,0.0242
-0.0929,0.0242
-0.0928,0.0241
-0.0926,0.0241
-0.0925,0.0240
-0.0923,0.0240
-0.0922,0.0240
-0.0920,0.0239
-0.0919,0.0239
-0.0917,0.0238
-0.0916,0.0238
-0.0914,0.0237
-0.0913,0.0237
-0.0912,0.0236
-0.0910,0.0236
-0.0909,0.0236
-0.0907,0.0235
-0.0906,0.0235
-0.0904,0.0234
-0.0903,0.0234
-0.0901,0.0233
-0.0900,0.0233
-0.0899,0.0233
-0.0897,0.0232
-0.0896,0.0232
-0.0894,0.0231
-0.0893,0.0231
-0.0892,0.0230
-0.0890,0.0230
-0.0889,0.0230
-0.0887,0.0229
-0.0886,0.0229
-0.0885,0.0228
-0.0883,0.0228
-0.0882,0.0228
-0.0881,0.0227
-0.0879,0.0227
-0.0878,0.0226
-0.0877,0.0226
-0.0875,0.0226
-0.0874,0.0225
-0.0873,0.0225
-0.0871,0.0224
-0.0870,0.0224
-0.0869,0.0224
-0.0867,0.0223
-0.0866,0.0223
-0.0865,0.0222
-0.0863,0.0222
-0.0862,0.0222
-0.0861,0.0221
-0.0860,0.0221
-0.0858,0.0220
-0.0857,0.0220
-0.0856,0.0220
-0.0854,0.0219
-0.0853,0.0219
-0.0852,0.0219
-0.0851,0.0218
-0.0849,0.0218
-0.0848,0.0217
-0.0847,0.0217
-0.0846,0.0217
-0.0844,0.0216
-0.0843,0.0216
-0.0842,0.0215
-0.0841,0.0215
-0.0839,0.0215
-0.0838,0.0214
-0.0837,0.0214
-0.0836,0.0214
-0.0834,0.0213
-0.0833,0.0213
-0.0832,0.0213
-0.0831,0.0212
-0.0830,0.0212
-0.0828,0.0211
-0.0827,0.0211
-0.0826,0.0211
-0.0825,0.0210
-0.0824,0.0210
-0.0823,0.0210
-0.0821,0.0209
-0.0820,0.0209
-0.0819,0.0209
-0.0818,0.0208
-0.0817,0.0208
-0.0815,0.0207
-0.0814,0.0207
-0.0813,0.0207
-0.0812,0.0206
-0.0811,0.0206
-0.0810,0.0206
-0.0809,0.0205
-0.0807,0.0205
-0.0806,0.0205
-0.0805,0.0204
-0.0804,0.0204
-0.0803,0.0203
-0.0802,0.0203
-0.0801,0.0203
-0.0799,0.0202
-0.0798,0.0202
-0.0797,0.0202
-0.0796,0.0201
-0.0795,0.0201
-0.0794,0.0201
-0.0793,0.0200
-0.0792,0.0200
-0.0791,0.0200
-0.0789,0.0199
-0.0788,0.0199
-0.0787,0.0199
-0.0786,0.0198
-0.0785,0.0198
-0.0784,0.0197
-0.0783,0.0197
-0.0782,0.0197
-0.0781,0.0196
-0.0780,0.0196
-0.0778,0.0196
-0.0777,0.0195
-0.0776,0.0195
-0.0775,0.0195
-0.0774,0.0194
-0.0773,0.0194
-0.0772,0.0194
-0.0771,0.0193
-0.0770,0.0193
-0.0769,0.0193
-0.0768,0.0192
-0.0767,0.0192
-0.0766,0.0192
-0.0765,0.0191
-0.0764,0.0191
-0.0763,0.0191
-0.0762,0.0190
-0.0761,0.0190
-0.0760,0.0190
-0.0759,0.0189
-0.0758,0.0189
-0.0756,0.0189
-0.0755,0.0189
-0.0754,0.0188
-0.0753,0.0188
-0.0752,0.0188
-0.0751,0.0187
-0.0750,0.0187
-0.0749,0.0187
-0.0748,0.0186
-0.0747,0.0186
-0.0746,0.0186
-0.0745,0.0185
-0.0744,0.0185
-0.0743,0.0185
-0.0742,0.0184
-0.0741,0.0184
-0.0740,0.0184
-0.0739,0.0183
-0.0738,0.0183
-0.0737,0.0183
-0.0736,0.0183
-0.0735,0.0182
-0.0735,0.0182
-0.0734,0.0182
-0.0733,0.0181
-0.0732,0.0181
-0.0731,0.0181
-0.0730,0.0180
-0.0729,0.0180
-0.0728,0.0180
-0.0727,0.0179
-0.0726,0.0179
-0.0725,0.0179
-0.0724,0.0179
-0.0723,0.0178
-0.0722,0.0178
-0.0721,0.0178
-0.0720,0.0177
-0.0719,0.0177
-0.0718,0.0177
-0.0717,0.0176
-0.0716,0.0176
-0.0715,0.0176
-0.0714,0.0175
-0.0713,0.0175
-0.0712,0.0175
-0.0712,0.0175
-0.0711,0.0174
-0.0710,0.0174
-0.0709,0.0174
-0.0708,0.0173
-0.0707,0.0173
-0.0706,0.0173
-0.0705,0.0172
-0.0704,0.0172
-0.0703,0.0172
-0.0702,0.0172
-0.0701,0.0171
-0.0700,0.0171
-0.0699,0.0171
-0.0699,0.0170
-0.0698,0.0170
-0.0697,0.0170
-0.0696,0.0170
-0.0695,0.0169
-0.0694,0.0169
-0.0693,0.0169
-0.0692,0.0168
-0.0691,0.0168
-0.0690,0.0168
-0.0689,0.0167
-0.0689,0.0167
-0.0688,0.0167
-0.0687,0.0167
-0.0686,0.0166
-0.0685,0.0166
-0.0684,0.0166
-0.0683,0.0166
-0.0682,0.0165
-0.0681,0.0165
-0.0681,0.0165
-0.0680,0.0164
-0.0679,0.0164
-0.0678,0.0164
-0.0677,0.0164
-0.0676,0.0163
-0.0675,0.0163
-0.0674,0.0163
-0.0673,0.0163
-0.0673,0.0162
-0.0672,0.0162
-0.0671,0.0162
-0.0670,0.0162
-0.0669,0.0161
-0.0668,0.0161
-0.0667,0.0161
-0.0666,0.0160
-0.0666,0.0160
-0.0665,0.0160
-0.0664,0.0160
-0.0663,0.0159
-0.0662,0.0159
-0.0661,0.0159
-0.0660,0.0159
-0.0660,0.0158
-0.0659,0.0158
-0.0658,0.0158
-0.0657,0.0158
-0.0656,0.0157
-0.0655,0.0157
-0.0654,0.0157
-0.0654,0.0157
-0.0653,0.0156
-0.0652,0.0156
-0.0651,0.0156
-0.0650,0.0156
-0.0649,0.0155
-0.0649,0.0155
-0.0648,0.0155
-0.0647,0.0154
-0.0646,0.0154
-0.0645,0.0154
-0.0644,0.0154
-0.0644,0.0154
-0.0643,0.0153
-0.0642,0.0153
-0.0641,0.0153
-0.0640,0.0153
-0.0639,0.0152
-0.0639,0.0152
-0.0638,0.0152
-0.0637,0.0152
-0.0636,0.0151
-0.0635,0.0151
-0.0635,0.0151
-0.0634,0.0151
-0.0633,0.0150
-0.0632,0.0150
-0.0631,0.0150
-0.0630,0.0150
-0.0630,0.0149
-0.0629,0.0149
-0.0628,0.0149
-0.0627,0.0149
-0.0626,0.0148
-0.0626,0.0148
-0.0625,0.0148
-0.0624,0.0148
-0.0623,0.0147
-0.0622,0.0147
-0.0622,0.0147
-0.0621,0.0147
-0.0620,0.0146
-0.0619,0.0146
-0.0618,0.0146
-0.0618,0.0146
-0.0617,0.0145
-0.0616,0.0145
-0.0615,0.0145
-0.0614,0.0145
-0.0614,0.0145
-0.0613,0.0144
-0.0612,0.0144
-0.0611,0.0144
-0.0610,0.0144
-0.0610,0.0143
-0.0609,0.0143
-0.0608,0.0143
-0.0607,0.0143
-0.0606,0.0142
-0.0606,0.0142
-0.0605,0.0142
-0.0604,0.0142
-0.0603,0.0141
-0.0603,0.0141
-0.0602,0.0141
-0.0601,0.0141
-0.0600,0.0140
-0.0599,0.0140
-0.0599,0.0140
-0.0598,0.0140
-0.0597,0.0140
-0.0596,0.0139
-0.0596,0.0139
-0.0595,0.0139
-0.0594,0.0139
-0.0593,0.0138
-0.0592,0.0138
-0.0592,0.0138
-0.0591,0.0138
-0.0590,0.0137
-0.0589,0.0137
-0.0589,0.0137
-0.0588,0.0137
-0.0587,0.0136
-0.0586,0.0136
-0.0586,0.0136
-0.0585,0.0136
-0.0584,0.0135
-0.0583,0.0135
-0.0582,0.0135
-0.0582,0.0135
-0.0581,0.0134
-0.0580,0.0134
-0.0579,0.0134
-0.0579,0.0134
-0.0578,0.0134
-0.0577,0.0133
-0.0576,0.0133
-0.0576,0.0133
-0.0575,0.0133
-0.0574,0.0132
-0.0573,0.0132
-0.0573,0.0132
-0.0572,0.0132
-0.0571,0.0131
-0.0570,0.0131
-0.0570,0.0131
-0.0569,0.0131
-0.0568,0.0130
-0.0567,0.0130
-0.0567,0.0130
-0.0566,0.0130
-0.0565,0.0130
-0.0564,0.0129
-0.0564,0.0129
-0.0563,0.0129
-0.0562,0.0129
-0.0561,0.0128
-0.0561,0.0128
-0.0560,0.0128
-0.0559,0.0128
-0.0558,0.0127
-0.0558,0.0127
-0.0557,0.0127
-0.0556,0.0127
-0.0555,0.0127
-0.0555,0.0126
-0.0554,0.0126
-0.0553,0.0126
-0.0552,0.0126
-0.0552,0.0125
-0.0551,0.0125
-0.0550,0.0125
-0.0550,0.0125
-0.0549,0.0125
-0.0548,0.0124
-0.0547,0.0124
-0.0547,0.0124
-0.0546,0.0124
-0.0545,0.0123
-0.0544,0.0123
-0.0544,0.0123
-0.0543,0.0123
-0.0542,0.0123
-0.0542,0.0122
-0.0541,0.0122
-0.0540,0.0122
-0.0539,0.0122
-0.0539,0.0121
-0.0538,0.0121
-0.0537,0.0121
-0.0536,0.0121
-0.0536,0.0121
-0.0535,0.0120
-0.0534,0.0120
-0.0534,0.0120
-0.0533,0.0120
-0.0532,0.0119
-0.0531,0.0119
-0.0531,0.0119
-0.0530,0.0119
-0.0529,0.0119
-0.0529,0.0118
-0.0528,0.0118
-0.0527,0.0118
-0.0526,0.0118
-0.0526,0.0118
-0.0525,0.0117
-0.0524,0.0117
-0.0523,0.0117
-0.0523,0.0117
-0.0522,0.0116
-0.0521,0.0116
-0.0521,0.0116
-0.0520,0.0116
-0.0519,0.0116
-0.0519,0.0115
-0.0518,0.0115
-0.0517,0.0115
-0.0516,0.0115
-0.0516,0.0115
-0.0515,0.0114
-0.0514,0.0114
-0.0514,0.0114
-0.0513,0.0114
-0.0512,0.0114
-0.0511,0.0113
-0.0511,0.0113
-0.0510,0.0113
-0.0509,0.0113
-0.0509,0.0113
-0.0508,0.0112
-0.0507,0.0112
-0.0506,0.0112
-0.0506,0.0112
-0.0505,0.0111
-0.0504,0.0111
-0.0504,0.0111
-0.0503,0.0111
-0.0502,0.0111
-0.0502,0.0110
-0.0501,0.0110
-0.0500,0.0110
-0.0499,0.0110
-0.0499,0.0110
-0.0498,0.0109
-0.0497,0.0109
-0.0497,0.0109
-0.0496,0.0109
-0.0495,0.0109
-0.0495,0.0108
-0.0494,0.0108
-0.0493,0.0108
-0.0493,0.0108
-0.0492,0.0108
-0.0491,0.0107
-0.0490,0.0107
-0.0490,0.0107
-0.0489,0.0107
-0.0488,0.0107
-0.0488,0.0106
-0.0487,0.0106
-0.0486,0.0106
-0.0486,0.0106
-0.0485,0.0106
-0.0484,0.0106
-0.0483,0.0105
-0.0483,0.0105
-0.0482,0.0105
-0.0481,0.0105
-0.0481,0.0105
-0.0480,0.0104
-0.0479,0.0104
-0.0479,0.0104
-0.0478,0.0104
-0.0477,0.0104
-0.0477,0.0103
-0.0476,0.0103
-0.0475,0.0103
-0.0474,0.0103
-0.0474,0.0103
-0.0473,0.0102
-0.0472,0.0102
-0.0472,0.0102
-0.0471,0.0102
-0.0470,0.0102
-0.0470,0.0101
-0.0469,0.0101
-0.0468,0.0101
-0.0468,0.0101
-0.0467,0.0101
-0.0466,0.0101
-0.0466,0.0100
-0.0465,0.0100
-0.0464,0.0100
-0.0463,0.0100
-0.0463,0.0100
-0.0462,0.0099
-0.0461,0.0099
-0.0461,0.0099
-0.0460,0.0099
-0.0459,0.0099
-0.0459,0.0098
-0.0458,0.0098
-0.0457,0.0098
-0.0457,0.0098
-0.0456,0.0098
-0.0455,0.0097
-0.0454,0.0097
-0.0454,0.0097
-0.0453,0.0097
-0.0452,0.0097
-0.0452,0.0096
-0.0451,0.0096
-0.0450,0.0096
-0.0450,0.0096
-0.0449,0.0096
-0.0448,0.0096
-0.0448,0.0095
-0.0447,0.0095
-0.0446,0.0095
-0.0446,0.0095
-0.0445,0.0095
-0.0444,0.0094
-0.0443,0.0094
-0.0443,0.0094
-0.0442,0.0094
-0.0441,0.0094
-0.0441,0.0093
-0.0440,0.0093
-0.0439,0.0093
-0.0439,0.0093
-0.0438,0.0093
-0.0437,0.0093
-0.0436,0.0092
-0.0436,0.0092
-0.0435,0.0092
-0.0434,0.0092
-0.0434,0.0092
-0.0433,0.0091
-0.0432,0.0091
-0.0432,0.0091
-0.0431,0.0091
-0.0430,0.0091
-0.0430,0.0090
-0.0429,0.0090
-0.0428,0.0090
-0.0427,0.0090
-0.0427,0.0090
-0.0426,0.0089
-0.0425,0.0089
-0.0425,0.0089
-0.0424,0.0089
-0.0423,0.0089
-0.0422,0.0088
-0.0422,0.0088
-0.0421,0.0088
-0.0420,0.0088
-0.0420,0.0088
-0.0419,0.0088
-0.0418,0.0087
-0.0418,0.0087
-0.0417,0.0087
-0.0416,0.0087
-0.0415,0.0087
-0.0415,0.0086
-0.0414,0.0086
-0.0413,0.0086
-0.0413,0.0086
-0.0412,0.0086
-0.0411,0.0086
-0.0411,0.0085
-0.0410,0.0085
-0.0409,0.0085
-0.0408,0.0085
-0.0408,0.0085
-0.0407,0.0084
-0.0406,0.0084
-0.0406,0.0084
-0.0405,0.0084
-0.0404,0.0084
-0.0403,0.0083
-0.0403,0.0083
-0.0402,0.0083
-0.0401,0.0083
-0.0401,0.0083
-0.0400,0.0083
-0.0399,0.0082
-0.0398,0.0082
-0.0398,0.0082
-0.0397,0.0082
-0.0396,0.0082
-0.0396,0.0081
-0.0395,0.0081
-0.0394,0.0081
-0.0393,0.0081
-0.0393,0.0081
-0.0392,0.0081
-0.0391,0.0080
-0.0391,0.0080
-0.0390,0.0080
-0.0389,0.0080
-0.0388,0.0080
-0.0388,0.0079
-0.0387,0.0079
-0.0386,0.0079
-0.0386,0.0079
-0.0385,0.0079
-0.0384,0.0079
-0.0383,0.0078
-0.0383,0.0078
-0.0382,0.0078
-0.0381,0.0078
-0.0381,0.0078
-0.0380,0.0078
-0.0379,0.0077
-0.4932
-0.4918
-0.3012
-0.2778
-0.2294
-0.1349
-0.1328
-0.0706
-0.0601
0.0047
0.0325
0.0411
0.0567
0.0577
0.0593
0.0817
0.0920
0.0921
0.1038
0.1041
0.1048
0.1177
0.1191
0.1267
0.1320
0.1370
0.1398
0.1456
0.1553
0.1732
0.1748
0.1830
0.1948
0.1967
0.1983
0.1993
0.2063
0.2196
0.2199
0.2204
0.2271
0.2296
0.2374
0.2429
0.2468
0.2502
0.2512
0.2538
0.2540
0.2571
0.2608
0.2773
0.2811
0.2902
0.2956
0.2992
0.3033
0.3043
0.3070
0.3115
0.3121
0.3127
0.3248
0.3271
0.3302
0.3501
0.3502
0.3575
0.3598
0.3629
0.3683
0.3735
0.3743
0.3756
0.3763
0.3764
0.3838
0.3881
0.3885
0.3887
0.3997
0.4018
0.4050
0.4062
0.4139
0.4147
0.4190
0.4208
0.4351
0.4399
0.4438
0.4489
0.4507
0.4551
0.4570
0.4623
0.4679
0.4704
0.4712
0.4764
0.4772
0.4787
0.4830
0.4832
0.4908
0.4927
0.4929
0.4950
0.5118
0.5122
0.5130
0.5144
0.5146
0.5166
0.5188
0.5216
0.5223
0.5246
0.5285
0.5344
0.5373
0.5378
0.5379
0.5487
0.5493
0.5598
0.5625
0.5696
0.5699
0.5707
0.5729
0.5764
0.5781
0.5800
0.5802
0.5819
0.5838
0.5870
0.5873
0.5905
0.5925
0.5941
0.5951
0.5985
0.5995
0.6000
0.6018
0.6123
0.6141
0.6167
0.6175
0.6217
0.6251
0.6293
0.6309
0.6336
0.6368
0.6401
0.6461
0.6482
0.6497
0.6557
0.6557
0.6634
0.6636
0.6642
0.6642
0.6741
0.6772
0.6784
0.6866
0.6872
0.6874
0.6875
0.6901
0.6906
0.6924
0.6946
0.6958
0.7040
0.7048
0.7054
0.7056
0.7061
0.7067
0.7103
0.7116
0.7148
0.7219
0.7230
0.7318
0.7333
0.7424
0.7434
0.7453
0.7462
0.7473
0.7520
0.7558
0.7590
0.7594
0.7745
0.7790
0.7794
0.7801
0.7856
0.7875
0.7891
0.7893
0.7897
0.7919
0.7958
0.7975
0.7994
0.8013
0.8016
0.8049
0.8054
0.8070
0.8096
0.8148
0.8241
0.8245
0.8256
0.8285
0.8309
0.8327
0.8387
0.8401
0.8402
0.8410
0.8413
0.8472
0.8480
0.8491
0.8497
0.8568
0.8579
0.8637
0.8646
0.8668
0.8681
0.8681
0.8685
0.8741
0.8751
0.8776
0.8796
0.8803
0.8808
0.8815
0.8869
0.8889
0.8896
0.8898
0.8898
0.8914
0.8956
0.8983
0.8986
0.8998
0.9016
0.9037
0.9041
0.9046
0.9052
0.9166
0.9253
0.9254
0.9288
0.9299
0.9303
0.9312
0.9314
0.9318
0.9328
0.9373
0.9391
0.9407
0.9450
0.9470
0.9560
0.9629
0.9649
0.9655
0.9686
0.9709
0.9731
0.9779
0.9867
0.9875
0.9916
0.9943
0.9996
1.0030
1.0033
1.0088
1.0097
1.0099
1.0150
1.0160
1.0180
1.0192
1.0220
1.0237
1.0257
1.0264
1.0367
1.0397
1.0400
1.0401
1.0403
1.0431
1.0441
1.0464
1.0468
1.0470
1.0475
1.0518
1.0523
1.0525
1.0541
1.0553
1.0565
1.0577
1.0609
1.0612
1.0613
1.0616
1.0623
1.0624
1.0649
1.0654
1.0669
1.0675
1.0776
1.0794
1.0816
1.0841
1.0842
1.0842
1.0875
1.0876
1.0883
1.0915
1.0934
1.0937
1.0954
1.0978
1.0985
1.1009
1.1024
1.1027
1.1087
1.1088
1.1095
1.1137
1.1145
1.1163
1.1194
1.1208
1.1209
1.1239
1.1243
1.1275
1.1307
1.1381
1.1391
1.1407
1.1425
1.1467
1.1486
1.1501
1.1505
1.1506
1.1524
1.1531
1.1553
1.1556
1.1572
1.1608
1.1612
1.1632
1.1640
1.1673
1.1695
1.1695
1.1718
1.1725
1.1766
1.1791
1.1792
1.1800
1.1806
1.1819
1.1821
1.1842
1.1858
1.1882
1.1897
1.1901
1.1929
1.1940
1.1940
1.1951
1.1998
1.2025
1.2033
1.2064
1.2139
1.2144
1.2184
1.2187
1.2188
1.2252
1.2255
1.2280
1.2332
1.2369
1.2381
1.2385
1.2411
1.2453
1.2457
1.2460
1.2550
1.2596
1.2617
1.2689
1.2728
1.2734
1.2758
1.2769
1.2773
1.2810
1.2825
1.2845
1.2847
1.2854
1.2866
1.2879
1.2886
1.2910
1.2912
1.2947
1.2955
1.2956
1.3021
1.3043
1.3103
1.3104
1.3128
1.3147
1.3166
1.3209
1.3387
1.3419
1.3424
1.3429
1.3439
1.3523
1.3534
1.3548
1.3557
1.3572
1.3579
1.3683
1.3729
1.3754
1.3758
1.3794
1.3799
1.3825
1.3827
1.3859
1.3861
1.3878
1.3915
1.3922
1.3953
1.3958
1.3963
1.3970
1.3991
1.4000
1.4014
1.4017
1.4039
1.4046
1.4079
1.4109
1.4113
1.4129
1.4135
1.4161
1.4199
1.4233
1.4243
1.4248
1.4253
1.4272
1.4278
1.4363
1.4375
1.4383
1.4441
1.4466
1.4492
1.4563
1.4591
1.4670
1.4707
1.4738
1.4745
1.4760
1.4764
1.4789
1.4812
1.4813
1.4818
1.4832
1.4864
1.4871
1.4880
1.4887
1.4898
1.4964
1.4968
1.4972
1.5004
1.5012
1.5022
1.5076
1.5077
1.5088
1.5107
1.5114
1.5143
1.5146
1.5159
1.5175
1.5221
1.5243
1.5283
1.5299
1.5372
1.5435
1.5436
1.5441
1.5452
1.5479
1.5502
1.5511
1.5515
1.5518
1.5562
1.5594
1.5613
1.5631
1.5661
1.5665
1.5671
1.5704
1.5713
1.5736
1.5822
1.5900
1.5940
1.5958
1.5979
1.6055
1.6056
1.6069
1.6096
1.6108
1.6110
1.6112
1.6115
1.6126
1.6163
1.6172
1.6180
1.6195
1.6196
1.6203
1.6215
1.6225
1.6243
1.6263
1.6285
1.6328
1.6335
1.6391
1.6479
1.6522
1.6531
1.6541
1.6558
1.6564
1.6576
1.6579
1.6598
1.6646
1.6646
1.6680
1.6697
1.6705
1.6746
1.6748
1.6754
1.6797
1.6938
1.6966
1.6977
1.6990
1.7025
1.7083
1.7100
1.7102
1.7109
1.7123
1.7136
1.7140
1.7189
1.7201
1.7224
1.7261
1.7310
1.7315
1.7324
1.7337
1.7376
1.7411
1.7475
1.7514
1.7533
1.7559
1.7581
1.7646
1.7655
1.7665
1.7668
1.7676
1.7684
1.7691
1.7706
1.7710
1.7751
1.7868
1.7877
1.7911
1.7923
1.7923
1.7928
1.7931
1.7938
1.7953
1.8012
1.8057
1.8062
1.8087
1.8092
1.8119
1.8139
1.8143
1.8202
1.8217
1.8234
1.8285
1.8355
1.8383
1.8385
1.8394
1.8434
1.8458
1.8469
1.8473
1.8504
1.8542
1.8597
1.8603
1.8611
1.8637
1.8657
1.8694
1.8695
1.8711
1.8745
1.8749
1.8767
1.8769
1.8777
1.8779
1.8784
1.8793
1.8841
1.8906
1.8927
1.8967
1.9040
1.9062
1.9082
1.9084
1.9111
1.9124
1.9147
1.9238
1.9278
1.9358
1.9402
1.9491
1.9495
1.9523
1.9531
1.9587
1.9601
1.9612
1.9647
1.9676
1.9680
1.9690
1.9716
1.9727
1.9739
1.9756
1.9758
1.9764
1.9817
1.9938
1.9949
1.9950
1.9963
1.9964
1.9987
1.9996
1.9998
2.0025
2.0037
2.0076
2.0094
2.0118
2.0188
2.0208
2.0209
2.0211
2.0219
2.0236
2.0272
2.0288
2.0294
2.0295
2.0328
2.0336
2.0339
2.0372
2.0461
2.0463
2.0506
2.0521
2.0540
2.0593
2.0601
2.0628
2.0655
2.0698
2.0835
2.0871
2.0875
2.0887
2.0902
2.0910
2.0934
2.0988
2.0998
2.1025
2.1141
2.1146
2.1202
2.1259
2.1312
2.1317
2.1328
2.1395
2.1460
2.1468
2.1482
2.1491
2.1507
2.1557
2.1564
2.1565
2.1576
2.1635
2.1662
2.1669
2.1683
2.1770
2.1817
2.1836
2.1858
2.1863
2.1865
2.1917
2.1918
2.1922
2.1967
2.1977
2.2020
2.2023
2.2093
2.2123
2.2142
2.2147
2.2193
2.2205
2.2217
2.2222
2.2256
2.2261
2.2273
2.2276
2.2278
2.2285
2.2306
2.2328
2.2347
2.2395
2.2420
2.2421
2.2428
2.2433
2.2502
2.2510
2.2519
2.2528
2.2559
2.2595
2.2654
2.2668
2.2712
2.2717
2.2758
2.2824
2.2834
2.2844
2.2895
2.2963
2.3035
2.3061
2.3076
2.3118
2.3217
2.3254
2.3281
2.3300
2.3388
2.3496
2.3584
2.3640
2.3653
2.3665
2.3677
2.3735
2.3868
2.3945
2.3957
2.4011
2.4013
2.4032
2.4083
2.4135
2.4152
2.4154
2.4172
2.4185
2.4261
2.4317
2.4470
2.4569
2.4600
2.4634
2.4665
2.4694
2.4748
2.4780
2.4840
2.4871
2.4914
2.4936
2.4989
2.5040
2.5052
2.5054
2.5185
2.5187
2.5208
2.5307
2.5408
2.5460
2.5521
2.5533
2.5679
2.5757
2.5788
2.5914
2.5940
2.5941
2.5981
2.6027
2.6084
2.6181
2.6187
2.6188
2.6224
2.6416
2.6445
2.6445
2.6557
2.6578
2.6611
2.6621
2.6671
2.6735
2.6743
2.6806
2.6814
2.6953
2.7024
2.7046
2.7062
2.7070
2.7096
2.7125
2.7224
2.7236
2.7290
2.7302
2.7332
2.7557
2.7568
2.7710
2.7902
2.8140
2.8153
2.8198
2.8343
2.8422
2.8578
2.8600
2.8630
2.8657
2.8688
2.8885
2.9036
2.9115
2.9145
2.9233
2.9419
2.9739
2.9845
2.9852
3.0037
3.0148
3.0190
3.0545
3.0594
3.0621
3.0864
3.1049
3.1074
3.1287
3.1413
3.1648
3.1945
3.2037
3.2059
3.2267
3.2423
3.2431
3.2457
3.2483
3.3054
3.3195
3.3347
3.3452
3.3950
3.4213
3.4388
3.5239
3.5455
3.5867
3.6072
3.6121
3.6725
3.7571
3.8663
3.8959
3.8989
3.9499
4.2163
