1000
1000
-1.2995,0.1955
-1.2082,0.1928
-1.0098,0.1564
-0.8795,0.1514
-0.7841,0.1466
-0.7112,0.1406
-0.6538,0.1342
-0.6074,0.1292
-0.5687,0.1241
-0.5364,0.1199
-0.5087,0.1160
-0.4844,0.1123
-0.4633,0.1092
-0.4446,0.1063
-0.4277,0.1034
-0.4125,0.1008
-0.3987,0.0985
-0.3861,0.0963
-0.3746,0.0942
-0.3640,0.0923
-0.3541,0.0904
-0.3450,0.0888
-0.3365,0.0871
-0.3286,0.0856
-0.3211,0.0840
-0.3141,0.0825
-0.3076,0.0811
-0.3015,0.0798
-0.2956,0.0786
-0.2901,0.0774
-0.2848,0.0762
-0.2798,0.0750
-0.2750,0.0739
-0.2704,0.0729
-0.2660,0.0718
-0.2618,0.0708
-0.2577,0.0698
-0.2538,0.0689
-0.2501,0.0679
-0.2465,0.0670
-0.2430,0.0661
-0.2396,0.0652
-0.2364,0.0643
-0.2333,0.0634
-0.2303,0.0626
-0.2274,0.0618
-0.2245,0.0610
-0.2218,0.0603
-0.2192,0.0596
-0.2166,0.0589
-0.2142,0.0582
-0.2118,0.0575
-0.2094,0.0569
-0.2071,0.0562
-0.2049,0.0556
-0.2027,0.0550
-0.2006,0.0544
-0.1985,0.0538
-0.1964,0.0533
-0.1945,0.0527
-0.1925,0.0521
-0.1906,0.0516
-0.1887,0.0510
-0.1869,0.0505
-0.1850,0.0500
-0.1833,0.0495
-0.1815,0.0490
-0.1798,0.0485
-0.1781,0.0480
-0.1765,0.0475
-0.1748,0.0471
-0.1732,0.0466
-0.1717,0.0461
-0.1701,0.0457
-0.1686,0.0452
-0.1670,0.0447
-0.1656,0.0443
-0.1641,0.0438
-0.1626,0.0434
-0.1612,0.0429
-0.1598,0.0425
-0.1584,0.0421
-0.1570,0.0416
-0.1557,0.0412
-0.1543,0.0408
-0.1530,0.0404
-0.1517,0.0400
-0.1504,0.0396
-0.1491,0.0392
-0.1478,0.0387
-0.1466,0.0383
-0.1453,0.0380
-0.1441,0.0376
-0.1428,0.0372
-0.1416,0.0368
-0.1404,0.0364
-0.1392,0.0361
-0.1380,0.0357
-0.1369,0.0353
-0.1357,0.0350
-0.1346,0.0346
-0.1334,0.0343
-0.1323,0.0340
-0.1312,0.0336
-0.1301,0.0333
-0.1289,0.0330
-0.1278,0.0326
-0.1267,0.0323
-0.1257,0.0320
-0.1246,0.0317
-0.1235,0.0313
-0.1224,0.0310
-0.1213,0.0307
-0.1202,0.0304
-0.1191,0.0300
-0.1181,0.0297
-0.1170,0.0294
-0.1159,0.0291
-0.1149,0.0288
-0.1138,0.0285
-0.1127,0.0282
-0.1117,0.0279
-0.1106,0.0275
-0.1096,0.0272
-0.1085,0.0269
-0.1075,0.0266
-0.1064,0.0263
-0.1054,0.0260
-0.1043,0.0257
-0.1033,0.0254
-0.1022,0.0251
-0.1012,0.0248
-0.1001,0.0245
-0.0991,0.0242
-0.0980,0.0239
-0.0970,0.0236
-0.0959,0.0233
-0.0949,0.0230
-0.0938,0.0228
-0.0927,0.0225
-0.0917,0.0222
-0.0906,0.0219
-0.0895,0.0216
-0.0885,0.0213
-0.0874,0.0211
-0.0863,0.0208
-0.0852,0.0205
-0.0841,0.0202
-0.0830,0.0199
-0.0819,0.0197
-0.0808,0.0194
-0.0797,0.0191
-0.0785,0.0188
-0.0774,0.0185
-0.0762,0.0182
-0.0751,0.0179
-0.0739,0.0176
-0.0727,0.0173
-0.0715,0.0170
-0.0703,0.0168
-0.0691,0.0165
-0.0678,0.0162
-0.0666,0.0159
-0.0653,0.0157
-0.0640,0.0154
-0.0627,0.0152
-0.0614,0.0149
-0.0600,0.0146
-0.0586,0.0144
-0.0571,0.0141
-0.0556,0.0138
-0.0541,0.0136
-0.0526,0.0133
-0.0510,0.0130
-0.0493,0.0128
-0.0476,0.0125
-0.0458,0.0122
-0.0440,0.0119
-0.0421,0.0116
-0.0401,0.0113
-0.0381,0.0111
-0.0359,0.0108
-0.0336,0.0105
-0.0312,0.0102
-0.0285,0.0097
-0.0256,0.0092
0.0000,0.0000
0.0000,0.0000
0.0000,0.0000
0.0000,0.0000
0.0000,0.0000
0.0000,0.0000
0.0000,0.0000
0.0000,0.0000
0.0000,0.0000
0.0000,0.0000
0.0000,0.0000
0.0000,0.0000
0.0000,0.0000
0.0000,0.0000
0.0000,0.0000
0.0000,0.0000
0.0000,0.0000
0.0000,0.0000
0.0000,0.0000
0.0000,0.0000
0.0000,0.0000
0.0000,0.0000
0.0000,0.0000
0.0000,0.0000
0.0000,0.0000
0.0000,0.0000
0.0000,0.0000
0.0000,0.0000
0.0000,0.0000
0.0000,0.0000
0.0000,0.0000
0.0000,0.0000
0.0000,0.0000
0.0000,0.0000
0.0000,0.0000
0.0000,0.0000
0.0000,0.0000
0.0000,0.0000
0.0000,0.0000
0.0000,0.0000
0.0000,0.0000
0.0000,0.0000
0.0000,0.0000
0.0000,0.0000
0.0000,0.0000
0.0000,0.0000
0.0000,0.0000
0.0000,0.0000
0.0000,0.0000
0.0000,0.0000
0.0000,0.0000
0.0000,0.0000
0.0000,0.0000
0.0000,0.0000
0.0000,0.0000
0.0000,0.0000
0.0000,0.0000
0.0000,0.0000
0.0000,0.0000
0.0000,0.0000
0.0000,0.0000
0.0000,0.0000
0.0000,0.0000
0.0000,0.0000
0.0000,0.0000
0.0000,0.0000
0.0000,0.0000
0.0000,0.0000
0.0000,0.0000
0.0000,0.0000
0.0000,0.0000
0.0000,0.0000
0.0000,0.0000
0.0000,0.0000
0.0000,0.0000
0.0000,0.0000
0.0000,0.0000
0.0000,0.0000
0.0000,0.0000
0.0000,0.0000
0.0000,0.0000
0.0000,0.0000
0.0000,0.0000
0.0000,0.0000
0.0000,0.0000
0.0000,0.0000
0.0000,0.0000
0.0000,0.0000
0.0000,0.0000
0.0000,0.0000
0.0000,0.0000
0.0000,0.0000
0.0000,0.0000
0.0000,0.0000
0.0000,0.0000
0.0000,0.0000
0.0000,0.0000
0.0000,0.0000
0.0000,0.0000
0.0000,0.0000
0.0000,0.0000
0.0000,0.0000
0.0000,0.0000
0.0000,0.0000
0.0000,0.0000
0.0000,0.0000
0.0000,0.0000
0.0000,0.0000
0.0000,0.0000
0.0000,0.0000
0.0000,0.0000
0.0000,0.0000
0.0000,0.0000
0.0000,0.0000
0.0000,0.0000
0.0000,0.0000
0.0000,0.0000
0.0000,0.0000
0.0000,0.0000
0.0000,0.0000
0.0000,0.0000
0.0000,0.0000
0.0000,0.0000
0.0000,0.0000
0.0000,0.0000
0.0000,0.0000
0.0000,0.0000
0.0000,0.0000
0.0000,0.0000
0.0000,0.0000
0.0000,0.0000
0.0000,0.0000
0.0000,0.0000
0.0000,0.0000
0.0000,0.0000
0.0000,0.0000
0.0000,0.0000
0.0000,0.0000
0.0000,0.0000
0.0000,0.0000
0.0000,0.0000
0.0000,0.0000
0.0000,0.0000
0.0000,0.0000
0.0000,0.0000
0.0000,0.0000
0.0000,0.0000
0.0000,0.0000
0.0000,0.0000
0.0000,0.0000
0.0000,0.0000
0.0000,0.0000
0.0000,0.0000
0.0000,0.0000
0.0000,0.0000
0.0000,0.0000
0.0000,0.0000
0.0000,0.0000
0.0000,0.0000
0.0000,0.0000
0.0000,0.0000
0.0000,0.0000
0.0000,0.0000
0.0000,0.0000
0.0000,0.0000
0.0000,0.0000
0.0000,0.0000
0.0000,0.0000
0.0000,0.0000
0.0000,0.0000
0.0000,0.0000
0.0000,0.0000
0.0000,0.0000
0.0000,0.0000
0.0000,0.0000
0.0000,0.0000
0.0000,0.0000
0.0000,0.0000
0.0000,0.0000
0.0000,0.0000
0.0000,0.0000
0.0000,0.0000
0.0000,0.0000
0.0000,0.0000
0.0000,0.0000
0.0000,0.0000
0.0000,0.0000
0.0000,0.0000
0.0000,0.0000
0.0000,0.0000
0.0000,0.0000
0.0000,0.0000
0.0000,0.0000
0.0000,0.0000
0.0000,0.0000
0.0000,0.0000
0.0000,0.0000
0.0000,0.0000
0.0000,0.0000
0.0000,0.0000
0.0000,0.0000
0.0000,0.0000
0.0000,0.0000
0.0000,0.0000
0.0000,0.0000
0.0000,0.0000
0.0000,0.0000
0.0000,0.0000
0.0000,0.0000
0.0000,0.0000
0.0000,0.0000
0.0000,0.0000
0.0000,0.0000
0.0000,0.0000
0.0000,0.0000
0.0000,0.0000
0.0000,0.0000
0.0000,0.0000
0.0000,0.0000
0.0000,0.0000
0.0000,0.0000
0.0000,0.0000
0.0000,0.0000
0.0000,0.0000
0.0000,0.0000
0.0000,0.0000
0.0000,0.0000
0.0000,0.0000
0.0000,0.0000
0.0000,0.0000
0.0000,0.0000
0.0000,0.0000
0.0000,0.0000
0.0000,0.0000
0.0000,0.0000
0.0000,0.0000
0.0000,0.0000
0.0000,0.0000
0.0000,0.0000
0.0000,0.0000
0.0000,0.0000
0.0000,0.0000
0.0000,0.0000
0.0000,0.0000
0.0000,0.0000
0.0000,0.0000
0.0000,0.0000
0.0000,0.0000
0.0000,0.0000
0.0000,0.0000
0.0000,0.0000
0.0000,0.0000
0.0000,0.0000
0.0000,0.0000
0.0000,0.0000
0.0000,0.0000
0.0000,0.0000
0.0000,0.0000
0.0000,0.0000
0.0000,0.0000
0.0000,0.0000
0.0000,0.0000
0.0000,0.0000
0.0000,0.0000
0.0000,0.0000
0.0000,0.0000
0.0000,0.0000
0.0000,0.0000
0.0000,0.0000
0.0000,0.0000
0.0000,0.0000
0.0000,0.0000
0.0000,0.0000
0.0000,0.0000
0.0000,0.0000
0.0000,0.0000
0.0000,0.0000
0.0000,0.0000
0.0000,0.0000
0.0000,0.0000
0.0000,0.0000
0.0000,0.0000
0.0000,0.0000
0.0000,0.0000
0.0000,0.0000
0.0000,0.0000
0.0000,0.0000
0.0000,0.0000
0.0000,0.0000
0.0000,0.0000
0.0000,0.0000
0.0000,0.0000
0.0000,0.0000
0.0000,0.0000
0.0000,0.0000
0.0000,0.0000
0.0000,0.0000
0.0000,0.0000
0.0000,0.0000
0.0000,0.0000
0.0000,0.0000
0.0000,0.0000
0.0000,0.0000
0.0000,0.0000
0.0000,0.0000
0.0000,0.0000
0.0000,0.0000
0.0000,0.0000
0.0000,0.0000
0.0000,0.0000
0.0000,0.0000
0.0000,0.0000
0.0000,0.0000
0.0000,0.0000
0.0000,0.0000
0.0000,0.0000
0.0000,0.0000
0.0000,0.0000
0.0000,0.0000
0.0000,0.0000
0.0000,0.0000
0.0000,0.0000
0.0000,0.0000
0.0000,0.0000
0.0000,0.0000
0.0000,0.0000
0.0000,0.0000
0.0000,0.0000
0.0000,0.0000
0.0000,0.0000
0.0000,0.0000
0.0000,0.0000
0.0000,0.0000
0.0000,0.0000
0.0000,0.0000
0.0000,0.0000
0.0000,0.0000
0.0000,0.0000
0.0000,0.0000
0.0000,0.0000
0.0000,0.0000
0.0000,0.0000
0.0000,0.0000
0.0000,0.0000
0.0000,0.0000
0.0000,0.0000
0.0000,0.0000
0.0000,0.0000
0.0000,0.0000
0.0000,0.0000
0.0000,0.0000
0.0000,0.0000
0.0000,0.0000
0.0000,0.0000
0.0000,0.0000
0.0000,0.0000
0.0000,0.0000
0.0000,0.0000
0.0000,0.0000
0.0000,0.0000
0.0000,0.0000
0.0000,0.0000
0.0000,0.0000
0.0000,0.0000
0.0000,0.0000
0.0000,0.0000
0.0000,0.0000
0.0000,0.0000
0.0000,0.0000
0.0000,0.0000
0.0000,0.0000
0.0000,0.0000
0.0000,0.0000
0.0000,0.0000
0.0000,0.0000
0.0000,0.0000
0.0000,0.0000
0.0000,0.0000
0.0000,0.0000
0.0000,0.0000
0.0000,0.0000
0.0000,0.0000
0.0000,0.0000
0.0000,0.0000
0.0000,0.0000
0.0000,0.0000
0.0000,0.0000
0.0000,0.0000
0.0000,0.0000
0.0000,0.0000
0.0000,0.0000
0.0000,0.0000
0.0000,0.0000
0.0000,0.0000
0.0000,0.0000
0.0000,0.0000
0.0000,0.0000
0.0000,0.0000
0.0000,0.0000
0.0000,0.0000
0.0000,0.0000
0.0000,0.0000
0.0000,0.0000
0.0000,0.0000
0.0000,0.0000
0.0000,0.0000
0.0000,0.0000
0.0000,0.0000
0.0000,0.0000
0.0000,0.0000
0.0000,0.0000
0.0000,0.0000
0.0000,0.0000
0.0000,0.0000
0.0000,0.0000
0.0000,0.0000
0.0000,0.0000
0.0000,0.0000
0.0000,0.0000
0.0000,0.0000
0.0000,0.0000
0.0000,0.0000
0.0000,0.0000
0.0000,0.0000
0.0000,0.0000
0.0000,0.0000
0.0000,0.0000
0.0000,0.0000
0.0000,0.0000
0.0000,0.0000
0.0000,0.0000
0.0000,0.0000
0.0000,0.0000
0.0000,0.0000
0.0000,0.0000
0.0000,0.0000
0.0000,0.0000
0.0000,0.0000
0.0000,0.0000
0.0000,0.0000
0.0000,0.0000
0.0000,0.0000
0.0000,0.0000
0.0000,0.0000
0.0000,0.0000
0.0000,0.0000
0.0000,0.0000
0.0000,0.0000
0.0000,0.0000
0.0000,0.0000
0.0000,0.0000
0.0000,0.0000
0.0000,0.0000
0.0000,0.0000
0.0000,0.0000
0.0000,0.0000
0.0000,0.0000
0.0000,0.0000
0.0000,0.0000
0.0000,0.0000
0.0000,0.0000
0.0000,0.0000
0.0000,0.0000
0.0000,0.0000
0.0000,0.0000
0.0000,0.0000
0.0000,0.0000
0.0000,0.0000
0.0000,0.0000
0.0000,0.0000
0.0000,0.0000
0.0000,0.0000
0.0000,0.0000
0.0000,0.0000
0.0000,0.0000
0.0000,0.0000
0.0000,0.0000
0.0000,0.0000
0.0000,0.0000
0.0000,0.0000
0.0000,0.0000
0.0000,0.0000
0.0000,0.0000
0.0000,0.0000
0.0000,0.0000
0.0000,0.0000
0.0000,0.0000
0.0000,0.0000
0.0000,0.0000
0.0000,0.0000
0.0000,0.0000
0.0000,0.0000
0.0000,0.0000
0.0000,0.0000
0.0000,0.0000
0.0000,0.0000
0.0000,0.0000
0.0000,0.0000
0.0000,0.0000
0.0000,0.0000
0.0000,0.0000
0.0000,0.0000
0.0000,0.0000
0.0000,0.0000
0.0000,0.0000
0.0000,0.0000
0.0000,0.0000
0.0000,0.0000
0.0000,0.0000
0.0000,0.0000
0.0000,0.0000
0.0000,0.0000
0.0000,0.0000
0.0000,0.0000
0.0000,0.0000
0.0000,0.0000
0.0000,0.0000
0.0000,0.0000
0.0000,0.0000
0.0000,0.0000
0.0000,0.0000
0.0000,0.0000
0.0000,0.0000
0.0000,0.0000
0.0000,0.0000
0.0000,0.0000
0.0000,0.0000
0.0000,0.0000
0.0000,0.0000
0.0000,0.0000
0.0000,0.0000
0.0000,0.0000
0.0000,0.0000
0.0000,0.0000
0.0000,0.0000
0.0000,0.0000
0.0000,0.0000
0.0000,0.0000
0.0000,0.0000
0.0000,0.0000
0.0000,0.0000
0.0000,0.0000
0.0000,0.0000
0.0000,0.0000
0.0000,0.0000
0.0000,0.0000
0.0000,0.0000
0.0000,0.0000
0.0000,0.0000
0.0000,0.0000
0.0000,0.0000
0.0000,0.0000
0.0000,0.0000
0.0000,0.0000
0.0000,0.0000
0.0000,0.0000
0.0000,0.0000
0.0000,0.0000
0.0000,0.0000
0.0000,0.0000
0.0000,0.0000
0.0000,0.0000
0.0000,0.0000
0.0000,0.0000
0.0000,0.0000
0.0000,0.0000
0.0000,0.0000
0.0000,0.0000
0.0000,0.0000
0.0000,0.0000
0.0000,0.0000
0.0000,0.0000
0.0000,0.0000
0.0000,0.0000
0.0000,0.0000
0.0000,0.0000
0.0000,0.0000
0.0000,0.0000
0.0000,0.0000
0.0000,0.0000
0.0000,0.0000
0.0000,0.0000
0.0000,0.0000
0.0000,0.0000
0.0000,0.0000
0.0000,0.0000
0.0000,0.0000
0.0000,0.0000
0.0000,0.0000
0.0000,0.0000
0.0000,0.0000
0.0000,0.0000
0.0000,0.0000
0.0000,0.0000
0.0000,0.0000
0.0000,0.0000
0.0000,0.0000
0.0000,0.0000
0.0000,0.0000
0.0000,0.0000
0.0000,0.0000
0.0000,0.0000
0.0000,0.0000
0.0000,0.0000
0.0000,0.0000
0.0000,0.0000
0.0000,0.0000
0.0000,0.0000
0.0000,0.0000
0.0000,0.0000
0.0000,0.0000
0.0000,0.0000
0.0000,0.0000
0.0000,0.0000
0.0000,0.0000
0.0000,0.0000
0.0000,0.0000
0.0000,0.0000
0.0000,0.0000
0.0000,0.0000
0.0000,0.0000
0.0000,0.0000
0.0000,0.0000
0.0000,0.0000
0.0000,0.0000
0.0000,0.0000
0.0000,0.0000
0.0000,0.0000
0.0000,0.0000
0.0000,0.0000
0.0000,0.0000
0.0000,0.0000
0.0000,0.0000
0.0000,0.0000
0.0000,0.0000
0.0000,0.0000
0.0000,0.0000
0.0000,0.0000
0.0000,0.0000
0.0000,0.0000
0.0000,0.0000
0.0000,0.0000
0.0000,0.0000
0.0000,0.0000
0.0000,0.0000
0.0000,0.0000
0.0000,0.0000
0.0000,0.0000
0.0000,0.0000
0.0000,0.0000
0.0000,0.0000
0.0000,0.0000
0.0000,0.0000
0.0000,0.0000
0.0000,0.0000
0.0000,0.0000
0.0000,0.0000
0.0000,0.0000
0.0000,0.0000
0.0000,0.0000
0.0000,0.0000
0.0000,0.0000
0.0000,0.0000
0.0000,0.0000
0.0000,0.0000
0.0000,0.0000
0.0000,0.0000
0.0000,0.0000
0.0000,0.0000
0.0000,0.0000
0.0000,0.0000
0.0000,0.0000
0.0000,0.0000
0.0000,0.0000
0.0000,0.0000
0.0000,0.0000
0.0000,0.0000
0.0000,0.0000
0.0000,0.0000
0.0000,0.0000
0.0000,0.0000
0.0000,0.0000
0.0000,0.0000
0.0000,0.0000
0.0000,0.0000
0.0000,0.0000
0.0000,0.0000
0.0000,0.0000
0.0000,0.0000
0.0000,0.0000
0.0000,0.0000
0.0000,0.0000
0.0000,0.0000
0.0000,0.0000
0.0000,0.0000
0.0000,0.0000
0.0000,0.0000
0.0000,0.0000
0.0000,0.0000
0.0000,0.0000
0.0000,0.0000
0.0000,0.0000
0.0000,0.0000
0.0000,0.0000
0.0000,0.0000
0.0000,0.0000
0.0000,0.0000
0.0000,0.0000
0.0000,0.0000
0.0000,0.0000
0.0000,0.0000
0.0000,0.0000
0.0000,0.0000
0.0000,0.0000
0.0000,0.0000
0.0000,0.0000
0.0000,0.0000
0.0000,0.0000
0.0000,0.0000
0.0000,0.0000
0.0000,0.0000
0.0000,0.0000
0.0000,0.0000
0.0000,0.0000
0.0000,0.0000
0.0000,0.0000
0.0000,0.0000
0.0000,0.0000
0.0000,0.0000
0.0000,0.0000
0.0000,0.0000
0.0000,0.0000
0.0000,0.0000
0.0000,0.0000
0.0000,0.0000
0.0000,0.0000
0.0000,0.0000
0.0000,0.0000
0.0000,0.0000
0.0000,0.0000
0.0000,0.0000
0.0000,0.0000
0.0000,0.0000
0.0000,0.0000
0.0000,0.0000
0.0000,0.0000
0.0000,0.0000
0.0000,0.0000
0.0000,0.0000
0.0000,0.0000
0.0000,0.0000
0.0000,0.0000
0.0000,0.0000
0.0000,0.0000
0.0000,0.0000
0.0000,0.0000
0.0000,0.0000
0.0000,0.0000
0.0000,0.0000
0.0000,0.0000
0.0000,0.0000
0.0000,0.0000
0.0000,0.0000
0.0000,0.0000
0.0000,0.0000
0.0000,0.0000
0.0000,0.0000
0.0000,0.0000
0.0000,0.0000
0.0000,0.0000
0.0000,0.0000
0.0000,0.0000
0.0000,0.0000
0.0000,0.0000
0.0000,0.0000
0.0000,0.0000
0.0000,0.0000
0.0000,0.0000
0.0000,0.0000
0.0000,0.0000
0.0000,0.0000
0.0000,0.0000
0.0000,0.0000
0.0000,0.0000
0.0000,0.0000
0.0000,0.0000
0.0000,0.0000
0.0000,0.0000
0.0000,0.0000
0.0000,0.0000
0.0000,0.0000
0.0000,0.0000
0.0000,0.0000
0.0000,0.0000
0.0000,0.0000
0.0000,0.0000
0.0000,0.0000
0.0000,0.0000
0.0000,0.0000
0.0000,0.0000
0.0000,0.0000
0.0000,0.0000
0.0000,0.0000
0.0000,0.0000
0.0000,0.0000
0.0000,0.0000
0.0000,0.0000
0.0000,0.0000
0.0000,0.0000
0.0000,0.0000
0.0000,0.0000
0.0000,0.0000
0.0000,0.0000
0.0000,0.0000
-2.3276
-0.7329
-0.7283
-0.6963
-0.6646
-0.5583
-0.4745
-0.4568
-0.4452
-0.4157
-0.4033
-0.4017
-0.3453
-0.3376
-0.3284
-0.3183
-0.3107
-0.2923
-0.2908
-0.2727
-0.2717
-0.2704
-0.2695
-0.2677
-0.2474
-0.2240
-0.2135
-0.1986
-0.1579
-0.1281
-0.1273
-0.1131
-0.1089
-0.0936
-0.0875
-0.0816
-0.0765
-0.0734
-0.0724
-0.0714
-0.0541
-0.0487
-0.0327
-0.0289
-0.0246
-0.0223
-0.0197
-0.0104
-0.0073
-0.0058
0.0118
0.0164
0.0164
0.0176
0.0501
0.0523
0.0529
0.0537
0.0556
0.0799
0.0828
0.0857
0.0885
0.0928
0.0938
0.0957
0.1033
0.1035
0.1046
0.1238
0.1238
0.1296
0.1300
0.1340
0.1394
0.1397
0.1440
0.1471
0.1480
0.1493
0.1526
0.1581
0.1635
0.1642
0.1655
0.1676
0.1702
0.1733
0.1745
0.1787
0.1897
0.1904
0.1933
0.1981
0.2034
0.2075
0.2112
0.2191
0.2339
0.2340
0.2399
0.2436
0.2472
0.2480
0.2489
0.2597
0.2712
0.2717
0.2760
0.2815
0.2817
0.2844
0.2868
0.2874
0.3047
0.3063
0.3084
0.3088
0.3151
0.3157
0.3169
0.3182
0.3200
0.3217
0.3343
0.3345
0.3352
0.3352
0.3491
0.3605
0.3612
0.3702
0.3710
0.3715
0.3749
0.3759
0.3767
0.3769
0.3843
0.3853
0.3874
0.3893
0.3931
0.3949
0.3993
0.4002
0.4004
0.4088
0.4138
0.4160
0.4191
0.4266
0.4320
0.4324
0.4357
0.4368
0.4379
0.4402
0.4409
0.4420
0.4445
0.4476
0.4509
0.4564
0.4634
0.4666
0.4671
0.4689
0.4699
0.4712
0.4727
0.4754
0.4759
0.4765
0.4865
0.4907
0.4931
0.5018
0.5028
0.5036
0.5064
0.5138
0.5139
0.5171
0.5173
0.5213
0.5217
0.5286
0.5297
0.5348
0.5368
0.5379
0.5393
0.5420
0.5438
0.5446
0.5484
0.5488
0.5490
0.5499
0.5504
0.5518
0.5534
0.5536
0.5623
0.5633
0.5678
0.5697
0.5706
0.5727
0.5854
0.5873
0.5883
0.5940
0.5950
0.5960
0.5963
0.5972
0.5985
0.5996
0.6085
0.6119
0.6146
0.6149
0.6153
0.6182
0.6191
0.6240
0.6246
0.6289
0.6309
0.6372
0.6374
0.6418
0.6421
0.6471
0.6472
0.6478
0.6479
0.6489
0.6508
0.6510
0.6537
0.6605
0.6614
0.6672
0.6687
0.6746
0.6780
0.6833
0.6838
0.6878
0.6908
0.6920
0.7050
0.7060
0.7067
0.7079
0.7105
0.7145
0.7158
0.7168
0.7273
0.7283
0.7286
0.7333
0.7334
0.7368
0.7372
0.7386
0.7400
0.7401
0.7462
0.7464
0.7473
0.7481
0.7503
0.7515
0.7536
0.7568
0.7578
0.7598
0.7619
0.7639
0.7675
0.7709
0.7734
0.7754
0.7755
0.7843
0.7850
0.7871
0.7877
0.7955
0.7986
0.7989
0.7991
0.8021
0.8094
0.8119
0.8157
0.8163
0.8182
0.8201
0.8206
0.8255
0.8282
0.8302
0.8340
0.8421
0.8425
0.8498
0.8500
0.8502
0.8543
0.8562
0.8563
0.8591
0.8621
0.8649
0.8654
0.8675
0.8704
0.8728
0.8750
0.8771
0.8784
0.8813
0.8827
0.8831
0.8832
0.8878
0.8880
0.8905
0.8925
0.8945
0.8946
0.8959
0.8972
0.8999
0.9021
0.9027
0.9034
0.9043
0.9096
0.9142
0.9142
0.9222
0.9258
0.9291
0.9292
0.9333
0.9354
0.9371
0.9400
0.9404
0.9405
0.9418
0.9428
0.9527
0.9563
0.9570
0.9618
0.9644
0.9697
0.9713
0.9759
0.9774
0.9831
0.9843
0.9861
0.9900
0.9910
0.9926
0.9957
0.9986
1.0000
1.0012
1.0029
1.0048
1.0058
1.0062
1.0084
1.0145
1.0155
1.0273
1.0278
1.0328
1.0335
1.0336
1.0347
1.0348
1.0381
1.0393
1.0420
1.0429
1.0430
1.0460
1.0486
1.0541
1.0557
1.0562
1.0567
1.0615
1.0619
1.0648
1.0680
1.0710
1.0725
1.0762
1.0773
1.0791
1.0807
1.0864
1.0866
1.0914
1.0952
1.0952
1.0994
1.1049
1.1057
1.1103
1.1198
1.1199
1.1260
1.1275
1.1288
1.1329
1.1341
1.1357
1.1370
1.1434
1.1438
1.1499
1.1514
1.1531
1.1558
1.1580
1.1657
1.1678
1.1691
1.1733
1.1794
1.1827
1.1839
1.1858
1.1860
1.1865
1.1867
1.1896
1.1916
1.1917
1.1940
1.1956
1.1982
1.2017
1.2035
1.2064
1.2085
1.2129
1.2151
1.2171
1.2175
1.2186
1.2189
1.2194
1.2198
1.2260
1.2337
1.2388
1.2426
1.2460
1.2461
1.2466
1.2474
1.2492
1.2517
1.2606
1.2623
1.2626
1.2626
1.2634
1.2708
1.2736
1.2786
1.2807
1.2822
1.2837
1.2843
1.2850
1.2868
1.2914
1.2927
1.2929
1.2946
1.2950
1.2954
1.2982
1.3043
1.3044
1.3047
1.3056
1.3075
1.3081
1.3085
1.3099
1.3106
1.3107
1.3126
1.3178
1.3181
1.3226
1.3230
1.3253
1.3257
1.3290
1.3303
1.3313
1.3342
1.3356
1.3386
1.3387
1.3424
1.3432
1.3441
1.3445
1.3448
1.3499
1.3543
1.3544
1.3582
1.3585
1.3729
1.3829
1.3902
1.3906
1.3919
1.3928
1.3933
1.3973
1.4044
1.4094
1.4138
1.4139
1.4145
1.4180
1.4187
1.4207
1.4224
1.4309
1.4341
1.4351
1.4356
1.4380
1.4410
1.4442
1.4458
1.4477
1.4532
1.4559
1.4579
1.4642
1.4677
1.4722
1.4734
1.4785
1.4785
1.4830
1.4832
1.4846
1.4865
1.4870
1.4877
1.4904
1.4932
1.4972
1.4977
1.5009
1.5058
1.5085
1.5085
1.5140
1.5144
1.5144
1.5146
1.5165
1.5179
1.5185
1.5214
1.5241
1.5275
1.5277
1.5278
1.5296
1.5311
1.5379
1.5391
1.5405
1.5407
1.5451
1.5458
1.5460
1.5572
1.5597
1.5672
1.5680
1.5757
1.5761
1.5790
1.5800
1.5920
1.5943
1.5966
1.5972
1.6037
1.6081
1.6116
1.6161
1.6167
1.6197
1.6204
1.6206
1.6212
1.6229
1.6243
1.6262
1.6274
1.6274
1.6281
1.6292
1.6299
1.6314
1.6337
1.6400
1.6415
1.6445
1.6498
1.6510
1.6553
1.6594
1.6604
1.6670
1.6683
1.6700
1.6700
1.6783
1.6799
1.6845
1.6889
1.6897
1.6899
1.6914
1.6958
1.6984
1.6992
1.7017
1.7060
1.7097
1.7123
1.7133
1.7204
1.7217
1.7288
1.7302
1.7303
1.7309
1.7319
1.7354
1.7357
1.7359
1.7385
1.7411
1.7449
1.7516
1.7540
1.7551
1.7614
1.7629
1.7671
1.7712
1.7716
1.7744
1.7798
1.7864
1.7887
1.7899
1.7906
1.7913
1.7931
1.7944
1.7981
1.8028
1.8030
1.8035
1.8042
1.8068
1.8100
1.8106
1.8134
1.8196
1.8243
1.8246
1.8269
1.8278
1.8284
1.8290
1.8324
1.8355
1.8384
1.8476
1.8489
1.8500
1.8516
1.8522
1.8526
1.8532
1.8537
1.8564
1.8615
1.8627
1.8640
1.8726
1.8794
1.8810
1.8811
1.8832
1.8875
1.8884
1.8908
1.8923
1.8925
1.8932
1.8936
1.8970
1.9020
1.9047
1.9120
1.9123
1.9127
1.9153
1.9155
1.9177
1.9215
1.9306
1.9310
1.9325
1.9378
1.9393
1.9421
1.9469
1.9478
1.9480
1.9496
1.9496
1.9538
1.9549
1.9574
1.9582
1.9597
1.9611
1.9631
1.9632
1.9653
1.9771
1.9855
1.9867
1.9938
1.9942
1.9976
1.9984
2.0011
2.0080
2.0103
2.0114
2.0134
2.0152
2.0176
2.0188
2.0189
2.0242
2.0249
2.0290
2.0348
2.0360
2.0411
2.0477
2.0489
2.0516
2.0597
2.0679
2.0736
2.0767
2.0886
2.0918
2.0928
2.1047
2.1063
2.1079
2.1120
2.1148
2.1159
2.1301
2.1334
2.1499
2.1513
2.1541
2.1546
2.1591
2.1592
2.1614
2.1692
2.1754
2.1793
2.1851
2.1910
2.1911
2.1944
2.2044
2.2065
2.2106
2.2133
2.2157
2.2200
2.2256
2.2336
2.2355
2.2389
2.2417
2.2440
2.2467
2.2532
2.2549
2.2569
2.2577
2.2612
2.2624
2.2629
2.2700
2.2724
2.2759
2.2761
2.2799
2.2857
2.3021
2.3050
2.3122
2.3225
2.3247
2.3252
2.3262
2.3278
2.3296
2.3325
2.3370
2.3450
2.3471
2.3562
2.3569
2.3666
2.3699
2.3944
2.4039
2.4061
2.4259
2.4264
2.4267
2.4270
2.4288
2.4452
2.4635
2.4639
2.4669
2.4802
2.4837
2.4843
2.4871
2.5130
2.5199
2.5240
2.5249
2.5276
2.5301
2.5305
2.5387
2.5396
2.5449
2.5592
2.5764
2.5844
2.5894
2.5971
2.5989
2.6083
2.6127
2.6210
2.6361
2.6366
2.6456
2.6610
2.6614
2.6620
2.6688
2.6706
2.6775
2.6876
2.6939
2.6945
2.6966
2.6982
2.7005
2.7034
2.7047
2.7173
2.7232
2.7272
2.7273
2.7327
2.7370
2.7384
2.7403
2.7451
2.7502
2.7530
2.7803
2.7883
2.7906
2.8008
2.8176
2.8247
2.8307
2.8336
2.8444
2.8641
2.8654
2.8700
2.8733
2.8868
2.9035
2.9138
2.9212
2.9329
2.9592
2.9867
2.9928
3.0585
3.0664
3.0739
3.0798
3.0805
3.1497
3.1604
3.1706
3.1786
3.1844
3.1861
3.1874
3.2154
3.2302
3.2406
3.2593
3.2790
3.2955
3.3002
3.3165
3.3285
3.3290
3.3426
3.3497
3.3556
3.3642
3.3750
3.3846
3.3992
3.4085
3.4193
3.6087
3.6227
3.6420
3.6470
3.6723
3.6732
3.6774
3.7118
3.7356
3.8021
3.8050
3.8207
3.8426
3.8768
3.9132
4.0454
4.0842
4.1774
4.2615
4.2983
4.3063
4.5707
4.5831
4.6374
5.6831
