1000
1000
-1.7367,0.2143
-1.6426,0.2097
-1.4244,0.1597
-1.2710,0.1447
-1.1562,0.1384
-1.0684,0.1361
-0.9977,0.1330
-0.9397,0.1309
-0.8910,0.1291
-0.8493,0.1275
-0.8126,0.1256
-0.7804,0.1239
-0.7518,0.1222
-0.7261,0.1204
-0.7028,0.1185
-0.6816,0.1167
-0.6622,0.1150
-0.6443,0.1134
-0.6277,0.1117
-0.6124,0.1101
-0.5981,0.1086
-0.5846,0.1068
-0.5719,0.1051
-0.5602,0.1036
-0.5491,0.1021
-0.5385,0.1006
-0.5286,0.0992
-0.5192,0.0979
-0.5104,0.0967
-0.5020,0.0956
-0.4939,0.0945
-0.4863,0.0934
-0.4789,0.0923
-0.4719,0.0913
-0.4652,0.0904
-0.4588,0.0894
-0.4526,0.0885
-0.4467,0.0876
-0.4409,0.0867
-0.4354,0.0859
-0.4302,0.0851
-0.4251,0.0843
-0.4201,0.0836
-0.4154,0.0828
-0.4108,0.0821
-0.4063,0.0814
-0.4020,0.0807
-0.3978,0.0800
-0.3937,0.0793
-0.3898,0.0787
-0.3860,0.0780
-0.3822,0.0774
-0.3787,0.0768
-0.3752,0.0763
-0.3718,0.0758
-0.3685,0.0753
-0.3653,0.0748
-0.3622,0.0743
-0.3592,0.0739
-0.3562,0.0734
-0.3533,0.0730
-0.3505,0.0725
-0.3477,0.0721
-0.3450,0.0716
-0.3424,0.0712
-0.3398,0.0708
-0.3372,0.0703
-0.3347,0.0699
-0.3323,0.0695
-0.3299,0.0691
-0.3275,0.0687
-0.3252,0.0682
-0.3229,0.0679
-0.3207,0.0675
-0.3186,0.0671
-0.3164,0.0668
-0.3144,0.0664
-0.3123,0.0661
-0.3103,0.0658
-0.3084,0.0654
-0.3064,0.0651
-0.3045,0.0648
-0.3027,0.0645
-0.3009,0.0642
-0.2991,0.0639
-0.2973,0.0636
-0.2956,0.0633
-0.2939,0.0630
-0.2922,0.0628
-0.2906,0.0625
-0.2889,0.0622
-0.2874,0.0620
-0.2858,0.0617
-0.2842,0.0614
-0.2827,0.0612
-0.2812,0.0609
-0.2797,0.0607
-0.2783,0.0604
-0.2768,0.0601
-0.2754,0.0599
-0.2740,0.0596
-0.2726,0.0594
-0.2712,0.0591
-0.2699,0.0589
-0.2686,0.0587
-0.2673,0.0584
-0.2660,0.0582
-0.2647,0.0580
-0.2635,0.0577
-0.2622,0.0575
-0.2610,0.0573
-0.2598,0.0571
-0.2586,0.0569
-0.2574,0.0566
-0.2563,0.0564
-0.2551,0.0562
-0.2540,0.0560
-0.2529,0.0558
-0.2517,0.0556
-0.2507,0.0554
-0.2496,0.0552
-0.2485,0.0550
-0.2474,0.0549
-0.2464,0.0547
-0.2454,0.0545
-0.2443,0.0543
-0.2433,0.0541
-0.2423,0.0539
-0.2413,0.0537
-0.2404,0.0536
-0.2394,0.0534
-0.2385,0.0532
-0.2375,0.0530
-0.2366,0.0529
-0.2357,0.0527
-0.2348,0.0525
-0.2339,0.0524
-0.2330,0.0522
-0.2321,0.0521
-0.2312,0.0519
-0.2304,0.0518
-0.2295,0.0516
-0.2287,0.0515
-0.2279,0.0513
-0.2270,0.0512
-0.2262,0.0510
-0.2254,0.0509
-0.2246,0.0507
-0.2238,0.0506
-0.2231,0.0504
-0.2223,0.0503
-0.2215,0.0502
-0.2208,0.0501
-0.2200,0.0499
-0.2193,0.0498
-0.2186,0.0497
-0.2179,0.0496
-0.2171,0.0494
-0.2164,0.0493
-0.2157,0.0492
-0.2150,0.0491
-0.2143,0.0489
-0.2137,0.0488
-0.2130,0.0487
-0.2123,0.0486
-0.2116,0.0485
-0.2110,0.0483
-0.2103,0.0482
-0.2097,0.0481
-0.2090,0.0480
-0.2084,0.0479
-0.2078,0.0477
-0.2071,0.0476
-0.2065,0.0475
-0.2059,0.0474
-0.2053,0.0473
-0.2047,0.0472
-0.2041,0.0471
-0.2035,0.0470
-0.2029,0.0469
-0.2023,0.0468
-0.2017,0.0467
-0.2012,0.0466
-0.2006,0.0464
-0.2000,0.0463
-0.1994,0.0462
-0.1989,0.0461
-0.1983,0.0460
-0.1978,0.0459
-0.1972,0.0458
-0.1967,0.0457
-0.1962,0.0456
-0.1956,0.0455
-0.1951,0.0454
-0.1946,0.0454
-0.1941,0.0453
-0.1935,0.0452
-0.1930,0.0451
-0.1925,0.0450
-0.1920,0.0449
-0.1915,0.0448
-0.1910,0.0447
-0.1905,0.0446
-0.1900,0.0445
-0.1896,0.0444
-0.1891,0.0443
-0.1886,0.0443
-0.1881,0.0442
-0.1876,0.0441
-0.1872,0.0440
-0.1867,0.0439
-0.1862,0.0438
-0.1858,0.0437
-0.1853,0.0436
-0.1849,0.0436
-0.1844,0.0435
-0.1840,0.0434
-0.1835,0.0433
-0.1831,0.0432
-0.1827,0.0431
-0.1822,0.0431
-0.1818,0.0430
-0.1814,0.0429
-0.1809,0.0428
-0.1805,0.0427
-0.1801,0.0426
-0.1797,0.0426
-0.1792,0.0425
-0.1788,0.0424
-0.1784,0.0423
-0.1780,0.0422
-0.1776,0.0421
-0.1772,0.0421
-0.1768,0.0420
-0.1764,0.0419
-0.1760,0.0418
-0.1756,0.0417
-0.1752,0.0417
-0.1748,0.0416
-0.1744,0.0415
-0.1740,0.0414
-0.1737,0.0414
-0.1733,0.0413
-0.1729,0.0412
-0.1725,0.0411
-0.1722,0.0411
-0.1718,0.0410
-0.1714,0.0409
-0.1711,0.0408
-0.1707,0.0408
-0.1703,0.0407
-0.1700,0.0406
-0.1696,0.0406
-0.1693,0.0405
-0.1689,0.0404
-0.1686,0.0404
-0.1682,0.0403
-0.1679,0.0402
-0.1676,0.0402
-0.1672,0.0401
-0.1669,0.0400
-0.1665,0.0400
-0.1662,0.0399
-0.1659,0.0398
-0.1655,0.0398
-0.1652,0.0397
-0.1649,0.0396
-0.1646,0.0396
-0.1642,0.0395
-0.1639,0.0394
-0.1636,0.0394
-0.1633,0.0393
-0.1630,0.0392
-0.1626,0.0392
-0.1623,0.0391
-0.1620,0.0390
-0.1617,0.0390
-0.1614,0.0389
-0.1611,0.0388
-0.1608,0.0388
-0.1605,0.0387
-0.1602,0.0387
-0.1599,0.0386
-0.1596,0.0385
-0.1593,0.0385
-0.1590,0.0384
-0.1587,0.0383
-0.1584,0.0383
-0.1581,0.0382
-0.1578,0.0382
-0.1575,0.0381
-0.1572,0.0380
-0.1570,0.0380
-0.1567,0.0379
-0.1564,0.0379
-0.1561,0.0378
-0.1558,0.0378
-0.1556,0.0377
-0.1553,0.0376
-0.1550,0.0376
-0.1547,0.0375
-0.1545,0.0375
-0.1542,0.0374
-0.1539,0.0374
-0.1536,0.0373
-0.1534,0.0372
-0.1531,0.0372
-0.1528,0.0371
-0.1526,0.0371
-0.1523,0.0370
-0.1521,0.0370
-0.1518,0.0369
-0.1515,0.0369
-0.1513,0.0368
-0.1510,0.0368
-0.1508,0.0367
-0.1505,0.0367
-0.1503,0.0366
-0.1500,0.0365
-0.1498,0.0365
-0.1495,0.0364
-0.1493,0.0364
-0.1490,0.0363
-0.1488,0.0363
-0.1485,0.0362
-0.1483,0.0362
-0.1481,0.0361
-0.1478,0.0361
-0.1476,0.0360
-0.1473,0.0360
-0.1471,0.0359
-0.1469,0.0359
-0.1466,0.0358
-0.1464,0.0358
-0.1462,0.0357
-0.1459,0.0357
-0.1457,0.0356
-0.1455,0.0356
-0.1452,0.0355
-0.1450,0.0355
-0.1448,0.0354
-0.1445,0.0354
-0.1443,0.0353
-0.1441,0.0353
-0.1439,0.0352
-0.1436,0.0352
-0.1434,0.0351
-0.1432,0.0351
-0.1430,0.0350
-0.1428,0.0350
-0.1426,0.0349
-0.1423,0.0349
-0.1421,0.0348
-0.1419,0.0348
-0.1417,0.0347
-0.1415,0.0347
-0.1413,0.0346
-0.1411,0.0346
-0.1408,0.0345
-0.1406,0.0345
-0.1404,0.0344
-0.1402,0.0344
-0.1400,0.0344
-0.1398,0.0343
-0.1396,0.0343
-0.1394,0.0342
-0.1392,0.0342
-0.1390,0.0341
-0.1388,0.0341
-0.1386,0.0340
-0.1384,0.0340
-0.1382,0.0339
-0.1380,0.0339
-0.1378,0.0339
-0.1376,0.0338
-0.1374,0.0338
-0.1372,0.0337
-0.1370,0.0337
-0.1368,0.0336
-0.1366,0.0336
-0.1364,0.0336
-0.1362,0.0335
-0.1360,0.0335
-0.1358,0.0334
-0.1356,0.0334
-0.1354,0.0333
-0.1353,0.0333
-0.1351,0.0332
-0.1349,0.0332
-0.1347,0.0332
-0.1345,0.0331
-0.1343,0.0331
-0.1341,0.0330
-0.1339,0.0330
-0.1338,0.0329
-0.1336,0.0329
-0.1334,0.0329
-0.1332,0.0328
-0.1330,0.0328
-0.1329,0.0327
-0.1327,0.0327
-0.1325,0.0327
-0.1323,0.0326
-0.1321,0.0326
-0.1320,0.0325
-0.1318,0.0325
-0.1316,0.0325
-0.1314,0.0324
-0.1313,0.0324
-0.1311,0.0323
-0.1309,0.0323
-0.1307,0.0323
-0.1306,0.0322
-0.1304,0.0322
-0.1302,0.0321
-0.1301,0.0321
-0.1299,0.0321
-0.1297,0.0320
-0.1296,0.0320
-0.1294,0.0319
-0.1292,0.0319
-0.1291,0.0319
-0.1289,0.0318
-0.1287,0.0318
-0.1286,0.0318
-0.1284,0.0317
-0.1282,0.0317
-0.1281,0.0316
-0.1279,0.0316
-0.1278,0.0316
-0.1276,0.0315
-0.1274,0.0315
-0.1273,0.0315
-0.1271,0.0314
-0.1270,0.0314
-0.1268,0.0313
-0.1266,0.0313
-0.1265,0.0313
-0.1263,0.0312
-0.1262,0.0312
-0.1260,0.0312
-0.1259,0.0311
-0.1257,0.0311
-0.1256,0.0311
-0.1254,0.0310
-0.1253,0.0310
-0.1251,0.0310
-0.1250,0.0309
-0.1248,0.0309
-0.1246,0.0309
-0.1245,0.0308
-0.1244,0.0308
-0.1242,0.0308
-0.1241,0.0307
-0.1239,0.0307
-0.1238,0.0307
-0.1236,0.0306
-0.1235,0.0306
-0.1233,0.0306
-0.1232,0.0305
-0.1230,0.0305
-0.1229,0.0305
-0.1227,0.0304
-0.1226,0.0304
-0.1225,0.0304
-0.1223,0.0303
-0.1222,0.0303
-0.1220,0.0303
-0.1219,0.0302
-0.1217,0.0302
-0.1216,0.0302
-0.1215,0.0301
-0.1213,0.0301
-0.1212,0.0301
-0.1210,0.0300
-0.1209,0.0300
-0.1208,0.0300
-0.1206,0.0299
-0.1205,0.0299
-0.1204,0.0299
-0.1202,0.0298
-0.1201,0.0298
-0.1199,0.0298
-0.1198,0.0297
-0.1197,0.0297
-0.1195,0.0297
-0.1194,0.0296
-0.1193,0.0296
-0.1191,0.0296
-0.1190,0.0295
-0.1189,0.0295
-0.1187,0.0295
-0.1186,0.0294
-0.1185,0.0294
-0.1183,0.0294
-0.1182,0.0294
-0.1181,0.0293
-0.1180,0.0293
-0.1178,0.0293
-0.1177,0.0292
-0.1176,0.0292
-0.1174,0.0292
-0.1173,0.0291
-0.1172,0.0291
-0.1171,0.0291
-0.1169,0.0290
-0.1168,0.0290
-0.1167,0.0290
-0.1166,0.0290
-0.1164,0.0289
-0.1163,0.0289
-0.1162,0.0289
-0.1161,0.0288
-0.1160,0.0288
-0.1158,0.0288
-0.1157,0.0288
-0.1156,0.0287
-0.1155,0.0287
-0.1153,0.0287
-0.1152,0.0286
-0.1151,0.0286
-0.1150,0.0286
-0.1149,0.0286
-0.1147,0.0285
-0.1146,0.0285
-0.1145,0.0285
-0.1144,0.0285
-0.1143,0.0284
-0.1142,0.0284
-0.1140,0.0284
-0.1139,0.0283
-0.1138,0.0283
-0.1137,0.0283
-0.1136,0.0283
-0.1135,0.0282
-0.1133,0.0282
-0.1132,0.0282
-0.1131,0.0282
-0.1130,0.0281
-0.1129,0.0281
-0.1128,0.0281
-0.1127,0.0280
-0.1126,0.0280
-0.1124,0.0280
-0.1123,0.0280
-0.1122,0.0279
-0.1121,0.0279
-0.1120,0.0279
-0.1119,0.0279
-0.1118,0.0278
-0.1117,0.0278
-0.1116,0.0278
-0.1114,0.0278
-0.1113,0.0277
-0.1112,0.0277
-0.1111,0.0277
-0.1110,0.0276
-0.1109,0.0276
-0.1108,0.0276
-0.1107,0.0276
-0.1106,0.0275
-0.1105,0.0275
-0.1104,0.0275
-0.1103,0.0275
-0.1101,0.0274
-0.1100,0.0274
-0.1099,0.0274
-0.1098,0.0274
-0.1097,0.0273
-0.1096,0.0273
-0.1095,0.0273
-0.1094,0.0273
-0.1093,0.0272
-0.1092,0.0272
-0.1091,0.0272
-0.1090,0.0272
-0.1089,0.0271
-0.1088,0.0271
-0.1087,0.0271
-0.1086,0.0271
-0.1085,0.0270
-0.1084,0.0270
-0.1083,0.0270
-0.1082,0.0270
-0.1081,0.0269
-0.1080,0.0269
-0.1079,0.0269
-0.1078,0.0269
-0.1077,0.0269
-0.1076,0.0268
-0.1075,0.0268
-0.1074,0.0268
-0.1073,0.0268
-0.1072,0.0267
-0.1071,0.0267
-0.1070,0.0267
-0.1069,0.0267
-0.1068,0.0266
-0.1067,0.0266
-0.1066,0.0266
-0.1065,0.0266
-0.1064,0.0266
-0.1063,0.0265
-0.1062,0.0265
-0.1061,0.0265
-0.1060,0.0265
-0.1059,0.0264
-0.1058,0.0264
-0.1058,0.0264
-0.1057,0.0264
-0.1056,0.0263
-0.1055,0.0263
-0.1054,0.0263
-0.1053,0.0263
-0.1052,0.0263
-0.1051,0.0262
-0.1050,0.0262
-0.1049,0.0262
-0.1048,0.0262
-0.1047,0.0261
-0.1046,0.0261
-0.1045,0.0261
-0.1045,0.0261
-0.1044,0.0261
-0.1043,0.0260
-0.1042,0.0260
-0.1041,0.0260
-0.1040,0.0260
-0.1039,0.0260
-0.1038,0.0259
-0.1037,0.0259
-0.1036,0.0259
-0.1036,0.0259
-0.1035,0.0258
-0.1034,0.0258
-0.1033,0.0258
-0.1032,0.0258
-0.1031,0.0258
-0.1030,0.0257
-0.1029,0.0257
-0.1029,0.0257
-0.1028,0.0257
-0.1027,0.0257
-0.1026,0.0256
-0.1025,0.0256
-0.1024,0.0256
-0.1023,0.0256
-0.1023,0.0256
-0.1022,0.0255
-0.1021,0.0255
-0.1020,0.0255
-0.1019,0.0255
-0.1018,0.0255
-0.1017,0.0254
-0.1017,0.0254
-0.1016,0.0254
-0.1015,0.0254
-0.1014,0.0254
-0.1013,0.0253
-0.1012,0.0253
-0.1012,0.0253
-0.1011,0.0253
-0.1010,0.0253
-0.1009,0.0252
-0.1008,0.0252
-0.1007,0.0252
-0.1007,0.0252
-0.1006,0.0252
-0.1005,0.0251
-0.1004,0.0251
-0.1003,0.0251
-0.1002,0.0251
-0.1002,0.0251
-0.1001,0.0250
-0.1000,0.0250
-0.0999,0.0250
-0.0998,0.0250
-0.0998,0.0250
-0.0997,0.0249
-0.0996,0.0249
-0.0995,0.0249
-0.0994,0.0249
-0.0994,0.0249
-0.0993,0.0248
-0.0992,0.0248
-0.0991,0.0248
-0.0990,0.0248
-0.0990,0.0248
-0.0989,0.0247
-0.0988,0.0247
-0.0987,0.0247
-0.0986,0.0247
-0.0986,0.0247
-0.0985,0.0247
-0.0984,0.0246
-0.0983,0.0246
-0.0983,0.0246
-0.0982,0.0246
-0.0981,0.0246
-0.0980,0.0245
-0.0979,0.0245
-0.0979,0.0245
-0.0978,0.0245
-0.0977,0.0245
-0.0976,0.0244
-0.0976,0.0244
-0.0975,0.0244
-0.0974,0.0244
-0.0973,0.0244
-0.0973,0.0244
-0.0972,0.0243
-0.0971,0.0243
-0.0970,0.0243
-0.0970,0.0243
-0.0969,0.0243
-0.0968,0.0242
-0.0967,0.0242
-0.0967,0.0242
-0.0966,0.0242
-0.0965,0.0242
-0.0964,0.0241
-0.0964,0.0241
-0.0963,0.0241
-0.0962,0.0241
-0.0961,0.0241
-0.0961,0.0241
-0.0960,0.0240
-0.0959,0.0240
-0.0959,0.0240
-0.0958,0.0240
-0.0957,0.0240
-0.0956,0.0239
-0.0956,0.0239
-0.0955,0.0239
-0.0954,0.0239
-0.0953,0.0239
-0.0953,0.0239
-0.0952,0.0238
-0.0951,0.0238
-0.0951,0.0238
-0.0950,0.0238
-0.0949,0.0238
-0.0948,0.0238
-0.0948,0.0237
-0.0947,0.0237
-0.0946,0.0237
-0.0946,0.0237
-0.0945,0.0237
-0.0944,0.0236
-0.0944,0.0236
-0.0943,0.0236
-0.0942,0.0236
-0.0942,0.0236
-0.0941,0.0236
-0.0940,0.0235
-0.0939,0.0235
-0.0939,0.0235
-0.0938,0.0235
-0.0937,0.0235
-0.0937,0.0235
-0.0936,0.0234
-0.0935,0.0234
-0.0935,0.0234
-0.0934,0.0234
-0.0933,0.0234
-0.0933,0.0234
-0.0932,0.0233
-0.0931,0.0233
-0.0931,0.0233
-0.0930,0.0233
-0.0929,0.0233
-0.0929,0.0233
-0.0928,0.0232
-0.0927,0.0232
-0.0927,0.0232
-0.0926,0.0232
-0.0925,0.0232
-0.0925,0.0232
-0.0924,0.0231
-0.0923,0.0231
-0.0923,0.0231
-0.0922,0.0231
-0.0921,0.0231
-0.0921,0.0231
-0.0920,0.0231
-0.0920,0.0230
-0.0919,0.0230
-0.0918,0.0230
-0.0918,0.0230
-0.0917,0.0230
-0.0916,0.0230
-0.0916,0.0229
-0.0915,0.0229
-0.0914,0.0229
-0.0914,0.0229
-0.0913,0.0229
-0.0913,0.0229
-0.0912,0.0229
-0.0911,0.0228
-0.0911,0.0228
-0.0910,0.0228
-0.0909,0.0228
-0.0909,0.0228
-0.0908,0.0228
-0.0908,0.0227
-0.0907,0.0227
-0.0906,0.0227
-0.0906,0.0227
-0.0905,0.0227
-0.0904,0.0227
-0.0904,0.0227
-0.0903,0.0226
-0.0903,0.0226
-0.0902,0.0226
-0.0901,0.0226
-0.0901,0.0226
-0.0900,0.0226
-0.0900,0.0226
-0.0899,0.0225
-0.0898,0.0225
-0.0898,0.0225
-0.0897,0.0225
-0.0897,0.0225
-0.0896,0.0225
-0.0895,0.0225
-0.0895,0.0224
-0.0894,0.0224
-0.0894,0.0224
-0.0893,0.0224
-0.0892,0.0224
-0.0892,0.0224
-0.0891,0.0224
-0.0891,0.0223
-0.0890,0.0223
-0.0889,0.0223
-0.0889,0.0223
-0.0888,0.0223
-0.0888,0.0223
-0.0887,0.0223
-0.0887,0.0223
-0.0886,0.0222
-0.0885,0.0222
-0.0885,0.0222
-0.0884,0.0222
-0.0884,0.0222
-0.0883,0.0222
-0.0883,0.0222
-0.0882,0.0221
-0.0881,0.0221
-0.0881,0.0221
-0.0880,0.0221
-0.0880,0.0221
-0.0879,0.0221
-0.0879,0.0221
-0.0878,0.0221
-0.0877,0.0220
-0.0877,0.0220
-0.0876,0.0220
-0.0876,0.0220
-0.0875,0.0220
-0.0875,0.0220
-0.0874,0.0220
-0.0873,0.0220
-0.0873,0.0219
-0.0872,0.0219
-0.0872,0.0219
-0.0871,0.0219
-0.0871,0.0219
-0.0870,0.0219
-0.0870,0.0219
-0.0869,0.0218
-0.0869,0.0218
-0.0868,0.0218
-0.0867,0.0218
-0.0867,0.0218
-0.0866,0.0218
-0.0866,0.0218
-0.0865,0.0218
-0.0865,0.0217
-0.0864,0.0217
-0.0864,0.0217
-0.0863,0.0217
-0.0863,0.0217
-0.0862,0.0217
-0.0861,0.0217
-0.0861,0.0217
-0.0860,0.0216
-0.0860,0.0216
-0.0859,0.0216
-0.0859,0.0216
-0.0858,0.0216
-0.0858,0.0216
-0.0857,0.0216
-0.0857,0.0216
-0.0856,0.0215
-0.0856,0.0215
-0.0855,0.0215
-0.0855,0.0215
-0.0854,0.0215
-0.0854,0.0215
-0.0853,0.0215
-0.0852,0.0215
-0.0852,0.0214
-0.0851,0.0214
-0.0851,0.0214
-0.0850,0.0214
-0.0850,0.0214
-0.0849,0.0214
-0.0849,0.0214
-0.0848,0.0214
-0.0848,0.0214
-0.0847,0.0213
-0.0847,0.0213
-0.0846,0.0213
-0.0846,0.0213
-0.0845,0.0213
-0.0845,0.0213
-0.0844,0.0213
-0.0844,0.0213
-0.0843,0.0212
-0.0843,0.0212
-0.0842,0.0212
-0.0842,0.0212
-0.0841,0.0212
-0.0841,0.0212
-0.0840,0.0212
-0.0840,0.0212
-0.0839,0.0211
-0.0839,0.0211
-0.0838,0.0211
-0.0838,0.0211
-0.0837,0.0211
-0.0837,0.0211
-0.0836,0.0211
-0.0836,0.0211
-0.0835,0.0210
-0.0835,0.0210
-0.0834,0.0210
-0.0834,0.0210
-0.0833,0.0210
-0.0833,0.0210
-0.0832,0.0210
-0.0832,0.0210
-0.0831,0.0210
-0.0831,0.0209
-0.0830,0.0209
-0.0830,0.0209
-0.0829,0.0209
-0.0829,0.0209
-0.0828,0.0209
-0.0828,0.0209
-0.0827,0.0209
-0.0827,0.0208
-0.0827,0.0208
-0.0826,0.0208
-0.0826,0.0208
-0.0825,0.0208
-0.0825,0.0208
-0.0824,0.0208
-0.0824,0.0208
-0.0823,0.0208
-0.0823,0.0207
-0.0822,0.0207
-0.0822,0.0207
-0.0821,0.0207
-0.0821,0.0207
-0.0820,0.0207
-0.0820,0.0207
-0.0819,0.0207
-0.0819,0.0206
-0.0818,0.0206
-0.0818,0.0206
-0.0817,0.0206
-0.0817,0.0206
-0.0817,0.0206
-0.0816,0.0206
-0.0816,0.0206
-0.0815,0.0206
-0.0815,0.0205
-0.0814,0.0205
-0.0814,0.0205
-0.0813,0.0205
-0.0813,0.0205
-0.0812,0.0205
-0.0812,0.0205
-0.0811,0.0205
-0.0811,0.0205
-0.0811,0.0204
-0.0810,0.0204
-0.0810,0.0204
-0.0809,0.0204
-0.0809,0.0204
-0.0808,0.0204
-0.0808,0.0204
-0.0807,0.0204
-0.0807,0.0204
-0.0806,0.0203
-0.0806,0.0203
-0.0806,0.0203
-0.0805,0.0203
0.1254
0.2569
0.2739
0.2749
0.3268
0.3284
0.3375
0.3386
0.3475
0.3606
0.3983
0.4028
0.4098
0.4127
0.4243
0.4363
0.4527
0.4546
0.4550
0.4553
0.4566
0.4762
0.4862
0.4919
0.4974
0.5047
0.5051
0.5100
0.5156
0.5200
0.5256
0.5393
0.5481
0.5536
0.5607
0.5643
0.5695
0.5771
0.5933
0.6035
0.6217
0.6254
0.6278
0.6392
0.6477
0.6515
0.6550
0.6576
0.6621
0.6726
0.6796
0.6834
0.6849
0.6869
0.6889
0.6942
0.6955
0.7024
0.7094
0.7142
0.7174
0.7265
0.7284
0.7293
0.7315
0.7317
0.7332
0.7351
0.7356
0.7372
0.7383
0.7412
0.7485
0.7595
0.7619
0.7626
0.7637
0.7683
0.7702
0.7725
0.7740
0.7795
0.7830
0.7885
0.7896
0.7966
0.7981
0.8037
0.8045
0.8053
0.8098
0.8099
0.8153
0.8172
0.8173
0.8197
0.8203
0.8299
0.8300
0.8303
0.8331
0.8369
0.8377
0.8408
0.8458
0.8473
0.8510
0.8526
0.8579
0.8612
0.8650
0.8656
0.8661
0.8704
0.8739
0.8752
0.8757
0.8759
0.8780
0.8812
0.8815
0.8826
0.8873
0.8897
0.8952
0.8984
0.8984
0.8998
0.9020
0.9029
0.9048
0.9055
0.9055
0.9083
0.9134
0.9135
0.9164
0.9187
0.9187
0.9223
0.9250
0.9258
0.9280
0.9291
0.9304
0.9320
0.9326
0.9329
0.9336
0.9347
0.9355
0.9365
0.9380
0.9419
0.9453
0.9505
0.9530
0.9587
0.9593
0.9600
0.9624
0.9624
0.9625
0.9639
0.9647
0.9673
0.9690
0.9730
0.9737
0.9740
0.9746
0.9747
0.9783
0.9805
0.9836
0.9844
0.9874
0.9902
0.9911
0.9913
1.0124
1.0129
1.0138
1.0169
1.0200
1.0206
1.0214
1.0240
1.0272
1.0305
1.0309
1.0349
1.0398
1.0416
1.0417
1.0440
1.0450
1.0457
1.0483
1.0502
1.0506
1.0516
1.0556
1.0560
1.0597
1.0618
1.0628
1.0664
1.0685
1.0742
1.0746
1.0869
1.0881
1.0891
1.0899
1.0903
1.0938
1.0942
1.0956
1.0960
1.1015
1.1018
1.1024
1.1069
1.1088
1.1096
1.1115
1.1123
1.1146
1.1164
1.1171
1.1200
1.1201
1.1204
1.1227
1.1267
1.1312
1.1331
1.1353
1.1387
1.1390
1.1392
1.1421
1.1437
1.1440
1.1460
1.1492
1.1505
1.1523
1.1535
1.1542
1.1565
1.1595
1.1614
1.1621
1.1624
1.1626
1.1689
1.1712
1.1731
1.1758
1.1796
1.1797
1.1821
1.1823
1.1823
1.1857
1.1884
1.1887
1.1905
1.1906
1.1914
1.1920
1.1952
1.1987
1.1989
1.1992
1.1993
1.2000
1.2058
1.2061
1.2096
1.2106
1.2110
1.2113
1.2116
1.2125
1.2131
1.2176
1.2178
1.2193
1.2220
1.2281
1.2296
1.2311
1.2346
1.2349
1.2382
1.2397
1.2432
1.2446
1.2451
1.2451
1.2460
1.2462
1.2475
1.2476
1.2513
1.2520
1.2529
1.2534
1.2556
1.2577
1.2578
1.2579
1.2604
1.2606
1.2616
1.2633
1.2637
1.2655
1.2687
1.2694
1.2732
1.2735
1.2776
1.2808
1.2832
1.2834
1.2912
1.2926
1.2932
1.2934
1.2936
1.2940
1.2958
1.2969
1.2974
1.2988
1.3040
1.3055
1.3057
1.3065
1.3069
1.3073
1.3084
1.3110
1.3112
1.3125
1.3170
1.3173
1.3180
1.3201
1.3202
1.3204
1.3208
1.3213
1.3222
1.3229
1.3237
1.3249
1.3255
1.3259
1.3264
1.3270
1.3360
1.3377
1.3385
1.3394
1.3397
1.3403
1.3420
1.3425
1.3429
1.3451
1.3496
1.3507
1.3517
1.3518
1.3527
1.3539
1.3550
1.3556
1.3563
1.3576
1.3610
1.3612
1.3630
1.3643
1.3691
1.3722
1.3723
1.3727
1.3766
1.3815
1.3857
1.3865
1.3867
1.3872
1.3876
1.3910
1.3913
1.3924
1.3945
1.3946
1.3947
1.3975
1.3986
1.4079
1.4104
1.4113
1.4130
1.4138
1.4176
1.4199
1.4219
1.4219
1.4221
1.4244
1.4258
1.4266
1.4269
1.4295
1.4299
1.4304
1.4304
1.4306
1.4312
1.4333
1.4342
1.4347
1.4367
1.4388
1.4389
1.4432
1.4435
1.4447
1.4466
1.4469
1.4489
1.4496
1.4540
1.4549
1.4550
1.4579
1.4588
1.4608
1.4617
1.4633
1.4658
1.4692
1.4709
1.4742
1.4765
1.4800
1.4803
1.4819
1.4847
1.4849
1.4850
1.4862
1.4866
1.4876
1.4886
1.4919
1.4930
1.4933
1.4981
1.4982
1.5003
1.5011
1.5017
1.5030
1.5031
1.5049
1.5069
1.5078
1.5116
1.5121
1.5156
1.5179
1.5180
1.5231
1.5241
1.5279
1.5300
1.5318
1.5323
1.5361
1.5366
1.5387
1.5396
1.5400
1.5430
1.5431
1.5457
1.5461
1.5476
1.5478
1.5501
1.5512
1.5523
1.5525
1.5526
1.5540
1.5581
1.5608
1.5610
1.5611
1.5615
1.5622
1.5629
1.5634
1.5641
1.5655
1.5666
1.5688
1.5690
1.5699
1.5700
1.5765
1.5816
1.5841
1.5847
1.5852
1.5875
1.5982
1.6006
1.6008
1.6045
1.6062
1.6068
1.6085
1.6115
1.6145
1.6151
1.6152
1.6154
1.6196
1.6214
1.6244
1.6255
1.6275
1.6291
1.6343
1.6380
1.6389
1.6402
1.6417
1.6460
1.6478
1.6508
1.6510
1.6521
1.6605
1.6643
1.6649
1.6669
1.6674
1.6677
1.6691
1.6704
1.6731
1.6737
1.6756
1.6768
1.6784
1.6784
1.6807
1.6815
1.6827
1.6852
1.6870
1.6882
1.6888
1.6947
1.6955
1.6970
1.6976
1.6988
1.7000
1.7043
1.7084
1.7100
1.7133
1.7166
1.7168
1.7174
1.7189
1.7224
1.7233
1.7236
1.7269
1.7293
1.7302
1.7303
1.7337
1.7413
1.7423
1.7451
1.7457
1.7472
1.7480
1.7484
1.7493
1.7516
1.7522
1.7529
1.7530
1.7545
1.7560
1.7584
1.7591
1.7597
1.7601
1.7677
1.7693
1.7697
1.7728
1.7733
1.7741
1.7745
1.7749
1.7777
1.7812
1.7826
1.7868
1.7896
1.7930
1.7935
1.7935
1.7940
1.7990
1.8030
1.8045
1.8057
1.8082
1.8087
1.8110
1.8121
1.8122
1.8131
1.8135
1.8155
1.8157
1.8195
1.8218
1.8228
1.8241
1.8258
1.8270
1.8271
1.8274
1.8288
1.8297
1.8302
1.8308
1.8326
1.8328
1.8334
1.8391
1.8427
1.8449
1.8455
1.8538
1.8617
1.8662
1.8662
1.8665
1.8665
1.8705
1.8707
1.8797
1.8814
1.8827
1.8860
1.8873
1.8873
1.8882
1.8884
1.8896
1.8901
1.8902
1.8940
1.8948
1.8962
1.8982
1.8983
1.8993
1.8999
1.9001
1.9004
1.9025
1.9030
1.9058
1.9090
1.9105
1.9133
1.9138
1.9165
1.9169
1.9170
1.9203
1.9217
1.9219
1.9227
1.9254
1.9264
1.9290
1.9302
1.9344
1.9350
1.9358
1.9375
1.9393
1.9397
1.9405
1.9411
1.9436
1.9532
1.9561
1.9582
1.9583
1.9588
1.9599
1.9603
1.9609
1.9612
1.9663
1.9671
1.9674
1.9677
1.9716
1.9737
1.9744
1.9745
1.9751
1.9759
1.9766
1.9775
1.9800
1.9852
1.9853
1.9874
1.9918
1.9930
1.9930
1.9933
1.9956
1.9980
1.9980
1.9996
2.0000
2.0016
2.0023
2.0035
2.0060
2.0065
2.0073
2.0085
2.0089
2.0114
2.0146
2.0184
2.0218
2.0220
2.0245
2.0249
2.0263
2.0323
2.0326
2.0342
2.0359
2.0391
2.0449
2.0519
2.0524
2.0532
2.0547
2.0565
2.0633
2.0639
2.0640
2.0672
2.0693
2.0696
2.0712
2.0713
2.0741
2.0772
2.0805
2.0813
2.0818
2.0826
2.0851
2.0913
2.0918
2.0938
2.0955
2.0956
2.0973
2.0988
2.0992
2.1009
2.1069
2.1089
2.1103
2.1109
2.1112
2.1131
2.1152
2.1207
2.1210
2.1211
2.1218
2.1270
2.1285
2.1335
2.1365
2.1401
2.1415
2.1421
2.1473
2.1488
2.1491
2.1530
2.1566
2.1581
2.1586
2.1611
2.1623
2.1653
2.1682
2.1706
2.1708
2.1723
2.1761
2.1798
2.1858
2.1906
2.1909
2.1910
2.1949
2.1970
2.1984
2.2051
2.2082
2.2117
2.2121
2.2121
2.2157
2.2175
2.2177
2.2185
2.2186
2.2196
2.2201
2.2381
2.2391
2.2395
2.2401
2.2418
2.2439
2.2447
2.2472
2.2472
2.2491
2.2537
2.2567
2.2584
2.2618
2.2651
2.2651
2.2658
2.2660
2.2687
2.2690
2.2698
2.2699
2.2757
2.2759
2.2775
2.2776
2.2816
2.2852
2.2884
2.2891
2.2912
2.2966
2.2967
2.2985
2.3001
2.3084
2.3122
2.3142
2.3210
2.3228
2.3235
2.3303
2.3308
2.3344
2.3347
2.3375
2.3394
2.3438
2.3512
2.3517
2.3543
2.3619
2.3633
2.3648
2.3730
2.3732
2.3873
2.3945
2.3954
2.3985
2.4024
2.4085
2.4171
2.4175
2.4204
2.4223
2.4235
2.4283
2.4294
2.4478
2.4584
2.4652
2.4702
2.4745
2.4797
2.4899
2.4959
2.4964
2.5021
2.5022
2.5059
2.5094
2.5225
2.5227
2.5232
2.5358
2.5454
2.5629
2.5723
2.5747
2.5771
2.5921
2.5967
2.6164
2.6234
2.6268
2.6302
2.6439
2.6458
2.6490
2.6568
2.6738
2.6936
2.6953
2.6988
2.7000
2.7260
2.7283
2.7425
2.7446
2.7545
2.7602
2.7649
2.7839
2.7939
2.7986
2.8084
2.8494
2.8518
2.8903
2.9189
2.9310
2.9735
2.9799
2.9929
3.0128
3.0477
3.0616
3.0921
3.1341
3.2161
3.2258
3.2323
3.2544
3.2785
3.2891
3.2953
3.3299
3.3342
3.3555
3.4984
3.8465
3.9464
