1000
1000
-1.6313,0.2013
-1.5372,0.1985
-1.3209,0.1478
-1.1722,0.1353
-1.0630,0.1331
-0.9777,0.1308
-0.9103,0.1301
-0.8540,0.1282
-0.8066,0.1260
-0.7659,0.1235
-0.7305,0.1211
-0.6996,0.1189
-0.6724,0.1166
-0.6480,0.1145
-0.6261,0.1124
-0.6063,0.1105
-0.5881,0.1086
-0.5716,0.1068
-0.5564,0.1051
-0.5424,0.1035
-0.5292,0.1019
-0.5169,0.1003
-0.5054,0.0987
-0.4946,0.0973
-0.4844,0.0959
-0.4749,0.0946
-0.4658,0.0935
-0.4572,0.0922
-0.4490,0.0910
-0.4412,0.0898
-0.4337,0.0887
-0.4266,0.0874
-0.4197,0.0862
-0.4131,0.0850
-0.4069,0.0839
-0.4009,0.0828
-0.3951,0.0818
-0.3896,0.0808
-0.3843,0.0799
-0.3793,0.0791
-0.3744,0.0783
-0.3697,0.0775
-0.3651,0.0767
-0.3608,0.0760
-0.3566,0.0754
-0.3525,0.0747
-0.3485,0.0741
-0.3447,0.0735
-0.3410,0.0729
-0.3373,0.0723
-0.3338,0.0717
-0.3304,0.0712
-0.3271,0.0706
-0.3239,0.0700
-0.3207,0.0695
-0.3177,0.0690
-0.3147,0.0685
-0.3118,0.0680
-0.3090,0.0675
-0.3063,0.0670
-0.3036,0.0665
-0.3010,0.0660
-0.2984,0.0655
-0.2960,0.0651
-0.2936,0.0646
-0.2912,0.0642
-0.2889,0.0638
-0.2866,0.0634
-0.2844,0.0630
-0.2823,0.0626
-0.2801,0.0622
-0.2781,0.0618
-0.2760,0.0614
-0.2740,0.0611
-0.2721,0.0607
-0.2701,0.0603
-0.2683,0.0600
-0.2664,0.0597
-0.2646,0.0593
-0.2629,0.0590
-0.2611,0.0587
-0.2594,0.0584
-0.2577,0.0581
-0.2561,0.0578
-0.2544,0.0575
-0.2528,0.0572
-0.2513,0.0569
-0.2497,0.0566
-0.2482,0.0563
-0.2467,0.0560
-0.2453,0.0557
-0.2438,0.0555
-0.2424,0.0552
-0.2410,0.0549
-0.2396,0.0546
-0.2383,0.0544
-0.2369,0.0541
-0.2356,0.0539
-0.2343,0.0536
-0.2331,0.0534
-0.2318,0.0531
-0.2306,0.0529
-0.2294,0.0526
-0.2282,0.0524
-0.2270,0.0522
-0.2258,0.0519
-0.2247,0.0517
-0.2236,0.0515
-0.2224,0.0513
-0.2213,0.0510
-0.2203,0.0508
-0.2192,0.0506
-0.2182,0.0504
-0.2171,0.0502
-0.2161,0.0500
-0.2151,0.0498
-0.2141,0.0496
-0.2131,0.0494
-0.2121,0.0492
-0.2112,0.0490
-0.2102,0.0489
-0.2093,0.0487
-0.2084,0.0485
-0.2075,0.0483
-0.2066,0.0481
-0.2057,0.0479
-0.2048,0.0478
-0.2039,0.0476
-0.2031,0.0474
-0.2022,0.0473
-0.2014,0.0471
-0.2006,0.0469
-0.1998,0.0468
-0.1990,0.0466
-0.1982,0.0465
-0.1974,0.0463
-0.1966,0.0462
-0.1958,0.0460
-0.1951,0.0459
-0.1943,0.0457
-0.1936,0.0456
-0.1928,0.0454
-0.1921,0.0453
-0.1914,0.0452
-0.1907,0.0450
-0.1899,0.0449
-0.1892,0.0448
-0.1886,0.0446
-0.1879,0.0445
-0.1872,0.0444
-0.1865,0.0443
-0.1858,0.0441
-0.1852,0.0440
-0.1845,0.0439
-0.1839,0.0438
-0.1832,0.0437
-0.1826,0.0435
-0.1820,0.0434
-0.1814,0.0433
-0.1807,0.0432
-0.1801,0.0431
-0.1795,0.0429
-0.1789,0.0428
-0.1783,0.0427
-0.1777,0.0426
-0.1771,0.0425
-0.1766,0.0424
-0.1760,0.0423
-0.1754,0.0421
-0.1749,0.0420
-0.1743,0.0419
-0.1738,0.0418
-0.1732,0.0417
-0.1727,0.0416
-0.1721,0.0415
-0.1716,0.0414
-0.1711,0.0413
-0.1705,0.0411
-0.1700,0.0410
-0.1695,0.0409
-0.1690,0.0408
-0.1685,0.0407
-0.1680,0.0406
-0.1675,0.0405
-0.1670,0.0404
-0.1665,0.0403
-0.1660,0.0402
-0.1655,0.0401
-0.1651,0.0400
-0.1646,0.0399
-0.1641,0.0398
-0.1636,0.0397
-0.1632,0.0396
-0.1627,0.0395
-0.1623,0.0394
-0.1618,0.0393
-0.1614,0.0393
-0.1609,0.0392
-0.1605,0.0391
-0.1600,0.0390
-0.1596,0.0389
-0.1592,0.0388
-0.1587,0.0387
-0.1583,0.0386
-0.1579,0.0386
-0.1575,0.0385
-0.1571,0.0384
-0.1567,0.0383
-0.1562,0.0382
-0.1558,0.0381
-0.1554,0.0380
-0.1550,0.0379
-0.1546,0.0379
-0.1542,0.0378
-0.1539,0.0377
-0.1535,0.0376
-0.1531,0.0375
-0.1527,0.0375
-0.1523,0.0374
-0.1519,0.0373
-0.1516,0.0372
-0.1512,0.0371
-0.1508,0.0371
-0.1504,0.0370
-0.1501,0.0369
-0.1497,0.0368
-0.1494,0.0367
-0.1490,0.0367
-0.1486,0.0366
-0.1483,0.0365
-0.1479,0.0364
-0.1476,0.0364
-0.1472,0.0363
-0.1469,0.0362
-0.1466,0.0361
-0.1462,0.0361
-0.1459,0.0360
-0.1455,0.0359
-0.1452,0.0358
-0.1449,0.0358
-0.1446,0.0357
-0.1442,0.0356
-0.1439,0.0356
-0.1436,0.0355
-0.1433,0.0354
-0.1429,0.0353
-0.1426,0.0353
-0.1423,0.0352
-0.1420,0.0351
-0.1417,0.0351
-0.1414,0.0350
-0.1411,0.0349
-0.1408,0.0349
-0.1405,0.0348
-0.1402,0.0347
-0.1399,0.0347
-0.1396,0.0346
-0.1393,0.0345
-0.1390,0.0345
-0.1387,0.0344
-0.1384,0.0344
-0.1381,0.0343
-0.1378,0.0342
-0.1375,0.0342
-0.1372,0.0341
-0.1370,0.0340
-0.1367,0.0340
-0.1364,0.0339
-0.1361,0.0339
-0.1358,0.0338
-0.1356,0.0337
-0.1353,0.0337
-0.1350,0.0336
-0.1348,0.0336
-0.1345,0.0335
-0.1342,0.0334
-0.1340,0.0334
-0.1337,0.0333
-0.1334,0.0333
-0.1332,0.0332
-0.1329,0.0332
-0.1327,0.0331
-0.1324,0.0331
-0.1322,0.0330
-0.1319,0.0329
-0.1317,0.0329
-0.1314,0.0328
-0.1312,0.0328
-0.1309,0.0327
-0.1307,0.0327
-0.1304,0.0326
-0.1302,0.0326
-0.1299,0.0325
-0.1297,0.0325
-0.1295,0.0324
-0.1292,0.0324
-0.1290,0.0323
-0.1288,0.0323
-0.1285,0.0322
-0.1283,0.0322
-0.1281,0.0321
-0.1278,0.0321
-0.1276,0.0320
-0.1274,0.0320
-0.1272,0.0319
-0.1269,0.0319
-0.1267,0.0319
-0.1265,0.0318
-0.1263,0.0318
-0.1260,0.0317
-0.1258,0.0317
-0.1256,0.0316
-0.1254,0.0316
-0.1252,0.0315
-0.1250,0.0315
-0.1248,0.0314
-0.1245,0.0314
-0.1243,0.0314
-0.1241,0.0313
-0.1239,0.0313
-0.1237,0.0312
-0.1235,0.0312
-0.1233,0.0311
-0.1231,0.0311
-0.1229,0.0311
-0.1227,0.0310
-0.1225,0.0310
-0.1223,0.0309
-0.1221,0.0309
-0.1219,0.0309
-0.1217,0.0308
-0.1215,0.0308
-0.1213,0.0307
-0.1211,0.0307
-0.1209,0.0307
-0.1207,0.0306
-0.1205,0.0306
-0.1203,0.0305
-0.1201,0.0305
-0.1199,0.0305
-0.1198,0.0304
-0.1196,0.0304
-0.1194,0.0303
-0.1192,0.0303
-0.1190,0.0303
-0.1188,0.0302
-0.1186,0.0302
-0.1185,0.0301
-0.1183,0.0301
-0.1181,0.0301
-0.1179,0.0300
-0.1177,0.0300
-0.1176,0.0299
-0.1174,0.0299
-0.1172,0.0299
-0.1170,0.0298
-0.1168,0.0298
-0.1167,0.0298
-0.1165,0.0297
-0.1163,0.0297
-0.1162,0.0297
-0.1160,0.0296
-0.1158,0.0296
-0.1156,0.0295
-0.1155,0.0295
-0.1153,0.0295
-0.1151,0.0294
-0.1150,0.0294
-0.1148,0.0294
-0.1146,0.0293
-0.1145,0.0293
-0.1143,0.0292
-0.1141,0.0292
-0.1140,0.0292
-0.1138,0.0291
-0.1136,0.0291
-0.1135,0.0291
-0.1133,0.0290
-0.1131,0.0290
-0.1130,0.0290
-0.1128,0.0289
-0.1127,0.0289
-0.1125,0.0289
-0.1123,0.0288
-0.1122,0.0288
-0.1120,0.0287
-0.1119,0.0287
-0.1117,0.0287
-0.1116,0.0286
-0.1114,0.0286
-0.1113,0.0286
-0.1111,0.0285
-0.1109,0.0285
-0.1108,0.0285
-0.1106,0.0284
-0.1105,0.0284
-0.1103,0.0284
-0.1102,0.0283
-0.1100,0.0283
-0.1099,0.0283
-0.1097,0.0282
-0.1096,0.0282
-0.1094,0.0282
-0.1093,0.0281
-0.1092,0.0281
-0.1090,0.0281
-0.1089,0.0280
-0.1087,0.0280
-0.1086,0.0280
-0.1084,0.0279
-0.1083,0.0279
-0.1081,0.0279
-0.1080,0.0278
-0.1079,0.0278
-0.1077,0.0278
-0.1076,0.0277
-0.1074,0.0277
-0.1073,0.0277
-0.1072,0.0277
-0.1070,0.0276
-0.1069,0.0276
-0.1068,0.0276
-0.1066,0.0275
-0.1065,0.0275
-0.1063,0.0275
-0.1062,0.0274
-0.1061,0.0274
-0.1059,0.0274
-0.1058,0.0273
-0.1057,0.0273
-0.1055,0.0273
-0.1054,0.0273
-0.1053,0.0272
-0.1051,0.0272
-0.1050,0.0272
-0.1049,0.0271
-0.1048,0.0271
-0.1046,0.0271
-0.1045,0.0270
-0.1044,0.0270
-0.1042,0.0270
-0.1041,0.0270
-0.1040,0.0269
-0.1039,0.0269
-0.1037,0.0269
-0.1036,0.0268
-0.1035,0.0268
-0.1034,0.0268
-0.1032,0.0268
-0.1031,0.0267
-0.1030,0.0267
-0.1029,0.0267
-0.1027,0.0266
-0.1026,0.0266
-0.1025,0.0266
-0.1024,0.0266
-0.1023,0.0265
-0.1021,0.0265
-0.1020,0.0265
-0.1019,0.0265
-0.1018,0.0264
-0.1017,0.0264
-0.1015,0.0264
-0.1014,0.0263
-0.1013,0.0263
-0.1012,0.0263
-0.1011,0.0263
-0.1009,0.0262
-0.1008,0.0262
-0.1007,0.0262
-0.1006,0.0262
-0.1005,0.0261
-0.1004,0.0261
-0.1003,0.0261
-0.1001,0.0260
-0.1000,0.0260
-0.0999,0.0260
-0.0998,0.0260
-0.0997,0.0259
-0.0996,0.0259
-0.0995,0.0259
-0.0994,0.0259
-0.0992,0.0258
-0.0991,0.0258
-0.0990,0.0258
-0.0989,0.0258
-0.0988,0.0257
-0.0987,0.0257
-0.0986,0.0257
-0.0985,0.0257
-0.0984,0.0256
-0.0983,0.0256
-0.0981,0.0256
-0.0980,0.0256
-0.0979,0.0255
-0.0978,0.0255
-0.0977,0.0255
-0.0976,0.0255
-0.0975,0.0254
-0.0974,0.0254
-0.0973,0.0254
-0.0972,0.0254
-0.0971,0.0253
-0.0970,0.0253
-0.0969,0.0253
-0.0968,0.0253
-0.0967,0.0252
-0.0966,0.0252
-0.0965,0.0252
-0.0964,0.0252
-0.0963,0.0251
-0.0962,0.0251
-0.0961,0.0251
-0.0960,0.0251
-0.0959,0.0251
-0.0958,0.0250
-0.0957,0.0250
-0.0956,0.0250
-0.0955,0.0250
-0.0954,0.0249
-0.0953,0.0249
-0.0952,0.0249
-0.0951,0.0249
-0.0950,0.0248
-0.0949,0.0248
-0.0948,0.0248
-0.0947,0.0248
-0.0946,0.0248
-0.0945,0.0247
-0.0944,0.0247
-0.0943,0.0247
-0.0942,0.0247
-0.0941,0.0246
-0.0940,0.0246
-0.0939,0.0246
-0.0938,0.0246
-0.0937,0.0246
-0.0936,0.0245
-0.0935,0.0245
-0.0934,0.0245
-0.0933,0.0245
-0.0932,0.0244
-0.0931,0.0244
-0.0930,0.0244
-0.0930,0.0244
-0.0929,0.0244
-0.0928,0.0243
-0.0927,0.0243
-0.0926,0.0243
-0.0925,0.0243
-0.0924,0.0243
-0.0923,0.0242
-0.0922,0.0242
-0.0921,0.0242
-0.0920,0.0242
-0.0920,0.0241
-0.0919,0.0241
-0.0918,0.0241
-0.0917,0.0241
-0.0916,0.0241
-0.0915,0.0240
-0.0914,0.0240
-0.0913,0.0240
-0.0912,0.0240
-0.0912,0.0240
-0.0911,0.0239
-0.0910,0.0239
-0.0909,0.0239
-0.0908,0.0239
-0.0907,0.0238
-0.0906,0.0238
-0.0906,0.0238
-0.0905,0.0238
-0.0904,0.0238
-0.0903,0.0237
-0.0902,0.0237
-0.0901,0.0237
-0.0900,0.0237
-0.0900,0.0237
-0.0899,0.0236
-0.0898,0.0236
-0.0897,0.0236
-0.0896,0.0236
-0.0895,0.0236
-0.0895,0.0235
-0.0894,0.0235
-0.0893,0.0235
-0.0892,0.0235
-0.0891,0.0235
-0.0890,0.0234
-0.0890,0.0234
-0.0889,0.0234
-0.0888,0.0234
-0.0887,0.0234
-0.0886,0.0233
-0.0886,0.0233
-0.0885,0.0233
-0.0884,0.0233
-0.0883,0.0233
-0.0882,0.0232
-0.0882,0.0232
-0.0881,0.0232
-0.0880,0.0232
-0.0879,0.0232
-0.0878,0.0231
-0.0878,0.0231
-0.0877,0.0231
-0.0876,0.0231
-0.0875,0.0231
-0.0874,0.0230
-0.0874,0.0230
-0.0873,0.0230
-0.0872,0.0230
-0.0871,0.0230
-0.0871,0.0230
-0.0870,0.0229
-0.0869,0.0229
-0.0868,0.0229
-0.0868,0.0229
-0.0867,0.0229
-0.0866,0.0228
-0.0865,0.0228
-0.0865,0.0228
-0.0864,0.0228
-0.0863,0.0228
-0.0862,0.0228
-0.0862,0.0227
-0.0861,0.0227
-0.0860,0.0227
-0.0859,0.0227
-0.0859,0.0227
-0.0858,0.0226
-0.0857,0.0226
-0.0856,0.0226
-0.0856,0.0226
-0.0855,0.0226
-0.0854,0.0226
-0.0853,0.0225
-0.0853,0.0225
-0.0852,0.0225
-0.0851,0.0225
-0.0851,0.0225
-0.0850,0.0224
-0.0849,0.0224
-0.0848,0.0224
-0.0848,0.0224
-0.0847,0.0224
-0.0846,0.0224
-0.0846,0.0223
-0.0845,0.0223
-0.0844,0.0223
-0.0843,0.0223
-0.0843,0.0223
-0.0842,0.0223
-0.0841,0.0222
-0.0841,0.0222
-0.0840,0.0222
-0.0839,0.0222
-0.0839,0.0222
-0.0838,0.0222
-0.0837,0.0221
-0.0836,0.0221
-0.0836,0.0221
-0.0835,0.0221
-0.0834,0.0221
-0.0834,0.0221
-0.0833,0.0220
-0.0832,0.0220
-0.0832,0.0220
-0.0831,0.0220
-0.0830,0.0220
-0.0830,0.0219
-0.0829,0.0219
-0.0828,0.0219
-0.0828,0.0219
-0.0827,0.0219
-0.0826,0.0219
-0.0826,0.0218
-0.0825,0.0218
-0.0824,0.0218
-0.0824,0.0218
-0.0823,0.0218
-0.0822,0.0218
-0.0822,0.0217
-0.0821,0.0217
-0.0820,0.0217
-0.0820,0.0217
-0.0819,0.0217
-0.0818,0.0217
-0.0818,0.0216
-0.0817,0.0216
-0.0816,0.0216
-0.0816,0.0216
-0.0815,0.0216
-0.0815,0.0216
-0.0814,0.0215
-0.0813,0.0215
-0.0813,0.0215
-0.0812,0.0215
-0.0811,0.0215
-0.0811,0.0214
-0.0810,0.0214
-0.0809,0.0214
-0.0809,0.0214
-0.0808,0.0214
-0.0808,0.0214
-0.0807,0.0214
-0.0806,0.0213
-0.0806,0.0213
-0.0805,0.0213
-0.0804,0.0213
-0.0804,0.0213
-0.0803,0.0213
-0.0803,0.0212
-0.0802,0.0212
-0.0801,0.0212
-0.0801,0.0212
-0.0800,0.0212
-0.0800,0.0212
-0.0799,0.0211
-0.0798,0.0211
-0.0798,0.0211
-0.0797,0.0211
-0.0797,0.0211
-0.0796,0.0211
-0.0795,0.0211
-0.0795,0.0210
-0.0794,0.0210
-0.0794,0.0210
-0.0793,0.0210
-0.0792,0.0210
-0.0792,0.0210
-0.0791,0.0209
-0.0791,0.0209
-0.0790,0.0209
-0.0789,0.0209
-0.0789,0.0209
-0.0788,0.0209
-0.0788,0.0209
-0.0787,0.0208
-0.0787,0.0208
-0.0786,0.0208
-0.0785,0.0208
-0.0785,0.0208
-0.0784,0.0208
-0.0784,0.0208
-0.0783,0.0207
-0.0783,0.0207
-0.0782,0.0207
-0.0781,0.0207
-0.0781,0.0207
-0.0780,0.0207
-0.0780,0.0207
-0.0779,0.0206
-0.0779,0.0206
-0.0778,0.0206
-0.0777,0.0206
-0.0777,0.0206
-0.0776,0.0206
-0.0776,0.0206
-0.0775,0.0205
-0.0775,0.0205
-0.0774,0.0205
-0.0774,0.0205
-0.0773,0.0205
-0.0772,0.0205
-0.0772,0.0205
-0.0771,0.0205
-0.0771,0.0204
-0.0770,0.0204
-0.0770,0.0204
-0.0769,0.0204
-0.0769,0.0204
-0.0768,0.0204
-0.0768,0.0204
-0.0767,0.0203
-0.0767,0.0203
-0.0766,0.0203
-0.0765,0.0203
-0.0765,0.0203
-0.0764,0.0203
-0.0764,0.0203
-0.0763,0.0203
-0.0763,0.0202
-0.0762,0.0202
-0.0762,0.0202
-0.0761,0.0202
-0.0761,0.0202
-0.0760,0.0202
-0.0760,0.0202
-0.0759,0.0202
-0.0759,0.0201
-0.0758,0.0201
-0.0758,0.0201
-0.0757,0.0201
-0.0757,0.0201
-0.0756,0.0201
-0.0756,0.0201
-0.0755,0.0201
-0.0754,0.0200
-0.0754,0.0200
-0.0753,0.0200
-0.0753,0.0200
-0.0752,0.0200
-0.0752,0.0200
-0.0751,0.0200
-0.0751,0.0200
-0.0750,0.0199
-0.0750,0.0199
-0.0749,0.0199
-0.0749,0.0199
-0.0748,0.0199
-0.0748,0.0199
-0.0747,0.0199
-0.0747,0.0199
-0.0746,0.0198
-0.0746,0.0198
-0.0745,0.0198
-0.0745,0.0198
-0.0744,0.0198
-0.0744,0.0198
-0.0743,0.0198
-0.0743,0.0198
-0.0742,0.0197
-0.0742,0.0197
-0.0741,0.0197
-0.0741,0.0197
-0.0740,0.0197
-0.0740,0.0197
-0.0740,0.0197
-0.0739,0.0197
-0.0739,0.0196
-0.0738,0.0196
-0.0738,0.0196
-0.0737,0.0196
-0.0737,0.0196
-0.0736,0.0196
-0.0736,0.0196
-0.0735,0.0196
-0.0735,0.0195
-0.0734,0.0195
-0.0734,0.0195
-0.0733,0.0195
-0.0733,0.0195
-0.0732,0.0195
-0.0732,0.0195
-0.0731,0.0195
-0.0731,0.0194
-0.0730,0.0194
-0.0730,0.0194
-0.0729,0.0194
-0.0729,0.0194
-0.0728,0.0194
-0.0728,0.0194
-0.0728,0.0194
-0.0727,0.0193
-0.0727,0.0193
-0.0726,0.0193
-0.0726,0.0193
-0.0725,0.0193
-0.0725,0.0193
-0.0724,0.0193
-0.0724,0.0193
-0.0723,0.0192
-0.0723,0.0192
-0.0722,0.0192
-0.0722,0.0192
-0.0722,0.0192
-0.0721,0.0192
-0.0721,0.0192
-0.0720,0.0192
-0.0720,0.0191
-0.0719,0.0191
-0.0719,0.0191
-0.0718,0.0191
-0.0718,0.0191
-0.0717,0.0191
-0.0717,0.0191
-0.0717,0.0191
-0.0716,0.0191
-0.0716,0.0190
-0.0715,0.0190
-0.0715,0.0190
-0.0714,0.0190
-0.0714,0.0190
-0.0713,0.0190
-0.0713,0.0190
-0.0713,0.0190
-0.0712,0.0189
-0.0712,0.0189
-0.0711,0.0189
-0.0711,0.0189
-0.0710,0.0189
-0.0710,0.0189
-0.0710,0.0189
-0.0709,0.0189
-0.0709,0.0189
-0.0708,0.0188
-0.0708,0.0188
-0.0707,0.0188
-0.0707,0.0188
-0.0706,0.0188
-0.0706,0.0188
-0.0706,0.0188
-0.0705,0.0188
-0.0705,0.0188
-0.0704,0.0187
-0.0704,0.0187
-0.0703,0.0187
-0.0703,0.0187
-0.0703,0.0187
-0.0702,0.0187
-0.0702,0.0187
-0.0701,0.0187
-0.0701,0.0187
-0.0701,0.0186
-0.0700,0.0186
-0.0700,0.0186
-0.0699,0.0186
-0.0699,0.0186
-0.0698,0.0186
-0.0698,0.0186
-0.0698,0.0186
-0.0697,0.0186
-0.0697,0.0185
-0.0696,0.0185
-0.0696,0.0185
-0.0696,0.0185
-0.0695,0.0185
-0.0695,0.0185
-0.0694,0.0185
-0.0694,0.0185
-0.0693,0.0185
-0.0693,0.0184
-0.0693,0.0184
-0.0692,0.0184
-0.0692,0.0184
-0.0691,0.0184
-0.0691,0.0184
-0.0691,0.0184
-0.0690,0.0184
-0.0690,0.0184
-0.0689,0.0184
-0.0689,0.0183
-0.0689,0.0183
-0.0688,0.0183
-0.0688,0.0183
-0.0687,0.0183
-0.0687,0.0183
-0.0687,0.0183
-0.0686,0.0183
-0.0686,0.0183
-0.0685,0.0182
-0.0685,0.0182
-0.0685,0.0182
-0.0684,0.0182
-0.0684,0.0182
-0.0683,0.0182
-0.0683,0.0182
-0.0683,0.0182
-0.0682,0.0182
-0.0682,0.0182
-0.0681,0.0181
-0.0681,0.0181
-0.0681,0.0181
-0.0680,0.0181
-0.0680,0.0181
-0.0679,0.0181
-0.0679,0.0181
-0.0679,0.0181
-0.0678,0.0181
-0.0678,0.0181
-0.0677,0.0180
-0.0677,0.0180
-0.0677,0.0180
-0.0676,0.0180
-0.0676,0.0180
-0.0676,0.0180
-0.0675,0.0180
-0.0675,0.0180
-0.0674,0.0180
-0.0674,0.0179
-0.0674,0.0179
-0.0673,0.0179
-0.0673,0.0179
-0.0672,0.0179
-0.0672,0.0179
-0.0672,0.0179
-0.0671,0.0179
-0.0671,0.0179
-0.0671,0.0179
-0.0670,0.0178
-0.0670,0.0178
-0.0669,0.0178
-0.0669,0.0178
-0.0669,0.0178
-0.0668,0.0178
-0.0668,0.0178
-0.0668,0.0178
-0.0667,0.0178
-0.1037
0.0387
0.0682
0.1400
0.1426
0.1655
0.1665
0.1944
0.2417
0.2445
0.2470
0.2552
0.2641
0.2844
0.3013
0.3041
0.3046
0.3143
0.3146
0.3166
0.3311
0.3483
0.3507
0.3570
0.3631
0.3951
0.4053
0.4118
0.4123
0.4227
0.4237
0.4286
0.4370
0.4396
0.4508
0.4529
0.4610
0.4640
0.4652
0.4660
0.4685
0.4703
0.4736
0.4749
0.4786
0.4811
0.4847
0.4945
0.4982
0.5081
0.5089
0.5098
0.5117
0.5148
0.5283
0.5284
0.5368
0.5384
0.5406
0.5580
0.5596
0.5639
0.5686
0.5825
0.6078
0.6089
0.6131
0.6155
0.6416
0.6464
0.6466
0.6471
0.6488
0.6488
0.6520
0.6583
0.6599
0.6612
0.6625
0.6631
0.6702
0.6826
0.6871
0.6872
0.6907
0.6920
0.6926
0.7033
0.7079
0.7095
0.7148
0.7195
0.7231
0.7251
0.7256
0.7259
0.7308
0.7315
0.7348
0.7382
0.7385
0.7410
0.7413
0.7466
0.7480
0.7496
0.7503
0.7531
0.7544
0.7551
0.7554
0.7560
0.7561
0.7593
0.7595
0.7608
0.7685
0.7697
0.7754
0.7784
0.7801
0.7802
0.7808
0.7887
0.7893
0.7898
0.7909
0.7969
0.7998
0.8025
0.8079
0.8081
0.8182
0.8187
0.8197
0.8206
0.8211
0.8216
0.8218
0.8221
0.8264
0.8270
0.8319
0.8322
0.8396
0.8474
0.8504
0.8505
0.8506
0.8540
0.8568
0.8574
0.8628
0.8673
0.8673
0.8674
0.8695
0.8705
0.8718
0.8834
0.8846
0.8937
0.8971
0.8985
0.9012
0.9043
0.9077
0.9107
0.9107
0.9132
0.9140
0.9162
0.9175
0.9178
0.9188
0.9222
0.9234
0.9257
0.9283
0.9287
0.9288
0.9294
0.9295
0.9308
0.9317
0.9322
0.9338
0.9339
0.9368
0.9384
0.9392
0.9395
0.9406
0.9434
0.9442
0.9453
0.9459
0.9461
0.9464
0.9483
0.9488
0.9532
0.9615
0.9668
0.9674
0.9686
0.9694
0.9730
0.9768
0.9777
0.9785
0.9850
0.9891
0.9920
0.9978
0.9982
0.9994
1.0008
1.0066
1.0072
1.0120
1.0121
1.0132
1.0132
1.0183
1.0185
1.0223
1.0255
1.0258
1.0292
1.0314
1.0316
1.0326
1.0380
1.0383
1.0409
1.0464
1.0487
1.0501
1.0514
1.0532
1.0559
1.0560
1.0585
1.0595
1.0615
1.0653
1.0673
1.0708
1.0714
1.0714
1.0733
1.0734
1.0734
1.0743
1.0756
1.0778
1.0788
1.0797
1.0835
1.0840
1.0858
1.0859
1.0890
1.0893
1.0913
1.0922
1.0941
1.0979
1.0981
1.1056
1.1065
1.1065
1.1067
1.1072
1.1084
1.1099
1.1125
1.1150
1.1174
1.1187
1.1207
1.1218
1.1224
1.1248
1.1265
1.1308
1.1346
1.1359
1.1383
1.1420
1.1437
1.1448
1.1461
1.1486
1.1498
1.1504
1.1505
1.1560
1.1561
1.1577
1.1600
1.1620
1.1625
1.1627
1.1641
1.1655
1.1692
1.1721
1.1728
1.1737
1.1741
1.1752
1.1804
1.1805
1.1809
1.1814
1.1831
1.1832
1.1868
1.1874
1.1887
1.1907
1.1908
1.1913
1.1943
1.1949
1.1957
1.1967
1.1969
1.1977
1.2007
1.2018
1.2023
1.2066
1.2068
1.2091
1.2094
1.2098
1.2107
1.2122
1.2127
1.2143
1.2169
1.2169
1.2192
1.2207
1.2212
1.2214
1.2228
1.2230
1.2236
1.2262
1.2269
1.2271
1.2273
1.2278
1.2292
1.2300
1.2313
1.2396
1.2400
1.2405
1.2418
1.2419
1.2461
1.2492
1.2516
1.2537
1.2540
1.2552
1.2583
1.2585
1.2586
1.2599
1.2600
1.2612
1.2647
1.2655
1.2664
1.2669
1.2693
1.2701
1.2709
1.2752
1.2767
1.2806
1.2808
1.2822
1.2826
1.2883
1.2909
1.2933
1.2938
1.2944
1.2952
1.2962
1.2974
1.2983
1.3013
1.3027
1.3042
1.3063
1.3069
1.3080
1.3132
1.3149
1.3154
1.3177
1.3178
1.3179
1.3189
1.3190
1.3224
1.3235
1.3238
1.3241
1.3249
1.3250
1.3255
1.3293
1.3319
1.3332
1.3339
1.3350
1.3352
1.3360
1.3392
1.3436
1.3461
1.3467
1.3472
1.3481
1.3512
1.3532
1.3558
1.3562
1.3569
1.3574
1.3578
1.3586
1.3590
1.3593
1.3603
1.3620
1.3634
1.3637
1.3644
1.3648
1.3661
1.3665
1.3669
1.3674
1.3675
1.3707
1.3707
1.3715
1.3759
1.3776
1.3851
1.3859
1.3867
1.3873
1.3901
1.3920
1.3950
1.3989
1.3990
1.4015
1.4019
1.4036
1.4041
1.4134
1.4136
1.4139
1.4139
1.4150
1.4213
1.4252
1.4261
1.4265
1.4277
1.4278
1.4286
1.4314
1.4318
1.4319
1.4435
1.4439
1.4449
1.4450
1.4461
1.4462
1.4482
1.4508
1.4514
1.4514
1.4542
1.4543
1.4554
1.4558
1.4568
1.4587
1.4592
1.4618
1.4630
1.4630
1.4685
1.4689
1.4696
1.4733
1.4749
1.4771
1.4789
1.4800
1.4815
1.4857
1.4859
1.4866
1.4880
1.4888
1.4895
1.4913
1.4914
1.4941
1.4945
1.4967
1.4997
1.4999
1.5056
1.5059
1.5063
1.5064
1.5078
1.5086
1.5120
1.5129
1.5162
1.5179
1.5180
1.5186
1.5192
1.5198
1.5235
1.5249
1.5274
1.5291
1.5315
1.5345
1.5354
1.5354
1.5382
1.5418
1.5456
1.5464
1.5477
1.5507
1.5510
1.5535
1.5555
1.5567
1.5577
1.5589
1.5618
1.5625
1.5628
1.5658
1.5660
1.5662
1.5670
1.5677
1.5686
1.5695
1.5698
1.5757
1.5762
1.5772
1.5806
1.5855
1.5855
1.5858
1.5867
1.5868
1.5880
1.5889
1.5934
1.5960
1.5976
1.5997
1.6014
1.6077
1.6113
1.6119
1.6124
1.6157
1.6178
1.6200
1.6230
1.6243
1.6247
1.6264
1.6288
1.6289
1.6318
1.6377
1.6394
1.6410
1.6421
1.6466
1.6478
1.6526
1.6535
1.6598
1.6623
1.6624
1.6661
1.6702
1.6702
1.6710
1.6718
1.6739
1.6750
1.6755
1.6761
1.6768
1.6779
1.6852
1.6916
1.6928
1.6963
1.6998
1.7046
1.7060
1.7072
1.7073
1.7099
1.7148
1.7171
1.7173
1.7217
1.7291
1.7292
1.7318
1.7360
1.7389
1.7393
1.7426
1.7443
1.7465
1.7470
1.7496
1.7497
1.7499
1.7500
1.7529
1.7532
1.7540
1.7548
1.7595
1.7595
1.7602
1.7605
1.7659
1.7719
1.7735
1.7738
1.7739
1.7761
1.7769
1.7812
1.7839
1.7847
1.7869
1.7873
1.7876
1.7878
1.7881
1.7883
1.7910
1.7946
1.8013
1.8026
1.8061
1.8088
1.8092
1.8103
1.8115
1.8137
1.8169
1.8186
1.8193
1.8193
1.8203
1.8206
1.8218
1.8227
1.8238
1.8307
1.8310
1.8335
1.8352
1.8362
1.8364
1.8370
1.8384
1.8402
1.8410
1.8420
1.8424
1.8443
1.8462
1.8464
1.8473
1.8504
1.8581
1.8605
1.8605
1.8610
1.8627
1.8647
1.8660
1.8680
1.8687
1.8714
1.8725
1.8728
1.8755
1.8778
1.8792
1.8803
1.8807
1.8824
1.8832
1.8847
1.8865
1.8883
1.8903
1.9030
1.9042
1.9055
1.9056
1.9059
1.9154
1.9167
1.9174
1.9174
1.9179
1.9191
1.9198
1.9225
1.9227
1.9264
1.9266
1.9324
1.9327
1.9349
1.9375
1.9384
1.9390
1.9450
1.9518
1.9544
1.9567
1.9577
1.9599
1.9619
1.9652
1.9719
1.9748
1.9761
1.9802
1.9803
1.9832
1.9899
1.9908
1.9949
1.9960
1.9971
1.9987
1.9993
2.0024
2.0055
2.0083
2.0092
2.0157
2.0172
2.0179
2.0275
2.0289
2.0293
2.0309
2.0311
2.0313
2.0334
2.0444
2.0520
2.0548
2.0582
2.0603
2.0609
2.0622
2.0638
2.0647
2.0662
2.0668
2.0713
2.0766
2.0828
2.0830
2.0930
2.0949
2.0963
2.0987
2.1003
2.1032
2.1034
2.1097
2.1195
2.1199
2.1222
2.1224
2.1264
2.1288
2.1292
2.1296
2.1327
2.1371
2.1384
2.1386
2.1393
2.1414
2.1462
2.1487
2.1496
2.1555
2.1638
2.1646
2.1716
2.1761
2.1922
2.1984
2.1997
2.2061
2.2105
2.2137
2.2154
2.2161
2.2183
2.2183
2.2217
2.2259
2.2289
2.2309
2.2311
2.2321
2.2393
2.2471
2.2481
2.2540
2.2595
2.2604
2.2604
2.2722
2.2743
2.2749
2.2753
2.2754
2.2762
2.2872
2.2893
2.2941
2.2942
2.2963
2.2985
2.2995
2.2995
2.3148
2.3151
2.3161
2.3195
2.3208
2.3212
2.3213
2.3246
2.3358
2.3450
2.3512
2.3518
2.3607
2.3613
2.3684
2.3722
2.3904
2.3948
2.3984
2.4160
2.4237
2.4257
2.4283
2.4294
2.4299
2.4336
2.4484
2.4520
2.4599
2.4659
2.4748
2.4785
2.4845
2.4890
2.4902
2.4951
2.5012
2.5023
2.5052
2.5060
2.5068
2.5082
2.5254
2.5283
2.5412
2.5466
2.5527
2.5603
2.5688
2.5778
2.5782
2.5799
2.6012
2.6120
2.6162
2.6203
2.6272
2.6304
2.6455
2.6471
2.6500
2.6550
2.6557
2.6695
2.6835
2.6847
2.6943
2.6999
2.7209
2.7228
2.7316
2.7387
2.7463
2.7570
2.7614
2.7673
2.7682
2.7757
2.7908
2.7916
2.8115
2.8131
2.8301
2.8593
2.8652
2.8818
2.8893
2.9047
2.9127
2.9229
2.9508
2.9614
3.0031
3.0511
3.0823
3.0837
3.0898
3.1506
3.1569
3.1617
3.1751
3.2229
3.2235
3.2418
3.2844
3.3077
3.3214
3.3396
3.3532
3.3735
3.3825
3.3852
3.4000
3.4262
3.4523
3.4524
3.5038
3.5603
3.6267
3.6508
3.7856
3.8525
3.9070
3.9814
