1000
1000
-1.6528,0.1969
-1.5598,0.1919
-1.3442,0.1483
-1.1968,0.1417
-1.0864,0.1381
-1.0011,0.1358
-0.9320,0.1322
-0.8747,0.1287
-0.8270,0.1265
-0.7860,0.1237
-0.7500,0.1206
-0.7186,0.1184
-0.6907,0.1159
-0.6657,0.1134
-0.6430,0.1109
-0.6226,0.1088
-0.6042,0.1071
-0.5872,0.1056
-0.5715,0.1041
-0.5569,0.1028
-0.5434,0.1015
-0.5306,0.1000
-0.5188,0.0986
-0.5076,0.0972
-0.4971,0.0959
-0.4872,0.0947
-0.4779,0.0936
-0.4690,0.0925
-0.4607,0.0914
-0.4527,0.0903
-0.4451,0.0893
-0.4379,0.0882
-0.4310,0.0872
-0.4245,0.0863
-0.4182,0.0854
-0.4122,0.0845
-0.4065,0.0837
-0.4010,0.0830
-0.3956,0.0822
-0.3906,0.0815
-0.3857,0.0808
-0.3809,0.0801
-0.3763,0.0794
-0.3719,0.0787
-0.3676,0.0781
-0.3634,0.0774
-0.3593,0.0767
-0.3554,0.0760
-0.3516,0.0753
-0.3479,0.0747
-0.3443,0.0741
-0.3409,0.0735
-0.3375,0.0729
-0.3342,0.0723
-0.3310,0.0718
-0.3279,0.0713
-0.3249,0.0708
-0.3220,0.0703
-0.3191,0.0698
-0.3163,0.0694
-0.3136,0.0689
-0.3110,0.0685
-0.3084,0.0680
-0.3058,0.0676
-0.3034,0.0672
-0.3009,0.0668
-0.2986,0.0663
-0.2962,0.0659
-0.2939,0.0655
-0.2917,0.0651
-0.2895,0.0647
-0.2874,0.0643
-0.2853,0.0639
-0.2833,0.0636
-0.2813,0.0632
-0.2793,0.0629
-0.2774,0.0625
-0.2755,0.0621
-0.2737,0.0618
-0.2718,0.0614
-0.2700,0.0610
-0.2683,0.0607
-0.2665,0.0603
-0.2648,0.0599
-0.2631,0.0596
-0.2615,0.0593
-0.2599,0.0589
-0.2583,0.0586
-0.2568,0.0583
-0.2552,0.0580
-0.2537,0.0577
-0.2522,0.0574
-0.2508,0.0571
-0.2494,0.0568
-0.2480,0.0566
-0.2466,0.0563
-0.2452,0.0560
-0.2439,0.0558
-0.2426,0.0555
-0.2413,0.0553
-0.2400,0.0551
-0.2388,0.0548
-0.2375,0.0546
-0.2363,0.0543
-0.2351,0.0541
-0.2339,0.0539
-0.2328,0.0537
-0.2316,0.0534
-0.2305,0.0532
-0.2293,0.0530
-0.2282,0.0528
-0.2271,0.0526
-0.2260,0.0523
-0.2250,0.0521
-0.2239,0.0519
-0.2229,0.0517
-0.2218,0.0515
-0.2208,0.0513
-0.2198,0.0511
-0.2188,0.0509
-0.2178,0.0507
-0.2169,0.0505
-0.2159,0.0503
-0.2149,0.0501
-0.2140,0.0499
-0.2131,0.0497
-0.2122,0.0495
-0.2113,0.0494
-0.2104,0.0492
-0.2095,0.0490
-0.2086,0.0488
-0.2078,0.0486
-0.2069,0.0485
-0.2061,0.0483
-0.2053,0.0481
-0.2044,0.0480
-0.2036,0.0478
-0.2028,0.0476
-0.2020,0.0475
-0.2012,0.0473
-0.2005,0.0471
-0.1997,0.0470
-0.1989,0.0468
-0.1982,0.0466
-0.1974,0.0465
-0.1967,0.0463
-0.1959,0.0461
-0.1952,0.0460
-0.1945,0.0458
-0.1938,0.0457
-0.1931,0.0455
-0.1924,0.0454
-0.1917,0.0452
-0.1910,0.0451
-0.1903,0.0449
-0.1896,0.0448
-0.1890,0.0446
-0.1883,0.0445
-0.1877,0.0443
-0.1870,0.0442
-0.1864,0.0441
-0.1858,0.0439
-0.1851,0.0438
-0.1845,0.0437
-0.1839,0.0435
-0.1833,0.0434
-0.1827,0.0433
-0.1821,0.0431
-0.1815,0.0430
-0.1809,0.0429
-0.1803,0.0428
-0.1797,0.0426
-0.1792,0.0425
-0.1786,0.0424
-0.1780,0.0423
-0.1775,0.0422
-0.1769,0.0420
-0.1764,0.0419
-0.1758,0.0418
-0.1753,0.0417
-0.1748,0.0416
-0.1742,0.0415
-0.1737,0.0414
-0.1732,0.0412
-0.1727,0.0411
-0.1722,0.0410
-0.1717,0.0409
-0.1712,0.0408
-0.1707,0.0407
-0.1702,0.0406
-0.1697,0.0405
-0.1692,0.0404
-0.1687,0.0403
-0.1682,0.0402
-0.1678,0.0401
-0.1673,0.0400
-0.1668,0.0399
-0.1664,0.0398
-0.1659,0.0397
-0.1655,0.0396
-0.1650,0.0395
-0.1646,0.0394
-0.1641,0.0393
-0.1637,0.0392
-0.1632,0.0391
-0.1628,0.0390
-0.1624,0.0389
-0.1619,0.0388
-0.1615,0.0388
-0.1611,0.0387
-0.1607,0.0386
-0.1603,0.0385
-0.1599,0.0384
-0.1594,0.0383
-0.1590,0.0382
-0.1586,0.0381
-0.1582,0.0381
-0.1578,0.0380
-0.1574,0.0379
-0.1570,0.0378
-0.1567,0.0377
-0.1563,0.0376
-0.1559,0.0375
-0.1555,0.0375
-0.1551,0.0374
-0.1547,0.0373
-0.1544,0.0372
-0.1540,0.0371
-0.1536,0.0371
-0.1533,0.0370
-0.1529,0.0369
-0.1525,0.0368
-0.1522,0.0367
-0.1518,0.0367
-0.1515,0.0366
-0.1511,0.0365
-0.1508,0.0364
-0.1504,0.0364
-0.1501,0.0363
-0.1497,0.0362
-0.1494,0.0361
-0.1490,0.0361
-0.1487,0.0360
-0.1484,0.0359
-0.1480,0.0358
-0.1477,0.0358
-0.1474,0.0357
-0.1470,0.0356
-0.1467,0.0355
-0.1464,0.0355
-0.1461,0.0354
-0.1458,0.0353
-0.1454,0.0353
-0.1451,0.0352
-0.1448,0.0351
-0.1445,0.0351
-0.1442,0.0350
-0.1439,0.0349
-0.1436,0.0349
-0.1433,0.0348
-0.1430,0.0347
-0.1427,0.0347
-0.1424,0.0346
-0.1421,0.0346
-0.1418,0.0345
-0.1415,0.0344
-0.1412,0.0344
-0.1409,0.0343
-0.1406,0.0343
-0.1404,0.0342
-0.1401,0.0341
-0.1398,0.0341
-0.1395,0.0340
-0.1392,0.0340
-0.1390,0.0339
-0.1387,0.0338
-0.1384,0.0338
-0.1381,0.0337
-0.1379,0.0337
-0.1376,0.0336
-0.1373,0.0336
-0.1371,0.0335
-0.1368,0.0334
-0.1365,0.0334
-0.1363,0.0333
-0.1360,0.0333
-0.1358,0.0332
-0.1355,0.0332
-0.1352,0.0331
-0.1350,0.0331
-0.1347,0.0330
-0.1345,0.0330
-0.1342,0.0329
-0.1340,0.0329
-0.1337,0.0328
-0.1335,0.0327
-0.1332,0.0327
-0.1330,0.0326
-0.1327,0.0326
-0.1325,0.0325
-0.1323,0.0325
-0.1320,0.0324
-0.1318,0.0324
-0.1315,0.0323
-0.1313,0.0323
-0.1311,0.0322
-0.1308,0.0322
-0.1306,0.0321
-0.1304,0.0321
-0.1301,0.0320
-0.1299,0.0320
-0.1297,0.0319
-0.1295,0.0319
-0.1292,0.0318
-0.1290,0.0318
-0.1288,0.0317
-0.1286,0.0317
-0.1283,0.0316
-0.1281,0.0316
-0.1279,0.0315
-0.1277,0.0315
-0.1274,0.0314
-0.1272,0.0314
-0.1270,0.0313
-0.1268,0.0313
-0.1266,0.0312
-0.1264,0.0312
-0.1262,0.0312
-0.1259,0.0311
-0.1257,0.0311
-0.1255,0.0310
-0.1253,0.0310
-0.1251,0.0309
-0.1249,0.0309
-0.1247,0.0308
-0.1245,0.0308
-0.1243,0.0307
-0.1241,0.0307
-0.1239,0.0306
-0.1237,0.0306
-0.1235,0.0305
-0.1233,0.0305
-0.1231,0.0305
-0.1229,0.0304
-0.1227,0.0304
-0.1225,0.0303
-0.1223,0.0303
-0.1221,0.0302
-0.1219,0.0302
-0.1217,0.0301
-0.1215,0.0301
-0.1213,0.0300
-0.1211,0.0300
-0.1209,0.0300
-0.1207,0.0299
-0.1205,0.0299
-0.1204,0.0298
-0.1202,0.0298
-0.1200,0.0297
-0.1198,0.0297
-0.1196,0.0297
-0.1194,0.0296
-0.1192,0.0296
-0.1191,0.0295
-0.1189,0.0295
-0.1187,0.0294
-0.1185,0.0294
-0.1183,0.0294
-0.1182,0.0293
-0.1180,0.0293
-0.1178,0.0292
-0.1176,0.0292
-0.1175,0.0292
-0.1173,0.0291
-0.1171,0.0291
-0.1169,0.0290
-0.1168,0.0290
-0.1166,0.0290
-0.1164,0.0289
-0.1163,0.0289
-0.1161,0.0288
-0.1159,0.0288
-0.1158,0.0288
-0.1156,0.0287
-0.1154,0.0287
-0.1153,0.0287
-0.1151,0.0286
-0.1149,0.0286
-0.1148,0.0285
-0.1146,0.0285
-0.1144,0.0285
-0.1143,0.0284
-0.1141,0.0284
-0.1139,0.0284
-0.1138,0.0283
-0.1136,0.0283
-0.1135,0.0282
-0.1133,0.0282
-0.1132,0.0282
-0.1130,0.0281
-0.1128,0.0281
-0.1127,0.0281
-0.1125,0.0280
-0.1124,0.0280
-0.1122,0.0280
-0.1121,0.0279
-0.1119,0.0279
-0.1118,0.0279
-0.1116,0.0278
-0.1115,0.0278
-0.1113,0.0278
-0.1112,0.0277
-0.1110,0.0277
-0.1109,0.0277
-0.1107,0.0276
-0.1106,0.0276
-0.1104,0.0276
-0.1103,0.0275
-0.1102,0.0275
-0.1100,0.0275
-0.1099,0.0274
-0.1097,0.0274
-0.1096,0.0274
-0.1094,0.0273
-0.1093,0.0273
-0.1092,0.0273
-0.1090,0.0272
-0.1089,0.0272
-0.1087,0.0272
-0.1086,0.0271
-0.1085,0.0271
-0.1083,0.0271
-0.1082,0.0270
-0.1080,0.0270
-0.1079,0.0270
-0.1078,0.0270
-0.1076,0.0269
-0.1075,0.0269
-0.1074,0.0269
-0.1072,0.0268
-0.1071,0.0268
-0.1070,0.0268
-0.1068,0.0267
-0.1067,0.0267
-0.1066,0.0267
-0.1064,0.0266
-0.1063,0.0266
-0.1062,0.0266
-0.1060,0.0266
-0.1059,0.0265
-0.1058,0.0265
-0.1057,0.0265
-0.1055,0.0264
-0.1054,0.0264
-0.1053,0.0264
-0.1051,0.0263
-0.1050,0.0263
-0.1049,0.0263
-0.1048,0.0263
-0.1046,0.0262
-0.1045,0.0262
-0.1044,0.0262
-0.1043,0.0261
-0.1041,0.0261
-0.1040,0.0261
-0.1039,0.0261
-0.1038,0.0260
-0.1037,0.0260
-0.1035,0.0260
-0.1034,0.0259
-0.1033,0.0259
-0.1032,0.0259
-0.1030,0.0259
-0.1029,0.0258
-0.1028,0.0258
-0.1027,0.0258
-0.1026,0.0258
-0.1025,0.0257
-0.1023,0.0257
-0.1022,0.0257
-0.1021,0.0256
-0.1020,0.0256
-0.1019,0.0256
-0.1018,0.0256
-0.1016,0.0255
-0.1015,0.0255
-0.1014,0.0255
-0.1013,0.0255
-0.1012,0.0254
-0.1011,0.0254
-0.1010,0.0254
-0.1008,0.0254
-0.1007,0.0253
-0.1006,0.0253
-0.1005,0.0253
-0.1004,0.0253
-0.1003,0.0252
-0.1002,0.0252
-0.1001,0.0252
-0.0999,0.0252
-0.0998,0.0251
-0.0997,0.0251
-0.0996,0.0251
-0.0995,0.0251
-0.0994,0.0250
-0.0993,0.0250
-0.0992,0.0250
-0.0991,0.0250
-0.0990,0.0249
-0.0989,0.0249
-0.0988,0.0249
-0.0987,0.0249
-0.0985,0.0248
-0.0984,0.0248
-0.0983,0.0248
-0.0982,0.0248
-0.0981,0.0247
-0.0980,0.0247
-0.0979,0.0247
-0.0978,0.0247
-0.0977,0.0247
-0.0976,0.0246
-0.0975,0.0246
-0.0974,0.0246
-0.0973,0.0246
-0.0972,0.0245
-0.0971,0.0245
-0.0970,0.0245
-0.0969,0.0245
-0.0968,0.0245
-0.0967,0.0244
-0.0966,0.0244
-0.0965,0.0244
-0.0964,0.0244
-0.0963,0.0243
-0.0962,0.0243
-0.0961,0.0243
-0.0960,0.0243
-0.0959,0.0243
-0.0958,0.0242
-0.0957,0.0242
-0.0956,0.0242
-0.0955,0.0242
-0.0954,0.0242
-0.0953,0.0241
-0.0952,0.0241
-0.0951,0.0241
-0.0950,0.0241
-0.0950,0.0241
-0.0949,0.0240
-0.0948,0.0240
-0.0947,0.0240
-0.0946,0.0240
-0.0945,0.0240
-0.0944,0.0239
-0.0943,0.0239
-0.0942,0.0239
-0.0941,0.0239
-0.0940,0.0239
-0.0939,0.0238
-0.0938,0.0238
-0.0937,0.0238
-0.0937,0.0238
-0.0936,0.0237
-0.0935,0.0237
-0.0934,0.0237
-0.0933,0.0237
-0.0932,0.0237
-0.0931,0.0236
-0.0930,0.0236
-0.0929,0.0236
-0.0928,0.0236
-0.0928,0.0236
-0.0927,0.0236
-0.0926,0.0235
-0.0925,0.0235
-0.0924,0.0235
-0.0923,0.0235
-0.0922,0.0235
-0.0921,0.0234
-0.0920,0.0234
-0.0920,0.0234
-0.0919,0.0234
-0.0918,0.0234
-0.0917,0.0233
-0.0916,0.0233
-0.0915,0.0233
-0.0914,0.0233
-0.0914,0.0233
-0.0913,0.0232
-0.0912,0.0232
-0.0911,0.0232
-0.0910,0.0232
-0.0909,0.0232
-0.0909,0.0231
-0.0908,0.0231
-0.0907,0.0231
-0.0906,0.0231
-0.0905,0.0231
-0.0904,0.0231
-0.0904,0.0230
-0.0903,0.0230
-0.0902,0.0230
-0.0901,0.0230
-0.0900,0.0230
-0.0899,0.0229
-0.0899,0.0229
-0.0898,0.0229
-0.0897,0.0229
-0.0896,0.0229
-0.0895,0.0228
-0.0895,0.0228
-0.0894,0.0228
-0.0893,0.0228
-0.0892,0.0228
-0.0891,0.0228
-0.0891,0.0227
-0.0890,0.0227
-0.0889,0.0227
-0.0888,0.0227
-0.0887,0.0227
-0.0887,0.0226
-0.0886,0.0226
-0.0885,0.0226
-0.0884,0.0226
-0.0884,0.0226
-0.0883,0.0226
-0.0882,0.0225
-0.0881,0.0225
-0.0881,0.0225
-0.0880,0.0225
-0.0879,0.0225
-0.0878,0.0225
-0.0877,0.0224
-0.0877,0.0224
-0.0876,0.0224
-0.0875,0.0224
-0.0874,0.0224
-0.0874,0.0223
-0.0873,0.0223
-0.0872,0.0223
-0.0871,0.0223
-0.0871,0.0223
-0.0870,0.0223
-0.0869,0.0222
-0.0868,0.0222
-0.0868,0.0222
-0.0867,0.0222
-0.0866,0.0222
-0.0866,0.0222
-0.0865,0.0221
-0.0864,0.0221
-0.0863,0.0221
-0.0863,0.0221
-0.0862,0.0221
-0.0861,0.0221
-0.0860,0.0220
-0.0860,0.0220
-0.0859,0.0220
-0.0858,0.0220
-0.0858,0.0220
-0.0857,0.0220
-0.0856,0.0219
-0.0855,0.0219
-0.0855,0.0219
-0.0854,0.0219
-0.0853,0.0219
-0.0853,0.0219
-0.0852,0.0218
-0.0851,0.0218
-0.0851,0.0218
-0.0850,0.0218
-0.0849,0.0218
-0.0849,0.0218
-0.0848,0.0218
-0.0847,0.0217
-0.0846,0.0217
-0.0846,0.0217
-0.0845,0.0217
-0.0844,0.0217
-0.0844,0.0217
-0.0843,0.0216
-0.0842,0.0216
-0.0842,0.0216
-0.0841,0.0216
-0.0840,0.0216
-0.0840,0.0216
-0.0839,0.0215
-0.0838,0.0215
-0.0838,0.0215
-0.0837,0.0215
-0.0836,0.0215
-0.0836,0.0215
-0.0835,0.0215
-0.0834,0.0214
-0.0834,0.0214
-0.0833,0.0214
-0.0832,0.0214
-0.0832,0.0214
-0.0831,0.0214
-0.0830,0.0213
-0.0830,0.0213
-0.0829,0.0213
-0.0828,0.0213
-0.0828,0.0213
-0.0827,0.0213
-0.0827,0.0213
-0.0826,0.0212
-0.0825,0.0212
-0.0825,0.0212
-0.0824,0.0212
-0.0823,0.0212
-0.0823,0.0212
-0.0822,0.0212
-0.0821,0.0211
-0.0821,0.0211
-0.0820,0.0211
-0.0820,0.0211
-0.0819,0.0211
-0.0818,0.0211
-0.0818,0.0211
-0.0817,0.0210
-0.0816,0.0210
-0.0816,0.0210
-0.0815,0.0210
-0.0815,0.0210
-0.0814,0.0210
-0.0813,0.0210
-0.0813,0.0209
-0.0812,0.0209
-0.0812,0.0209
-0.0811,0.0209
-0.0810,0.0209
-0.0810,0.0209
-0.0809,0.0209
-0.0808,0.0208
-0.0808,0.0208
-0.0807,0.0208
-0.0807,0.0208
-0.0806,0.0208
-0.0805,0.0208
-0.0805,0.0208
-0.0804,0.0207
-0.0804,0.0207
-0.0803,0.0207
-0.0803,0.0207
-0.0802,0.0207
-0.0801,0.0207
-0.0801,0.0207
-0.0800,0.0206
-0.0800,0.0206
-0.0799,0.0206
-0.0798,0.0206
-0.0798,0.0206
-0.0797,0.0206
-0.0797,0.0206
-0.0796,0.0206
-0.0796,0.0205
-0.0795,0.0205
-0.0794,0.0205
-0.0794,0.0205
-0.0793,0.0205
-0.0793,0.0205
-0.0792,0.0205
-0.0792,0.0204
-0.0791,0.0204
-0.0790,0.0204
-0.0790,0.0204
-0.0789,0.0204
-0.0789,0.0204
-0.0788,0.0204
-0.0788,0.0204
-0.0787,0.0203
-0.0786,0.0203
-0.0786,0.0203
-0.0785,0.0203
-0.0785,0.0203
-0.0784,0.0203
-0.0784,0.0203
-0.0783,0.0203
-0.0783,0.0202
-0.0782,0.0202
-0.0781,0.0202
-0.0781,0.0202
-0.0780,0.0202
-0.0780,0.0202
-0.0779,0.0202
-0.0779,0.0201
-0.0778,0.0201
-0.0778,0.0201
-0.0777,0.0201
-0.0777,0.0201
-0.0776,0.0201
-0.0776,0.0201
-0.0775,0.0201
-0.0774,0.0200
-0.0774,0.0200
-0.0773,0.0200
-0.0773,0.0200
-0.0772,0.0200
-0.0772,0.0200
-0.0771,0.0200
-0.0771,0.0200
-0.0770,0.0199
-0.0770,0.0199
-0.0769,0.0199
-0.0769,0.0199
-0.0768,0.0199
-0.0768,0.0199
-0.0767,0.0199
-0.0766,0.0199
-0.0766,0.0198
-0.0765,0.0198
-0.0765,0.0198
-0.0764,0.0198
-0.0764,0.0198
-0.0763,0.0198
-0.0763,0.0198
-0.0762,0.0198
-0.0762,0.0197
-0.0761,0.0197
-0.0761,0.0197
-0.0760,0.0197
-0.0760,0.0197
-0.0759,0.0197
-0.0759,0.0197
-0.0758,0.0197
-0.0758,0.0196
-0.0757,0.0196
-0.0757,0.0196
-0.0756,0.0196
-0.0756,0.0196
-0.0755,0.0196
-0.0755,0.0196
-0.0754,0.0196
-0.0754,0.0196
-0.0753,0.0195
-0.0753,0.0195
-0.0752,0.0195
-0.0752,0.0195
-0.0751,0.0195
-0.0751,0.0195
-0.0750,0.0195
-0.0750,0.0195
-0.0749,0.0194
-0.0749,0.0194
-0.0748,0.0194
-0.0748,0.0194
-0.0747,0.0194
-0.0747,0.0194
-0.0746,0.0194
-0.0746,0.0194
-0.0745,0.0193
-0.0745,0.0193
-0.0744,0.0193
-0.0744,0.0193
-0.0743,0.0193
-0.0743,0.0193
-0.0742,0.0193
-0.0742,0.0193
-0.0741,0.0193
-0.0741,0.0192
-0.0741,0.0192
-0.0740,0.0192
-0.0740,0.0192
-0.0739,0.0192
-0.0739,0.0192
-0.0738,0.0192
-0.0738,0.0192
-0.0737,0.0191
-0.0737,0.0191
-0.0736,0.0191
-0.0736,0.0191
-0.0735,0.0191
-0.0735,0.0191
-0.0734,0.0191
-0.0734,0.0191
-0.0734,0.0191
-0.0733,0.0190
-0.0733,0.0190
-0.0732,0.0190
-0.0732,0.0190
-0.0731,0.0190
-0.0731,0.0190
-0.0730,0.0190
-0.0730,0.0190
-0.0729,0.0190
-0.0729,0.0190
-0.0728,0.0189
-0.0728,0.0189
-0.0728,0.0189
-0.0727,0.0189
-0.0727,0.0189
-0.0726,0.0189
-0.0726,0.0189
-0.0725,0.0189
-0.0725,0.0189
-0.0724,0.0188
-0.0724,0.0188
-0.0724,0.0188
-0.0723,0.0188
-0.0723,0.0188
-0.0722,0.0188
-0.0722,0.0188
-0.0721,0.0188
-0.0721,0.0188
-0.0720,0.0188
-0.0720,0.0187
-0.0720,0.0187
-0.0719,0.0187
-0.0719,0.0187
-0.0718,0.0187
-0.0718,0.0187
-0.0717,0.0187
-0.0717,0.0187
-0.0717,0.0187
-0.0716,0.0186
-0.0716,0.0186
-0.0715,0.0186
-0.0715,0.0186
-0.0714,0.0186
-0.0714,0.0186
-0.0714,0.0186
-0.0713,0.0186
-0.0713,0.0186
-0.0712,0.0186
-0.0712,0.0185
-0.0711,0.0185
-0.0711,0.0185
-0.0711,0.0185
-0.0710,0.0185
-0.0710,0.0185
-0.0709,0.0185
-0.0709,0.0185
-0.0708,0.0185
-0.0708,0.0184
-0.0708,0.0184
-0.0707,0.0184
-0.0707,0.0184
-0.0706,0.0184
-0.0706,0.0184
-0.0705,0.0184
-0.0705,0.0184
-0.0705,0.0184
-0.0704,0.0184
-0.0704,0.0183
-0.0703,0.0183
-0.0703,0.0183
-0.0703,0.0183
-0.0702,0.0183
-0.0702,0.0183
-0.0701,0.0183
-0.0701,0.0183
-0.0701,0.0183
-0.0700,0.0183
-0.0700,0.0182
-0.0699,0.0182
-0.0699,0.0182
-0.0698,0.0182
-0.0698,0.0182
-0.0698,0.0182
-0.0697,0.0182
-0.0697,0.0182
-0.0696,0.0182
-0.0696,0.0182
-0.0696,0.0181
-0.0695,0.0181
-0.0695,0.0181
-0.0694,0.0181
-0.0694,0.0181
-0.0694,0.0181
-0.0693,0.0181
-0.0693,0.0181
-0.0692,0.0181
-0.0692,0.0181
-0.0692,0.0180
-0.0691,0.0180
-0.0691,0.0180
-0.0690,0.0180
-0.0690,0.0180
-0.0690,0.0180
-0.0689,0.0180
-0.0689,0.0180
-0.0689,0.0180
-0.0688,0.0180
-0.0688,0.0180
-0.0687,0.0179
-0.0687,0.0179
-0.0687,0.0179
-0.0686,0.0179
-0.0686,0.0179
-0.0685,0.0179
-0.0685,0.0179
-0.0685,0.0179
-0.0684,0.0179
-0.0684,0.0179
-0.0684,0.0178
-0.0683,0.0178
-0.0683,0.0178
-0.0682,0.0178
-0.0741
-0.0312
-0.0158
0.1010
0.1109
0.1165
0.1844
0.2137
0.2394
0.2608
0.2674
0.2976
0.2983
0.3182
0.3219
0.3235
0.3417
0.3429
0.3919
0.4364
0.4429
0.4560
0.4590
0.4768
0.4802
0.4925
0.4994
0.5072
0.5094
0.5122
0.5204
0.5219
0.5242
0.5333
0.5340
0.5443
0.5468
0.5471
0.5550
0.5603
0.5615
0.5718
0.5747
0.5754
0.5775
0.5793
0.5822
0.5904
0.5919
0.6006
0.6038
0.6070
0.6102
0.6118
0.6118
0.6121
0.6135
0.6220
0.6324
0.6330
0.6342
0.6352
0.6406
0.6437
0.6518
0.6526
0.6615
0.6715
0.6746
0.6794
0.6801
0.6825
0.6880
0.6904
0.6909
0.6918
0.6931
0.6980
0.7146
0.7159
0.7166
0.7174
0.7208
0.7231
0.7249
0.7297
0.7318
0.7327
0.7348
0.7374
0.7376
0.7459
0.7592
0.7656
0.7659
0.7661
0.7668
0.7669
0.7674
0.7676
0.7678
0.7712
0.7751
0.7755
0.7773
0.7787
0.7833
0.7941
0.7961
0.7970
0.8018
0.8074
0.8115
0.8125
0.8133
0.8152
0.8166
0.8183
0.8227
0.8237
0.8245
0.8251
0.8289
0.8292
0.8302
0.8346
0.8377
0.8380
0.8424
0.8428
0.8470
0.8473
0.8473
0.8503
0.8512
0.8612
0.8634
0.8683
0.8714
0.8817
0.8830
0.8840
0.8874
0.8887
0.8893
0.8935
0.8944
0.9053
0.9058
0.9060
0.9065
0.9077
0.9082
0.9125
0.9160
0.9208
0.9304
0.9322
0.9419
0.9448
0.9480
0.9508
0.9516
0.9528
0.9543
0.9556
0.9612
0.9618
0.9629
0.9636
0.9643
0.9667
0.9669
0.9675
0.9678
0.9688
0.9700
0.9764
0.9793
0.9838
0.9847
0.9853
0.9913
0.9916
0.9941
0.9949
0.9954
0.9962
0.9990
0.9998
1.0017
1.0036
1.0077
1.0082
1.0116
1.0127
1.0136
1.0147
1.0173
1.0210
1.0233
1.0274
1.0274
1.0288
1.0297
1.0321
1.0374
1.0403
1.0424
1.0429
1.0429
1.0432
1.0439
1.0444
1.0452
1.0462
1.0463
1.0480
1.0520
1.0535
1.0572
1.0572
1.0597
1.0607
1.0668
1.0687
1.0693
1.0746
1.0770
1.0775
1.0776
1.0778
1.0789
1.0793
1.0831
1.0859
1.0859
1.0873
1.0922
1.0930
1.0961
1.0985
1.0989
1.1001
1.1016
1.1018
1.1029
1.1035
1.1038
1.1044
1.1064
1.1095
1.1110
1.1111
1.1115
1.1129
1.1163
1.1199
1.1225
1.1245
1.1261
1.1268
1.1278
1.1282
1.1304
1.1312
1.1316
1.1339
1.1353
1.1389
1.1426
1.1455
1.1469
1.1484
1.1491
1.1523
1.1538
1.1585
1.1590
1.1603
1.1604
1.1626
1.1633
1.1646
1.1654
1.1660
1.1669
1.1691
1.1701
1.1709
1.1771
1.1775
1.1812
1.1821
1.1834
1.1848
1.1858
1.1881
1.1887
1.1921
1.1927
1.1942
1.1979
1.2010
1.2063
1.2066
1.2119
1.2120
1.2125
1.2129
1.2132
1.2133
1.2142
1.2144
1.2152
1.2161
1.2164
1.2170
1.2195
1.2231
1.2279
1.2280
1.2281
1.2290
1.2297
1.2310
1.2318
1.2336
1.2358
1.2386
1.2394
1.2396
1.2399
1.2422
1.2425
1.2448
1.2461
1.2526
1.2526
1.2532
1.2540
1.2541
1.2580
1.2580
1.2625
1.2626
1.2654
1.2673
1.2720
1.2733
1.2745
1.2745
1.2764
1.2769
1.2853
1.2862
1.2874
1.2888
1.2930
1.2960
1.2982
1.2998
1.2999
1.3011
1.3045
1.3060
1.3094
1.3103
1.3108
1.3117
1.3132
1.3144
1.3158
1.3161
1.3173
1.3176
1.3188
1.3215
1.3278
1.3285
1.3311
1.3317
1.3327
1.3339
1.3350
1.3354
1.3373
1.3404
1.3416
1.3440
1.3449
1.3483
1.3489
1.3499
1.3516
1.3521
1.3524
1.3532
1.3535
1.3536
1.3542
1.3560
1.3560
1.3562
1.3588
1.3604
1.3605
1.3608
1.3615
1.3637
1.3668
1.3684
1.3744
1.3745
1.3755
1.3773
1.3815
1.3819
1.3827
1.3836
1.3850
1.3895
1.3901
1.3909
1.3929
1.3953
1.3963
1.3987
1.3993
1.4000
1.4010
1.4011
1.4016
1.4024
1.4071
1.4075
1.4080
1.4085
1.4107
1.4110
1.4114
1.4122
1.4143
1.4153
1.4156
1.4158
1.4159
1.4162
1.4183
1.4199
1.4209
1.4210
1.4216
1.4244
1.4245
1.4275
1.4286
1.4323
1.4349
1.4372
1.4381
1.4384
1.4397
1.4408
1.4462
1.4471
1.4487
1.4494
1.4511
1.4512
1.4519
1.4525
1.4539
1.4544
1.4544
1.4577
1.4581
1.4586
1.4586
1.4611
1.4640
1.4676
1.4700
1.4703
1.4718
1.4757
1.4769
1.4826
1.4850
1.4861
1.4875
1.4904
1.4910
1.4930
1.4967
1.4984
1.4998
1.5005
1.5006
1.5034
1.5036
1.5039
1.5061
1.5106
1.5116
1.5118
1.5184
1.5194
1.5216
1.5233
1.5238
1.5256
1.5294
1.5295
1.5296
1.5303
1.5309
1.5325
1.5341
1.5349
1.5350
1.5359
1.5387
1.5389
1.5394
1.5419
1.5454
1.5479
1.5512
1.5534
1.5540
1.5548
1.5562
1.5564
1.5568
1.5571
1.5595
1.5610
1.5622
1.5654
1.5654
1.5657
1.5681
1.5692
1.5702
1.5718
1.5722
1.5722
1.5763
1.5788
1.5791
1.5796
1.5836
1.5847
1.5871
1.5882
1.5907
1.5910
1.5933
1.5944
1.5991
1.5992
1.5998
1.6020
1.6052
1.6074
1.6119
1.6124
1.6137
1.6146
1.6171
1.6173
1.6181
1.6203
1.6219
1.6228
1.6230
1.6293
1.6296
1.6316
1.6371
1.6386
1.6396
1.6402
1.6429
1.6436
1.6443
1.6443
1.6452
1.6457
1.6488
1.6491
1.6501
1.6546
1.6637
1.6658
1.6701
1.6725
1.6732
1.6755
1.6758
1.6765
1.6786
1.6810
1.6864
1.6904
1.6928
1.6949
1.6968
1.6975
1.6997
1.6999
1.7020
1.7056
1.7080
1.7108
1.7113
1.7133
1.7134
1.7205
1.7210
1.7228
1.7236
1.7242
1.7251
1.7271
1.7342
1.7357
1.7398
1.7423
1.7430
1.7432
1.7434
1.7440
1.7454
1.7457
1.7468
1.7492
1.7520
1.7521
1.7543
1.7555
1.7600
1.7641
1.7660
1.7662
1.7676
1.7692
1.7692
1.7707
1.7710
1.7725
1.7778
1.7786
1.7790
1.7856
1.7867
1.7870
1.7881
1.7932
1.7935
1.7962
1.7963
1.8012
1.8017
1.8021
1.8038
1.8060
1.8068
1.8094
1.8138
1.8138
1.8143
1.8197
1.8234
1.8239
1.8296
1.8317
1.8328
1.8389
1.8458
1.8495
1.8497
1.8519
1.8526
1.8569
1.8573
1.8575
1.8598
1.8607
1.8651
1.8702
1.8709
1.8718
1.8746
1.8757
1.8761
1.8762
1.8781
1.8786
1.8841
1.8851
1.8869
1.8877
1.8934
1.8967
1.8990
1.9024
1.9061
1.9071
1.9110
1.9121
1.9144
1.9146
1.9155
1.9195
1.9200
1.9202
1.9233
1.9251
1.9264
1.9307
1.9310
1.9312
1.9319
1.9343
1.9355
1.9394
1.9415
1.9429
1.9436
1.9451
1.9477
1.9494
1.9551
1.9562
1.9573
1.9588
1.9600
1.9654
1.9655
1.9660
1.9670
1.9672
1.9687
1.9697
1.9703
1.9735
1.9757
1.9808
1.9820
1.9860
1.9862
1.9878
1.9886
1.9950
2.0055
2.0066
2.0066
2.0080
2.0087
2.0090
2.0103
2.0139
2.0171
2.0195
2.0217
2.0235
2.0246
2.0258
2.0290
2.0309
2.0318
2.0322
2.0325
2.0326
2.0334
2.0336
2.0375
2.0398
2.0407
2.0415
2.0538
2.0565
2.0614
2.0630
2.0672
2.0678
2.0728
2.0735
2.0737
2.0748
2.0826
2.0837
2.0847
2.0848
2.0869
2.0899
2.0919
2.0957
2.0961
2.0977
2.0979
2.0983
2.1001
2.1014
2.1092
2.1126
2.1192
2.1258
2.1266
2.1289
2.1297
2.1317
2.1351
2.1358
2.1432
2.1436
2.1445
2.1459
2.1462
2.1469
2.1530
2.1535
2.1549
2.1575
2.1577
2.1629
2.1638
2.1638
2.1666
2.1725
2.1769
2.1771
2.1772
2.1794
2.1813
2.1872
2.1901
2.1957
2.1998
2.2036
2.2059
2.2060
2.2085
2.2108
2.2109
2.2150
2.2160
2.2227
2.2276
2.2353
2.2366
2.2503
2.2504
2.2508
2.2531
2.2542
2.2549
2.2573
2.2586
2.2619
2.2652
2.2682
2.2709
2.2727
2.2783
2.2798
2.2842
2.2878
2.2896
2.2937
2.3021
2.3077
2.3111
2.3135
2.3183
2.3241
2.3276
2.3288
2.3355
2.3367
2.3455
2.3537
2.3550
2.3573
2.3579
2.3590
2.3675
2.3694
2.3712
2.3731
2.3801
2.3843
2.3883
2.3922
2.3992
2.3996
2.4117
2.4179
2.4180
2.4223
2.4244
2.4278
2.4296
2.4411
2.4460
2.4491
2.4499
2.4584
2.4600
2.4646
2.4708
2.4728
2.4809
2.4830
2.4862
2.5191
2.5310
2.5325
2.5362
2.5428
2.5442
2.5642
2.5681
2.5876
2.5928
2.5981
2.6337
2.6579
2.6600
2.6602
2.6614
2.6620
2.6629
2.6725
2.6738
2.6743
2.6793
2.6807
2.6882
2.6995
2.7050
2.7124
2.7173
2.7196
2.7273
2.7329
2.7447
2.7598
2.7603
2.7706
2.7706
2.7725
2.7764
2.7835
2.7858
2.7946
2.7955
2.8064
2.8066
2.8123
2.8210
2.8281
2.8489
2.8557
2.8558
2.8739
2.8861
2.8907
2.8944
2.8992
2.9054
2.9323
2.9334
2.9435
2.9515
2.9643
2.9645
2.9978
3.0032
3.0188
3.0284
3.0783
3.0817
3.1210
3.1562
3.1610
3.1616
3.1657
3.1661
3.2213
3.2299
3.3116
3.3271
3.4488
3.5216
3.5269
3.7510
4.5394
