1000
1000
-1.2837,0.1948
-1.1879,0.1906
-0.9849,0.1599
-0.8504,0.1522
-0.7557,0.1469
-0.6849,0.1423
-0.6296,0.1379
-0.5853,0.1337
-0.5481,0.1283
-0.5162,0.1228
-0.4890,0.1180
-0.4653,0.1139
-0.4446,0.1102
-0.4262,0.1068
-0.4098,0.1037
-0.3949,0.1008
-0.3814,0.0980
-0.3691,0.0956
-0.3579,0.0934
-0.3475,0.0913
-0.3379,0.0893
-0.3289,0.0873
-0.3206,0.0855
-0.3128,0.0838
-0.3056,0.0822
-0.2987,0.0805
-0.2923,0.0789
-0.2862,0.0774
-0.2804,0.0759
-0.2749,0.0744
-0.2697,0.0730
-0.2647,0.0718
-0.2600,0.0705
-0.2555,0.0693
-0.2511,0.0681
-0.2470,0.0669
-0.2430,0.0658
-0.2392,0.0647
-0.2354,0.0637
-0.2319,0.0627
-0.2284,0.0617
-0.2251,0.0607
-0.2219,0.0598
-0.2187,0.0589
-0.2157,0.0581
-0.2127,0.0573
-0.2099,0.0565
-0.2071,0.0557
-0.2044,0.0550
-0.2018,0.0542
-0.1993,0.0535
-0.1968,0.0529
-0.1944,0.0522
-0.1920,0.0515
-0.1897,0.0508
-0.1874,0.0502
-0.1851,0.0495
-0.1829,0.0488
-0.1808,0.0482
-0.1787,0.0475
-0.1766,0.0469
-0.1745,0.0463
-0.1725,0.0457
-0.1706,0.0451
-0.1686,0.0446
-0.1667,0.0440
-0.1648,0.0434
-0.1630,0.0429
-0.1611,0.0423
-0.1593,0.0418
-0.1575,0.0412
-0.1557,0.0407
-0.1540,0.0401
-0.1523,0.0396
-0.1506,0.0391
-0.1489,0.0385
-0.1472,0.0381
-0.1456,0.0376
-0.1440,0.0371
-0.1424,0.0367
-0.1408,0.0362
-0.1393,0.0358
-0.1377,0.0353
-0.1361,0.0349
-0.1346,0.0345
-0.1331,0.0340
-0.1315,0.0336
-0.1300,0.0332
-0.1285,0.0327
-0.1270,0.0323
-0.1255,0.0319
-0.1240,0.0315
-0.1224,0.0311
-0.1209,0.0306
-0.1194,0.0302
-0.1179,0.0297
-0.1164,0.0293
-0.1149,0.0289
-0.1133,0.0285
-0.1118,0.0280
-0.1103,0.0276
-0.1088,0.0272
-0.1073,0.0268
-0.1057,0.0263
-0.1042,0.0259
-0.1026,0.0255
-0.1011,0.0250
-0.0995,0.0246
-0.0979,0.0242
-0.0963,0.0238
-0.0947,0.0234
-0.0931,0.0230
-0.0915,0.0225
-0.0898,0.0221
-0.0882,0.0218
-0.0865,0.0214
-0.0848,0.0210
-0.0831,0.0206
-0.0813,0.0202
-0.0795,0.0199
-0.0777,0.0195
-0.0758,0.0191
-0.0739,0.0187
-0.0720,0.0183
-0.0700,0.0179
-0.0680,0.0176
-0.0659,0.0172
-0.0637,0.0168
-0.0615,0.0164
-0.0592,0.0160
-0.0569,0.0156
-0.0544,0.0153
-0.0518,0.0149
-0.0491,0.0145
-0.0463,0.0141
-0.0433,0.0137
-0.0401,0.0132
-0.0365,0.0127
-0.0326,0.0119
0.0000,0.0000
0.0000,0.0000
0.0000,0.0000
0.0000,0.0000
0.0000,0.0000
0.0000,0.0000
0.0000,0.0000
0.0000,0.0000
0.0000,0.0000
0.0000,0.0000
0.0000,0.0000
0.0000,0.0000
0.0000,0.0000
0.0000,0.0000
0.0000,0.0000
0.0000,0.0000
0.0000,0.0000
0.0000,0.0000
0.0000,0.0000
0.0000,0.0000
0.0000,0.0000
0.0000,0.0000
0.0000,0.0000
0.0000,0.0000
0.0000,0.0000
0.0000,0.0000
0.0000,0.0000
0.0000,0.0000
0.0000,0.0000
0.0000,0.0000
0.0000,0.0000
0.0000,0.0000
0.0000,0.0000
0.0000,0.0000
0.0000,0.0000
0.0000,0.0000
0.0000,0.0000
0.0000,0.0000
0.0000,0.0000
0.0000,0.0000
0.0000,0.0000
0.0000,0.0000
0.0000,0.0000
0.0000,0.0000
0.0000,0.0000
0.0000,0.0000
0.0000,0.0000
0.0000,0.0000
0.0000,0.0000
0.0000,0.0000
0.0000,0.0000
0.0000,0.0000
0.0000,0.0000
0.0000,0.0000
0.0000,0.0000
0.0000,0.0000
0.0000,0.0000
0.0000,0.0000
0.0000,0.0000
0.0000,0.0000
0.0000,0.0000
0.0000,0.0000
0.0000,0.0000
0.0000,0.0000
0.0000,0.0000
0.0000,0.0000
0.0000,0.0000
0.0000,0.0000
0.0000,0.0000
0.0000,0.0000
0.0000,0.0000
0.0000,0.0000
0.0000,0.0000
0.0000,0.0000
0.0000,0.0000
0.0000,0.0000
0.0000,0.0000
0.0000,0.0000
0.0000,0.0000
0.0000,0.0000
0.0000,0.0000
0.0000,0.0000
0.0000,0.0000
0.0000,0.0000
0.0000,0.0000
0.0000,0.0000
0.0000,0.0000
0.0000,0.0000
0.0000,0.0000
0.0000,0.0000
0.0000,0.0000
0.0000,0.0000
0.0000,0.0000
0.0000,0.0000
0.0000,0.0000
0.0000,0.0000
0.0000,0.0000
0.0000,0.0000
0.0000,0.0000
0.0000,0.0000
0.0000,0.0000
0.0000,0.0000
0.0000,0.0000
0.0000,0.0000
0.0000,0.0000
0.0000,0.0000
0.0000,0.0000
0.0000,0.0000
0.0000,0.0000
0.0000,0.0000
0.0000,0.0000
0.0000,0.0000
0.0000,0.0000
0.0000,0.0000
0.0000,0.0000
0.0000,0.0000
0.0000,0.0000
0.0000,0.0000
0.0000,0.0000
0.0000,0.0000
0.0000,0.0000
0.0000,0.0000
0.0000,0.0000
0.0000,0.0000
0.0000,0.0000
0.0000,0.0000
0.0000,0.0000
0.0000,0.0000
0.0000,0.0000
0.0000,0.0000
0.0000,0.0000
0.0000,0.0000
0.0000,0.0000
0.0000,0.0000
0.0000,0.0000
0.0000,0.0000
0.0000,0.0000
0.0000,0.0000
0.0000,0.0000
0.0000,0.0000
0.0000,0.0000
0.0000,0.0000
0.0000,0.0000
0.0000,0.0000
0.0000,0.0000
0.0000,0.0000
0.0000,0.0000
0.0000,0.0000
0.0000,0.0000
0.0000,0.0000
0.0000,0.0000
0.0000,0.0000
0.0000,0.0000
0.0000,0.0000
0.0000,0.0000
0.0000,0.0000
0.0000,0.0000
0.0000,0.0000
0.0000,0.0000
0.0000,0.0000
0.0000,0.0000
0.0000,0.0000
0.0000,0.0000
0.0000,0.0000
0.0000,0.0000
0.0000,0.0000
0.0000,0.0000
0.0000,0.0000
0.0000,0.0000
0.0000,0.0000
0.0000,0.0000
0.0000,0.0000
0.0000,0.0000
0.0000,0.0000
0.0000,0.0000
0.0000,0.0000
0.0000,0.0000
0.0000,0.0000
0.0000,0.0000
0.0000,0.0000
0.0000,0.0000
0.0000,0.0000
0.0000,0.0000
0.0000,0.0000
0.0000,0.0000
0.0000,0.0000
0.0000,0.0000
0.0000,0.0000
0.0000,0.0000
0.0000,0.0000
0.0000,0.0000
0.0000,0.0000
0.0000,0.0000
0.0000,0.0000
0.0000,0.0000
0.0000,0.0000
0.0000,0.0000
0.0000,0.0000
0.0000,0.0000
0.0000,0.0000
0.0000,0.0000
0.0000,0.0000
0.0000,0.0000
0.0000,0.0000
0.0000,0.0000
0.0000,0.0000
0.0000,0.0000
0.0000,0.0000
0.0000,0.0000
0.0000,0.0000
0.0000,0.0000
0.0000,0.0000
0.0000,0.0000
0.0000,0.0000
0.0000,0.0000
0.0000,0.0000
0.0000,0.0000
0.0000,0.0000
0.0000,0.0000
0.0000,0.0000
0.0000,0.0000
0.0000,0.0000
0.0000,0.0000
0.0000,0.0000
0.0000,0.0000
0.0000,0.0000
0.0000,0.0000
0.0000,0.0000
0.0000,0.0000
0.0000,0.0000
0.0000,0.0000
0.0000,0.0000
0.0000,0.0000
0.0000,0.0000
0.0000,0.0000
0.0000,0.0000
0.0000,0.0000
0.0000,0.0000
0.0000,0.0000
0.0000,0.0000
0.0000,0.0000
0.0000,0.0000
0.0000,0.0000
0.0000,0.0000
0.0000,0.0000
0.0000,0.0000
0.0000,0.0000
0.0000,0.0000
0.0000,0.0000
0.0000,0.0000
0.0000,0.0000
0.0000,0.0000
0.0000,0.0000
0.0000,0.0000
0.0000,0.0000
0.0000,0.0000
0.0000,0.0000
0.0000,0.0000
0.0000,0.0000
0.0000,0.0000
0.0000,0.0000
0.0000,0.0000
0.0000,0.0000
0.0000,0.0000
0.0000,0.0000
0.0000,0.0000
0.0000,0.0000
0.0000,0.0000
0.0000,0.0000
0.0000,0.0000
0.0000,0.0000
0.0000,0.0000
0.0000,0.0000
0.0000,0.0000
0.0000,0.0000
0.0000,0.0000
0.0000,0.0000
0.0000,0.0000
0.0000,0.0000
0.0000,0.0000
0.0000,0.0000
0.0000,0.0000
0.0000,0.0000
0.0000,0.0000
0.0000,0.0000
0.0000,0.0000
0.0000,0.0000
0.0000,0.0000
0.0000,0.0000
0.0000,0.0000
0.0000,0.0000
0.0000,0.0000
0.0000,0.0000
0.0000,0.0000
0.0000,0.0000
0.0000,0.0000
0.0000,0.0000
0.0000,0.0000
0.0000,0.0000
0.0000,0.0000
0.0000,0.0000
0.0000,0.0000
0.0000,0.0000
0.0000,0.0000
0.0000,0.0000
0.0000,0.0000
0.0000,0.0000
0.0000,0.0000
0.0000,0.0000
0.0000,0.0000
0.0000,0.0000
0.0000,0.0000
0.0000,0.0000
0.0000,0.0000
0.0000,0.0000
0.0000,0.0000
0.0000,0.0000
0.0000,0.0000
0.0000,0.0000
0.0000,0.0000
0.0000,0.0000
0.0000,0.0000
0.0000,0.0000
0.0000,0.0000
0.0000,0.0000
0.0000,0.0000
0.0000,0.0000
0.0000,0.0000
0.0000,0.0000
0.0000,0.0000
0.0000,0.0000
0.0000,0.0000
0.0000,0.0000
0.0000,0.0000
0.0000,0.0000
0.0000,0.0000
0.0000,0.0000
0.0000,0.0000
0.0000,0.0000
0.0000,0.0000
0.0000,0.0000
0.0000,0.0000
0.0000,0.0000
0.0000,0.0000
0.0000,0.0000
0.0000,0.0000
0.0000,0.0000
0.0000,0.0000
0.0000,0.0000
0.0000,0.0000
0.0000,0.0000
0.0000,0.0000
0.0000,0.0000
0.0000,0.0000
0.0000,0.0000
0.0000,0.0000
0.0000,0.0000
0.0000,0.0000
0.0000,0.0000
0.0000,0.0000
0.0000,0.0000
0.0000,0.0000
0.0000,0.0000
0.0000,0.0000
0.0000,0.0000
0.0000,0.0000
0.0000,0.0000
0.0000,0.0000
0.0000,0.0000
0.0000,0.0000
0.0000,0.0000
0.0000,0.0000
0.0000,0.0000
0.0000,0.0000
0.0000,0.0000
0.0000,0.0000
0.0000,0.0000
0.0000,0.0000
0.0000,0.0000
0.0000,0.0000
0.0000,0.0000
0.0000,0.0000
0.0000,0.0000
0.0000,0.0000
0.0000,0.0000
0.0000,0.0000
0.0000,0.0000
0.0000,0.0000
0.0000,0.0000
0.0000,0.0000
0.0000,0.0000
0.0000,0.0000
0.0000,0.0000
0.0000,0.0000
0.0000,0.0000
0.0000,0.0000
0.0000,0.0000
0.0000,0.0000
0.0000,0.0000
0.0000,0.0000
0.0000,0.0000
0.0000,0.0000
0.0000,0.0000
0.0000,0.0000
0.0000,0.0000
0.0000,0.0000
0.0000,0.0000
0.0000,0.0000
0.0000,0.0000
0.0000,0.0000
0.0000,0.0000
0.0000,0.0000
0.0000,0.0000
0.0000,0.0000
0.0000,0.0000
0.0000,0.0000
0.0000,0.0000
0.0000,0.0000
0.0000,0.0000
0.0000,0.0000
0.0000,0.0000
0.0000,0.0000
0.0000,0.0000
0.0000,0.0000
0.0000,0.0000
0.0000,0.0000
0.0000,0.0000
0.0000,0.0000
0.0000,0.0000
0.0000,0.0000
0.0000,0.0000
0.0000,0.0000
0.0000,0.0000
0.0000,0.0000
0.0000,0.0000
0.0000,0.0000
0.0000,0.0000
0.0000,0.0000
0.0000,0.0000
0.0000,0.0000
0.0000,0.0000
0.0000,0.0000
0.0000,0.0000
0.0000,0.0000
0.0000,0.0000
0.0000,0.0000
0.0000,0.0000
0.0000,0.0000
0.0000,0.0000
0.0000,0.0000
0.0000,0.0000
0.0000,0.0000
0.0000,0.0000
0.0000,0.0000
0.0000,0.0000
0.0000,0.0000
0.0000,0.0000
0.0000,0.0000
0.0000,0.0000
0.0000,0.0000
0.0000,0.0000
0.0000,0.0000
0.0000,0.0000
0.0000,0.0000
0.0000,0.0000
0.0000,0.0000
0.0000,0.0000
0.0000,0.0000
0.0000,0.0000
0.0000,0.0000
0.0000,0.0000
0.0000,0.0000
0.0000,0.0000
0.0000,0.0000
0.0000,0.0000
0.0000,0.0000
0.0000,0.0000
0.0000,0.0000
0.0000,0.0000
0.0000,0.0000
0.0000,0.0000
0.0000,0.0000
0.0000,0.0000
0.0000,0.0000
0.0000,0.0000
0.0000,0.0000
0.0000,0.0000
0.0000,0.0000
0.0000,0.0000
0.0000,0.0000
0.0000,0.0000
0.0000,0.0000
0.0000,0.0000
0.0000,0.0000
0.0000,0.0000
0.0000,0.0000
0.0000,0.0000
0.0000,0.0000
0.0000,0.0000
0.0000,0.0000
0.0000,0.0000
0.0000,0.0000
0.0000,0.0000
0.0000,0.0000
0.0000,0.0000
0.0000,0.0000
0.0000,0.0000
0.0000,0.0000
0.0000,0.0000
0.0000,0.0000
0.0000,0.0000
0.0000,0.0000
0.0000,0.0000
0.0000,0.0000
0.0000,0.0000
0.0000,0.0000
0.0000,0.0000
0.0000,0.0000
0.0000,0.0000
0.0000,0.0000
0.0000,0.0000
0.0000,0.0000
0.0000,0.0000
0.0000,0.0000
0.0000,0.0000
0.0000,0.0000
0.0000,0.0000
0.0000,0.0000
0.0000,0.0000
0.0000,0.0000
0.0000,0.0000
0.0000,0.0000
0.0000,0.0000
0.0000,0.0000
0.0000,0.0000
0.0000,0.0000
0.0000,0.0000
0.0000,0.0000
0.0000,0.0000
0.0000,0.0000
0.0000,0.0000
0.0000,0.0000
0.0000,0.0000
0.0000,0.0000
0.0000,0.0000
0.0000,0.0000
0.0000,0.0000
0.0000,0.0000
0.0000,0.0000
0.0000,0.0000
0.0000,0.0000
0.0000,0.0000
0.0000,0.0000
0.0000,0.0000
0.0000,0.0000
0.0000,0.0000
0.0000,0.0000
0.0000,0.0000
0.0000,0.0000
0.0000,0.0000
0.0000,0.0000
0.0000,0.0000
0.0000,0.0000
0.0000,0.0000
0.0000,0.0000
0.0000,0.0000
0.0000,0.0000
0.0000,0.0000
0.0000,0.0000
0.0000,0.0000
0.0000,0.0000
0.0000,0.0000
0.0000,0.0000
0.0000,0.0000
0.0000,0.0000
0.0000,0.0000
0.0000,0.0000
0.0000,0.0000
0.0000,0.0000
0.0000,0.0000
0.0000,0.0000
0.0000,0.0000
0.0000,0.0000
0.0000,0.0000
0.0000,0.0000
0.0000,0.0000
0.0000,0.0000
0.0000,0.0000
0.0000,0.0000
0.0000,0.0000
0.0000,0.0000
0.0000,0.0000
0.0000,0.0000
0.0000,0.0000
0.0000,0.0000
0.0000,0.0000
0.0000,0.0000
0.0000,0.0000
0.0000,0.0000
0.0000,0.0000
0.0000,0.0000
0.0000,0.0000
0.0000,0.0000
0.0000,0.0000
0.0000,0.0000
0.0000,0.0000
0.0000,0.0000
0.0000,0.0000
0.0000,0.0000
0.0000,0.0000
0.0000,0.0000
0.0000,0.0000
0.0000,0.0000
0.0000,0.0000
0.0000,0.0000
0.0000,0.0000
0.0000,0.0000
0.0000,0.0000
0.0000,0.0000
0.0000,0.0000
0.0000,0.0000
0.0000,0.0000
0.0000,0.0000
0.0000,0.0000
0.0000,0.0000
0.0000,0.0000
0.0000,0.0000
0.0000,0.0000
0.0000,0.0000
0.0000,0.0000
0.0000,0.0000
0.0000,0.0000
0.0000,0.0000
0.0000,0.0000
0.0000,0.0000
0.0000,0.0000
0.0000,0.0000
0.0000,0.0000
0.0000,0.0000
0.0000,0.0000
0.0000,0.0000
0.0000,0.0000
0.0000,0.0000
0.0000,0.0000
0.0000,0.0000
0.0000,0.0000
0.0000,0.0000
0.0000,0.0000
0.0000,0.0000
0.0000,0.0000
0.0000,0.0000
0.0000,0.0000
0.0000,0.0000
0.0000,0.0000
0.0000,0.0000
0.0000,0.0000
0.0000,0.0000
0.0000,0.0000
0.0000,0.0000
0.0000,0.0000
0.0000,0.0000
0.0000,0.0000
0.0000,0.0000
0.0000,0.0000
0.0000,0.0000
0.0000,0.0000
0.0000,0.0000
0.0000,0.0000
0.0000,0.0000
0.0000,0.0000
0.0000,0.0000
0.0000,0.0000
0.0000,0.0000
0.0000,0.0000
0.0000,0.0000
0.0000,0.0000
0.0000,0.0000
0.0000,0.0000
0.0000,0.0000
0.0000,0.0000
0.0000,0.0000
0.0000,0.0000
0.0000,0.0000
0.0000,0.0000
0.0000,0.0000
0.0000,0.0000
0.0000,0.0000
0.0000,0.0000
0.0000,0.0000
0.0000,0.0000
0.0000,0.0000
0.0000,0.0000
0.0000,0.0000
0.0000,0.0000
0.0000,0.0000
0.0000,0.0000
0.0000,0.0000
0.0000,0.0000
0.0000,0.0000
0.0000,0.0000
0.0000,0.0000
0.0000,0.0000
0.0000,0.0000
0.0000,0.0000
0.0000,0.0000
0.0000,0.0000
0.0000,0.0000
0.0000,0.0000
0.0000,0.0000
0.0000,0.0000
0.0000,0.0000
0.0000,0.0000
0.0000,0.0000
0.0000,0.0000
0.0000,0.0000
0.0000,0.0000
0.0000,0.0000
0.0000,0.0000
0.0000,0.0000
0.0000,0.0000
0.0000,0.0000
0.0000,0.0000
0.0000,0.0000
0.0000,0.0000
0.0000,0.0000
0.0000,0.0000
0.0000,0.0000
0.0000,0.0000
0.0000,0.0000
0.0000,0.0000
0.0000,0.0000
0.0000,0.0000
0.0000,0.0000
0.0000,0.0000
0.0000,0.0000
0.0000,0.0000
0.0000,0.0000
0.0000,0.0000
0.0000,0.0000
0.0000,0.0000
0.0000,0.0000
0.0000,0.0000
0.0000,0.0000
0.0000,0.0000
0.0000,0.0000
0.0000,0.0000
0.0000,0.0000
0.0000,0.0000
0.0000,0.0000
0.0000,0.0000
0.0000,0.0000
0.0000,0.0000
0.0000,0.0000
0.0000,0.0000
0.0000,0.0000
0.0000,0.0000
0.0000,0.0000
0.0000,0.0000
0.0000,0.0000
0.0000,0.0000
0.0000,0.0000
0.0000,0.0000
0.0000,0.0000
0.0000,0.0000
0.0000,0.0000
0.0000,0.0000
0.0000,0.0000
0.0000,0.0000
0.0000,0.0000
0.0000,0.0000
0.0000,0.0000
0.0000,0.0000
0.0000,0.0000
0.0000,0.0000
0.0000,0.0000
0.0000,0.0000
0.0000,0.0000
0.0000,0.0000
0.0000,0.0000
0.0000,0.0000
0.0000,0.0000
0.0000,0.0000
0.0000,0.0000
0.0000,0.0000
0.0000,0.0000
0.0000,0.0000
0.0000,0.0000
0.0000,0.0000
0.0000,0.0000
0.0000,0.0000
0.0000,0.0000
0.0000,0.0000
0.0000,0.0000
0.0000,0.0000
0.0000,0.0000
0.0000,0.0000
0.0000,0.0000
0.0000,0.0000
0.0000,0.0000
0.0000,0.0000
0.0000,0.0000
0.0000,0.0000
0.0000,0.0000
0.0000,0.0000
0.0000,0.0000
0.0000,0.0000
0.0000,0.0000
0.0000,0.0000
0.0000,0.0000
0.0000,0.0000
0.0000,0.0000
0.0000,0.0000
0.0000,0.0000
0.0000,0.0000
0.0000,0.0000
0.0000,0.0000
0.0000,0.0000
0.0000,0.0000
0.0000,0.0000
0.0000,0.0000
0.0000,0.0000
0.0000,0.0000
0.0000,0.0000
0.0000,0.0000
0.0000,0.0000
0.0000,0.0000
0.0000,0.0000
0.0000,0.0000
0.0000,0.0000
0.0000,0.0000
0.0000,0.0000
0.0000,0.0000
0.0000,0.0000
0.0000,0.0000
0.0000,0.0000
0.0000,0.0000
0.0000,0.0000
0.0000,0.0000
0.0000,0.0000
0.0000,0.0000
0.0000,0.0000
0.0000,0.0000
0.0000,0.0000
0.0000,0.0000
0.0000,0.0000
0.0000,0.0000
0.0000,0.0000
0.0000,0.0000
0.0000,0.0000
0.0000,0.0000
0.0000,0.0000
0.0000,0.0000
0.0000,0.0000
0.0000,0.0000
0.0000,0.0000
0.0000,0.0000
0.0000,0.0000
0.0000,0.0000
0.0000,0.0000
0.0000,0.0000
0.0000,0.0000
-1.0796
-0.9138
-0.8890
-0.8202
-0.7688
-0.7688
-0.7590
-0.7318
-0.7239
-0.7206
-0.7164
-0.6630
-0.6396
-0.6198
-0.5450
-0.4851
-0.4675
-0.4635
-0.4585
-0.4552
-0.4288
-0.3887
-0.3688
-0.3564
-0.3531
-0.3512
-0.3314
-0.3221
-0.3216
-0.3086
-0.3054
-0.3015
-0.3008
-0.2861
-0.2746
-0.2626
-0.2341
-0.2306
-0.2291
-0.2022
-0.1939
-0.1900
-0.1879
-0.1822
-0.1717
-0.1713
-0.1550
-0.1545
-0.1536
-0.1437
-0.1422
-0.1392
-0.1330
-0.1197
-0.1156
-0.1127
-0.1105
-0.1037
-0.0844
-0.0716
-0.0711
-0.0647
-0.0604
-0.0410
-0.0293
-0.0253
-0.0166
-0.0090
0.0007
0.0062
0.0100
0.0101
0.0184
0.0206
0.0327
0.0357
0.0365
0.0393
0.0394
0.0571
0.0577
0.0589
0.0636
0.0665
0.0689
0.0744
0.0794
0.0807
0.0840
0.0915
0.0976
0.0987
0.0999
0.1059
0.1237
0.1265
0.1284
0.1298
0.1353
0.1365
0.1446
0.1477
0.1498
0.1635
0.1740
0.1785
0.1792
0.1856
0.1866
0.1894
0.1935
0.2063
0.2134
0.2176
0.2181
0.2248
0.2293
0.2333
0.2339
0.2366
0.2380
0.2410
0.2521
0.2541
0.2661
0.2681
0.2737
0.2759
0.2796
0.2888
0.2925
0.2926
0.2933
0.2973
0.3015
0.3101
0.3227
0.3321
0.3335
0.3350
0.3371
0.3377
0.3410
0.3554
0.3654
0.3696
0.3770
0.3807
0.3821
0.3827
0.3865
0.3870
0.3910
0.3922
0.3959
0.3959
0.3964
0.3998
0.4004
0.4059
0.4091
0.4167
0.4249
0.4306
0.4316
0.4333
0.4377
0.4384
0.4423
0.4576
0.4588
0.4656
0.4657
0.4691
0.4693
0.4790
0.4798
0.4831
0.4855
0.4876
0.4906
0.4917
0.4929
0.4952
0.4952
0.4971
0.5025
0.5040
0.5060
0.5118
0.5144
0.5156
0.5159
0.5218
0.5277
0.5291
0.5295
0.5323
0.5343
0.5356
0.5363
0.5418
0.5454
0.5458
0.5462
0.5462
0.5464
0.5474
0.5511
0.5598
0.5599
0.5603
0.5623
0.5675
0.5681
0.5712
0.5736
0.5739
0.5740
0.5772
0.5813
0.5818
0.5821
0.5827
0.5850
0.5866
0.5870
0.5885
0.5906
0.5960
0.5983
0.5989
0.6019
0.6061
0.6074
0.6081
0.6115
0.6182
0.6216
0.6223
0.6232
0.6255
0.6318
0.6395
0.6396
0.6404
0.6457
0.6461
0.6472
0.6521
0.6615
0.6663
0.6677
0.6681
0.6788
0.6825
0.6998
0.7031
0.7041
0.7046
0.7066
0.7095
0.7115
0.7119
0.7129
0.7153
0.7179
0.7194
0.7249
0.7282
0.7288
0.7299
0.7314
0.7348
0.7365
0.7383
0.7393
0.7398
0.7415
0.7442
0.7474
0.7512
0.7567
0.7580
0.7592
0.7613
0.7634
0.7635
0.7640
0.7646
0.7673
0.7681
0.7700
0.7768
0.7779
0.7781
0.7838
0.7858
0.7864
0.7870
0.7896
0.7898
0.7910
0.7910
0.7941
0.7950
0.7957
0.7996
0.8024
0.8033
0.8071
0.8089
0.8114
0.8131
0.8132
0.8162
0.8175
0.8196
0.8282
0.8289
0.8305
0.8316
0.8348
0.8358
0.8364
0.8366
0.8368
0.8370
0.8442
0.8489
0.8495
0.8563
0.8579
0.8589
0.8606
0.8639
0.8640
0.8647
0.8659
0.8700
0.8709
0.8757
0.8773
0.8779
0.8791
0.8941
0.8952
0.8976
0.8978
0.8980
0.9017
0.9032
0.9036
0.9042
0.9046
0.9090
0.9093
0.9132
0.9160
0.9163
0.9174
0.9226
0.9229
0.9421
0.9464
0.9545
0.9549
0.9577
0.9604
0.9615
0.9618
0.9620
0.9628
0.9659
0.9672
0.9678
0.9692
0.9703
0.9726
0.9741
0.9789
0.9809
0.9812
0.9861
0.9869
0.9892
0.9953
0.9958
1.0010
1.0034
1.0125
1.0129
1.0131
1.0154
1.0162
1.0179
1.0188
1.0207
1.0242
1.0245
1.0291
1.0313
1.0334
1.0337
1.0366
1.0404
1.0428
1.0431
1.0433
1.0445
1.0456
1.0469
1.0490
1.0551
1.0572
1.0627
1.0627
1.0640
1.0684
1.0707
1.0708
1.0746
1.0752
1.0759
1.0760
1.0878
1.0897
1.0910
1.0949
1.0954
1.0986
1.0986
1.0992
1.1017
1.1039
1.1045
1.1052
1.1063
1.1077
1.1112
1.1122
1.1122
1.1144
1.1163
1.1198
1.1237
1.1252
1.1257
1.1260
1.1416
1.1424
1.1509
1.1535
1.1548
1.1562
1.1565
1.1670
1.1670
1.1707
1.1723
1.1764
1.1845
1.1904
1.1912
1.1918
1.1926
1.1926
1.1927
1.1953
1.1975
1.1996
1.2045
1.2049
1.2061
1.2064
1.2086
1.2094
1.2156
1.2164
1.2176
1.2257
1.2259
1.2314
1.2318
1.2340
1.2358
1.2377
1.2395
1.2481
1.2481
1.2504
1.2562
1.2639
1.2705
1.2716
1.2731
1.2789
1.2797
1.2825
1.2831
1.2866
1.2904
1.2930
1.2935
1.2943
1.2947
1.2960
1.2961
1.2967
1.2969
1.2971
1.2997
1.3021
1.3026
1.3040
1.3067
1.3070
1.3079
1.3097
1.3103
1.3121
1.3157
1.3193
1.3221
1.3292
1.3328
1.3364
1.3371
1.3377
1.3378
1.3385
1.3427
1.3433
1.3447
1.3451
1.3545
1.3551
1.3569
1.3577
1.3605
1.3621
1.3647
1.3688
1.3728
1.3781
1.3810
1.3824
1.3847
1.3868
1.3893
1.3898
1.3958
1.3962
1.3966
1.3986
1.3988
1.3998
1.4039
1.4041
1.4048
1.4065
1.4078
1.4087
1.4134
1.4144
1.4183
1.4195
1.4211
1.4250
1.4283
1.4314
1.4336
1.4355
1.4377
1.4423
1.4443
1.4444
1.4488
1.4521
1.4541
1.4547
1.4577
1.4607
1.4617
1.4650
1.4683
1.4687
1.4704
1.4705
1.4742
1.4742
1.4749
1.4753
1.4762
1.4856
1.4956
1.4979
1.5007
1.5029
1.5081
1.5097
1.5104
1.5118
1.5122
1.5125
1.5129
1.5137
1.5205
1.5231
1.5290
1.5302
1.5317
1.5371
1.5372
1.5385
1.5390
1.5391
1.5398
1.5398
1.5428
1.5464
1.5481
1.5521
1.5531
1.5608
1.5619
1.5630
1.5633
1.5634
1.5681
1.5724
1.5747
1.5775
1.5784
1.5786
1.5805
1.5806
1.5825
1.5840
1.5841
1.5846
1.5848
1.5866
1.5877
1.5914
1.5932
1.5934
1.5937
1.5946
1.5951
1.5957
1.5961
1.6009
1.6017
1.6024
1.6048
1.6048
1.6082
1.6088
1.6134
1.6141
1.6179
1.6197
1.6217
1.6222
1.6241
1.6258
1.6267
1.6281
1.6289
1.6323
1.6374
1.6388
1.6444
1.6489
1.6502
1.6551
1.6554
1.6581
1.6592
1.6652
1.6664
1.6675
1.6721
1.6835
1.6898
1.6900
1.6916
1.6973
1.6974
1.6984
1.7042
1.7106
1.7134
1.7179
1.7184
1.7196
1.7202
1.7208
1.7237
1.7280
1.7281
1.7314
1.7321
1.7346
1.7501
1.7559
1.7567
1.7607
1.7637
1.7658
1.7664
1.7680
1.7770
1.7777
1.7839
1.7853
1.7923
1.8011
1.8037
1.8051
1.8067
1.8076
1.8193
1.8285
1.8292
1.8363
1.8385
1.8435
1.8534
1.8549
1.8579
1.8611
1.8793
1.8817
1.8880
1.8894
1.8928
1.8933
1.8963
1.9001
1.9022
1.9053
1.9150
1.9160
1.9231
1.9314
1.9317
1.9389
1.9433
1.9443
1.9445
1.9445
1.9454
1.9467
1.9561
1.9610
1.9641
1.9660
1.9678
1.9804
1.9806
1.9886
1.9897
1.9941
1.9989
2.0091
2.0170
2.0207
2.0233
2.0294
2.0296
2.0370
2.0382
2.0388
2.0481
2.0488
2.0498
2.0567
2.0568
2.0573
2.0583
2.0613
2.0640
2.0649
2.0756
2.0843
2.0845
2.0935
2.0987
2.1035
2.1069
2.1094
2.1094
2.1194
2.1229
2.1285
2.1291
2.1321
2.1406
2.1459
2.1594
2.1632
2.1665
2.1681
2.1766
2.1849
2.1883
2.1889
2.1931
2.2106
2.2205
2.2242
2.2275
2.2315
2.2346
2.2351
2.2373
2.2385
2.2428
2.2558
2.2712
2.2730
2.2804
2.2804
2.2827
2.2831
2.2837
2.2840
2.2848
2.2855
2.2860
2.2872
2.2922
2.2981
2.2988
2.3106
2.3164
2.3170
2.3215
2.3218
2.3229
2.3234
2.3247
2.3298
2.3372
2.3409
2.3455
2.3460
2.3479
2.3503
2.3507
2.3508
2.3518
2.3578
2.3604
2.3637
2.3693
2.3723
2.3772
2.3797
2.3804
2.3805
2.3832
2.3842
2.3892
2.3989
2.3993
2.4130
2.4196
2.4202
2.4277
2.4345
2.4388
2.4392
2.4438
2.4505
2.4543
2.4805
2.4842
2.4904
2.4948
2.4960
2.4967
2.5004
2.5293
2.5301
2.5350
2.5377
2.5444
2.5501
2.5649
2.5701
2.5761
2.5806
2.5853
2.5884
2.5941
2.5955
2.5999
2.6039
2.6311
2.6390
2.6460
2.6493
2.6600
2.6663
2.6752
2.6870
2.6996
2.7026
2.7067
2.7225
2.7457
2.7627
2.7692
2.7763
2.7796
2.7822
2.7925
2.7986
2.7987
2.8217
2.8412
2.8473
2.8521
2.8759
2.8970
2.8994
2.9016
2.9105
2.9180
2.9300
2.9444
2.9445
3.0012
3.0135
3.0167
3.0273
3.0500
3.0539
3.0578
3.0609
3.0706
3.0864
3.0909
3.0911
3.0951
3.0988
3.1077
3.1196
3.1199
3.1253
3.1445
3.1598
3.1930
3.1952
3.2019
3.2021
3.2071
3.2096
3.2119
3.2123
3.2137
3.2312
3.2522
3.2554
3.2918
3.2945
3.3041
3.3439
3.3506
3.3519
3.3950
3.4006
3.4280
3.4319
3.4369
3.4448
3.4484
3.4772
3.5031
3.5875
3.6006
3.6470
3.7143
3.7618
3.7657
3.8227
3.9555
3.9802
4.0433
4.1205
4.1555
4.1705
4.1714
4.3091
4.5838
5.0751
5.7109
