1000
1000
-1.4608,0.1934
-1.3648,0.1889
-1.1510,0.1466
-1.0046,0.1370
-0.8995,0.1333
-0.8196,0.1317
-0.7554,0.1290
-0.7037,0.1264
-0.6606,0.1233
-0.6241,0.1205
-0.5926,0.1176
-0.5651,0.1148
-0.5410,0.1123
-0.5196,0.1099
-0.5006,0.1079
-0.4833,0.1059
-0.4675,0.1039
-0.4531,0.1019
-0.4398,0.1001
-0.4276,0.0983
-0.4163,0.0967
-0.4057,0.0951
-0.3959,0.0935
-0.3867,0.0920
-0.3782,0.0906
-0.3702,0.0893
-0.3626,0.0880
-0.3554,0.0868
-0.3487,0.0857
-0.3423,0.0846
-0.3363,0.0835
-0.3305,0.0824
-0.3250,0.0814
-0.3198,0.0804
-0.3147,0.0794
-0.3099,0.0785
-0.3053,0.0776
-0.3010,0.0768
-0.2967,0.0759
-0.2927,0.0751
-0.2888,0.0743
-0.2850,0.0735
-0.2814,0.0728
-0.2779,0.0720
-0.2745,0.0712
-0.2712,0.0705
-0.2680,0.0698
-0.2650,0.0691
-0.2620,0.0685
-0.2592,0.0678
-0.2564,0.0672
-0.2537,0.0666
-0.2510,0.0660
-0.2485,0.0654
-0.2460,0.0648
-0.2436,0.0643
-0.2413,0.0637
-0.2390,0.0632
-0.2368,0.0627
-0.2347,0.0622
-0.2326,0.0617
-0.2305,0.0612
-0.2285,0.0608
-0.2266,0.0603
-0.2247,0.0599
-0.2228,0.0594
-0.2210,0.0590
-0.2192,0.0585
-0.2174,0.0581
-0.2157,0.0577
-0.2141,0.0573
-0.2124,0.0568
-0.2108,0.0564
-0.2093,0.0560
-0.2077,0.0557
-0.2062,0.0553
-0.2048,0.0549
-0.2033,0.0545
-0.2019,0.0542
-0.2005,0.0538
-0.1991,0.0534
-0.1978,0.0531
-0.1965,0.0528
-0.1952,0.0524
-0.1939,0.0521
-0.1927,0.0518
-0.1914,0.0514
-0.1902,0.0511
-0.1891,0.0508
-0.1879,0.0505
-0.1868,0.0502
-0.1856,0.0499
-0.1845,0.0496
-0.1834,0.0493
-0.1824,0.0490
-0.1813,0.0487
-0.1803,0.0484
-0.1792,0.0482
-0.1782,0.0479
-0.1772,0.0476
-0.1762,0.0474
-0.1753,0.0471
-0.1743,0.0469
-0.1734,0.0466
-0.1725,0.0464
-0.1715,0.0461
-0.1706,0.0459
-0.1698,0.0456
-0.1689,0.0454
-0.1680,0.0452
-0.1672,0.0449
-0.1663,0.0447
-0.1655,0.0445
-0.1647,0.0443
-0.1639,0.0440
-0.1631,0.0438
-0.1623,0.0436
-0.1615,0.0434
-0.1607,0.0432
-0.1600,0.0430
-0.1592,0.0428
-0.1585,0.0426
-0.1577,0.0424
-0.1570,0.0422
-0.1563,0.0420
-0.1556,0.0418
-0.1549,0.0416
-0.1542,0.0415
-0.1536,0.0413
-0.1529,0.0411
-0.1522,0.0409
-0.1516,0.0407
-0.1509,0.0406
-0.1503,0.0404
-0.1496,0.0402
-0.1490,0.0401
-0.1484,0.0399
-0.1478,0.0397
-0.1472,0.0396
-0.1466,0.0394
-0.1460,0.0393
-0.1454,0.0391
-0.1448,0.0389
-0.1442,0.0388
-0.1436,0.0386
-0.1430,0.0385
-0.1425,0.0383
-0.1419,0.0382
-0.1414,0.0380
-0.1408,0.0379
-0.1403,0.0378
-0.1397,0.0376
-0.1392,0.0375
-0.1387,0.0373
-0.1381,0.0372
-0.1376,0.0370
-0.1371,0.0369
-0.1366,0.0368
-0.1361,0.0366
-0.1356,0.0365
-0.1351,0.0363
-0.1346,0.0362
-0.1341,0.0361
-0.1336,0.0359
-0.1331,0.0358
-0.1326,0.0357
-0.1322,0.0355
-0.1317,0.0354
-0.1312,0.0353
-0.1308,0.0351
-0.1303,0.0350
-0.1298,0.0349
-0.1294,0.0347
-0.1289,0.0346
-0.1285,0.0345
-0.1280,0.0344
-0.1276,0.0342
-0.1272,0.0341
-0.1267,0.0340
-0.1263,0.0339
-0.1259,0.0337
-0.1255,0.0336
-0.1250,0.0335
-0.1246,0.0334
-0.1242,0.0333
-0.1238,0.0331
-0.1234,0.0330
-0.1230,0.0329
-0.1226,0.0328
-0.1222,0.0326
-0.1218,0.0325
-0.1214,0.0324
-0.1210,0.0323
-0.1206,0.0322
-0.1202,0.0321
-0.1198,0.0319
-0.1194,0.0318
-0.1190,0.0317
-0.1186,0.0316
-0.1183,0.0315
-0.1179,0.0314
-0.1175,0.0313
-0.1172,0.0311
-0.1168,0.0310
-0.1164,0.0309
-0.1161,0.0308
-0.1157,0.0307
-0.1153,0.0306
-0.1150,0.0305
-0.1146,0.0304
-0.1143,0.0303
-0.1139,0.0302
-0.1136,0.0301
-0.1132,0.0300
-0.1129,0.0299
-0.1125,0.0298
-0.1122,0.0297
-0.1119,0.0296
-0.1115,0.0295
-0.1112,0.0294
-0.1108,0.0293
-0.1105,0.0292
-0.1102,0.0291
-0.1099,0.0290
-0.1095,0.0289
-0.1092,0.0288
-0.1089,0.0287
-0.1086,0.0286
-0.1082,0.0285
-0.1079,0.0284
-0.1076,0.0283
-0.1073,0.0282
-0.1070,0.0281
-0.1067,0.0280
-0.1064,0.0279
-0.1061,0.0278
-0.1057,0.0277
-0.1054,0.0277
-0.1051,0.0276
-0.1048,0.0275
-0.1045,0.0274
-0.1042,0.0273
-0.1039,0.0272
-0.1036,0.0271
-0.1033,0.0270
-0.1030,0.0269
-0.1027,0.0268
-0.1025,0.0267
-0.1022,0.0267
-0.1019,0.0266
-0.1016,0.0265
-0.1013,0.0264
-0.1010,0.0263
-0.1007,0.0262
-0.1004,0.0261
-0.1002,0.0261
-0.0999,0.0260
-0.0996,0.0259
-0.0993,0.0258
-0.0990,0.0257
-0.0987,0.0256
-0.0985,0.0256
-0.0982,0.0255
-0.0979,0.0254
-0.0976,0.0253
-0.0974,0.0252
-0.0971,0.0251
-0.0968,0.0250
-0.0965,0.0250
-0.0963,0.0249
-0.0960,0.0248
-0.0957,0.0247
-0.0955,0.0246
-0.0952,0.0245
-0.0949,0.0245
-0.0947,0.0244
-0.0944,0.0243
-0.0941,0.0242
-0.0939,0.0241
-0.0936,0.0240
-0.0933,0.0240
-0.0931,0.0239
-0.0928,0.0238
-0.0926,0.0237
-0.0923,0.0236
-0.0920,0.0235
-0.0918,0.0235
-0.0915,0.0234
-0.0913,0.0233
-0.0910,0.0232
-0.0908,0.0231
-0.0905,0.0230
-0.0903,0.0230
-0.0900,0.0229
-0.0898,0.0228
-0.0895,0.0227
-0.0893,0.0227
-0.0890,0.0226
-0.0888,0.0225
-0.0885,0.0224
-0.0883,0.0224
-0.0880,0.0223
-0.0878,0.0222
-0.0876,0.0221
-0.0873,0.0221
-0.0871,0.0220
-0.0868,0.0219
-0.0866,0.0218
-0.0864,0.0218
-0.0861,0.0217
-0.0859,0.0216
-0.0856,0.0216
-0.0854,0.0215
-0.0852,0.0214
-0.0849,0.0213
-0.0847,0.0213
-0.0845,0.0212
-0.0842,0.0211
-0.0840,0.0210
-0.0838,0.0210
-0.0835,0.0209
-0.0833,0.0208
-0.0831,0.0208
-0.0828,0.0207
-0.0826,0.0206
-0.0824,0.0206
-0.0821,0.0205
-0.0819,0.0204
-0.0817,0.0203
-0.0814,0.0203
-0.0812,0.0202
-0.0810,0.0201
-0.0807,0.0200
-0.0805,0.0200
-0.0803,0.0199
-0.0801,0.0198
-0.0798,0.0198
-0.0796,0.0197
-0.0794,0.0196
-0.0791,0.0196
-0.0789,0.0195
-0.0787,0.0194
-0.0785,0.0193
-0.0782,0.0193
-0.0780,0.0192
-0.0778,0.0191
-0.0775,0.0191
-0.0773,0.0190
-0.0771,0.0189
-0.0769,0.0188
-0.0766,0.0188
-0.0764,0.0187
-0.0762,0.0186
-0.0760,0.0186
-0.0757,0.0185
-0.0755,0.0184
-0.0753,0.0184
-0.0750,0.0183
-0.0748,0.0182
-0.0746,0.0182
-0.0744,0.0181
-0.0741,0.0180
-0.0739,0.0179
-0.0737,0.0179
-0.0735,0.0178
-0.0733,0.0177
-0.0730,0.0177
-0.0728,0.0176
-0.0726,0.0176
-0.0724,0.0175
-0.0721,0.0174
-0.0719,0.0174
-0.0717,0.0173
-0.0715,0.0172
-0.0713,0.0172
-0.0710,0.0171
-0.0708,0.0170
-0.0706,0.0170
-0.0704,0.0169
-0.0702,0.0169
-0.0699,0.0168
-0.0697,0.0167
-0.0695,0.0167
-0.0693,0.0166
-0.0691,0.0165
-0.0688,0.0165
-0.0686,0.0164
-0.0684,0.0164
-0.0682,0.0163
-0.0680,0.0162
-0.0677,0.0162
-0.0675,0.0161
-0.0673,0.0161
-0.0671,0.0160
-0.0669,0.0159
-0.0666,0.0159
-0.0664,0.0158
-0.0662,0.0157
-0.0660,0.0157
-0.0658,0.0156
-0.0655,0.0155
-0.0653,0.0155
-0.0651,0.0154
-0.0649,0.0154
-0.0647,0.0153
-0.0644,0.0152
-0.0642,0.0152
-0.0640,0.0151
-0.0638,0.0150
-0.0636,0.0150
-0.0633,0.0149
-0.0631,0.0149
-0.0629,0.0148
-0.0627,0.0147
-0.0624,0.0147
-0.0622,0.0146
-0.0620,0.0145
-0.0618,0.0145
-0.0616,0.0144
-0.0613,0.0144
-0.0611,0.0143
-0.0609,0.0142
-0.0607,0.0142
-0.0605,0.0141
-0.0602,0.0140
-0.0600,0.0140
-0.0598,0.0139
-0.0596,0.0139
-0.0593,0.0138
-0.0591,0.0137
-0.0589,0.0137
-0.0587,0.0136
-0.0584,0.0136
-0.0582,0.0135
-0.0580,0.0134
-0.0578,0.0134
-0.0575,0.0133
-0.0573,0.0133
-0.0571,0.0132
-0.0569,0.0131
-0.0566,0.0131
-0.0564,0.0130
-0.0562,0.0129
-0.0560,0.0129
-0.0557,0.0128
-0.0555,0.0127
-0.0553,0.0127
-0.0550,0.0126
-0.0548,0.0125
-0.0546,0.0125
-0.0543,0.0124
-0.0541,0.0124
-0.0539,0.0123
-0.0536,0.0122
-0.0534,0.0122
-0.0531,0.0121
-0.0529,0.0120
-0.0527,0.0120
-0.0524,0.0119
-0.0522,0.0118
-0.0520,0.0118
-0.0517,0.0117
-0.0515,0.0116
-0.0512,0.0116
-0.0510,0.0115
-0.0508,0.0115
-0.0505,0.0114
-0.0503,0.0113
-0.0500,0.0113
-0.0498,0.0112
-0.0496,0.0111
-0.0493,0.0111
-0.0491,0.0110
-0.0488,0.0109
-0.0486,0.0109
-0.0483,0.0108
-0.0481,0.0107
-0.0478,0.0107
-0.0476,0.0106
-0.0473,0.0105
-0.0471,0.0105
-0.0468,0.0104
-0.0466,0.0104
-0.0463,0.0103
-0.0461,0.0102
-0.0458,0.0102
-0.0456,0.0101
-0.0453,0.0100
-0.0451,0.0100
-0.0448,0.0099
-0.0446,0.0099
-0.0443,0.0098
-0.0441,0.0097
-0.0438,0.0097
-0.0435,0.0096
-0.0433,0.0096
-0.0430,0.0095
-0.0428,0.0094
-0.0425,0.0094
-0.0422,0.0093
-0.0420,0.0093
-0.0417,0.0092
-0.0414,0.0092
-0.0412,0.0091
-0.0409,0.0090
-0.0406,0.0090
-0.0404,0.0089
-0.0401,0.0089
-0.0398,0.0088
-0.0395,0.0087
-0.0393,0.0087
-0.0390,0.0086
-0.0387,0.0086
-0.0384,0.0085
-0.0381,0.0084
-0.0379,0.0084
-0.0376,0.0083
-0.0373,0.0083
-0.0370,0.0082
-0.0367,0.0081
-0.0364,0.0081
-0.0361,0.0080
-0.0358,0.0079
-0.0355,0.0079
-0.0352,0.0078
-0.0349,0.0077
-0.0346,0.0077
-0.0343,0.0076
-0.0339,0.0075
-0.0336,0.0074
-0.0333,0.0074
-0.0330,0.0073
-0.0327,0.0072
-0.0323,0.0072
-0.0320,0.0071
-0.0317,0.0070
-0.0313,0.0070
-0.0310,0.0069
-0.0306,0.0068
-0.0303,0.0068
-0.0299,0.0067
-0.0296,0.0066
-0.0292,0.0066
-0.0289,0.0065
-0.0285,0.0064
-0.0281,0.0064
-0.0277,0.0063
-0.0274,0.0062
-0.0270,0.0061
-0.0266,0.0061
-0.0262,0.0060
-0.0258,0.0059
-0.0254,0.0058
-0.0250,0.0057
-0.0245,0.0057
-0.0241,0.0056
-0.0237,0.0055
-0.0232,0.0054
-0.0228,0.0053
-0.0223,0.0052
-0.0218,0.0052
-0.0213,0.0051
-0.0208,0.0050
-0.0203,0.0049
-0.0198,0.0048
-0.0193,0.0047
-0.0187,0.0047
-0.0182,0.0046
-0.0176,0.0045
-0.0170,0.0044
-0.0164,0.0044
-0.0158,0.0043
-0.0151,0.0042
-0.0144,0.0041
-0.0137,0.0039
-0.0129,0.0038
-0.0121,0.0037
-0.0112,0.0036
-0.0103,0.0034
-0.0092,0.0032
0.0000,0.0000
0.0000,0.0000
0.0000,0.0000
0.0000,0.0000
0.0000,0.0000
0.0000,0.0000
0.0000,0.0000
0.0000,0.0000
0.0000,0.0000
0.0000,0.0000
0.0000,0.0000
0.0000,0.0000
0.0000,0.0000
0.0000,0.0000
0.0000,0.0000
0.0000,0.0000
0.0000,0.0000
0.0000,0.0000
0.0000,0.0000
0.0000,0.0000
0.0000,0.0000
0.0000,0.0000
0.0000,0.0000
0.0000,0.0000
0.0000,0.0000
0.0000,0.0000
0.0000,0.0000
0.0000,0.0000
0.0000,0.0000
0.0000,0.0000
0.0000,0.0000
0.0000,0.0000
0.0000,0.0000
0.0000,0.0000
0.0000,0.0000
0.0000,0.0000
0.0000,0.0000
0.0000,0.0000
0.0000,0.0000
0.0000,0.0000
0.0000,0.0000
0.0000,0.0000
0.0000,0.0000
0.0000,0.0000
0.0000,0.0000
0.0000,0.0000
0.0000,0.0000
0.0000,0.0000
0.0000,0.0000
0.0000,0.0000
0.0000,0.0000
0.0000,0.0000
0.0000,0.0000
0.0000,0.0000
0.0000,0.0000
0.0000,0.0000
0.0000,0.0000
0.0000,0.0000
0.0000,0.0000
0.0000,0.0000
0.0000,0.0000
0.0000,0.0000
0.0000,0.0000
0.0000,0.0000
0.0000,0.0000
0.0000,0.0000
0.0000,0.0000
0.0000,0.0000
0.0000,0.0000
0.0000,0.0000
0.0000,0.0000
0.0000,0.0000
0.0000,0.0000
0.0000,0.0000
0.0000,0.0000
0.0000,0.0000
0.0000,0.0000
0.0000,0.0000
0.0000,0.0000
0.0000,0.0000
0.0000,0.0000
0.0000,0.0000
0.0000,0.0000
0.0000,0.0000
0.0000,0.0000
0.0000,0.0000
0.0000,0.0000
0.0000,0.0000
0.0000,0.0000
0.0000,0.0000
0.0000,0.0000
0.0000,0.0000
0.0000,0.0000
0.0000,0.0000
0.0000,0.0000
0.0000,0.0000
0.0000,0.0000
0.0000,0.0000
0.0000,0.0000
0.0000,0.0000
0.0000,0.0000
0.0000,0.0000
0.0000,0.0000
0.0000,0.0000
0.0000,0.0000
0.0000,0.0000
0.0000,0.0000
0.0000,0.0000
0.0000,0.0000
0.0000,0.0000
0.0000,0.0000
0.0000,0.0000
0.0000,0.0000
0.0000,0.0000
0.0000,0.0000
0.0000,0.0000
0.0000,0.0000
0.0000,0.0000
0.0000,0.0000
0.0000,0.0000
0.0000,0.0000
0.0000,0.0000
0.0000,0.0000
0.0000,0.0000
0.0000,0.0000
0.0000,0.0000
0.0000,0.0000
0.0000,0.0000
0.0000,0.0000
0.0000,0.0000
0.0000,0.0000
0.0000,0.0000
0.0000,0.0000
0.0000,0.0000
0.0000,0.0000
0.0000,0.0000
0.0000,0.0000
0.0000,0.0000
0.0000,0.0000
0.0000,0.0000
0.0000,0.0000
0.0000,0.0000
0.0000,0.0000
0.0000,0.0000
0.0000,0.0000
0.0000,0.0000
0.0000,0.0000
0.0000,0.0000
0.0000,0.0000
0.0000,0.0000
0.0000,0.0000
0.0000,0.0000
0.0000,0.0000
0.0000,0.0000
0.0000,0.0000
0.0000,0.0000
0.0000,0.0000
0.0000,0.0000
0.0000,0.0000
0.0000,0.0000
0.0000,0.0000
0.0000,0.0000
0.0000,0.0000
0.0000,0.0000
0.0000,0.0000
0.0000,0.0000
0.0000,0.0000
0.0000,0.0000
0.0000,0.0000
0.0000,0.0000
0.0000,0.0000
0.0000,0.0000
0.0000,0.0000
0.0000,0.0000
0.0000,0.0000
0.0000,0.0000
0.0000,0.0000
0.0000,0.0000
0.0000,0.0000
0.0000,0.0000
0.0000,0.0000
0.0000,0.0000
0.0000,0.0000
0.0000,0.0000
0.0000,0.0000
0.0000,0.0000
0.0000,0.0000
0.0000,0.0000
0.0000,0.0000
0.0000,0.0000
0.0000,0.0000
0.0000,0.0000
0.0000,0.0000
0.0000,0.0000
0.0000,0.0000
0.0000,0.0000
0.0000,0.0000
0.0000,0.0000
0.0000,0.0000
0.0000,0.0000
0.0000,0.0000
0.0000,0.0000
0.0000,0.0000
0.0000,0.0000
0.0000,0.0000
0.0000,0.0000
0.0000,0.0000
0.0000,0.0000
0.0000,0.0000
0.0000,0.0000
0.0000,0.0000
0.0000,0.0000
0.0000,0.0000
0.0000,0.0000
0.0000,0.0000
0.0000,0.0000
0.0000,0.0000
0.0000,0.0000
0.0000,0.0000
0.0000,0.0000
0.0000,0.0000
0.0000,0.0000
0.0000,0.0000
0.0000,0.0000
0.0000,0.0000
0.0000,0.0000
0.0000,0.0000
0.0000,0.0000
0.0000,0.0000
0.0000,0.0000
0.0000,0.0000
0.0000,0.0000
0.0000,0.0000
0.0000,0.0000
0.0000,0.0000
0.0000,0.0000
0.0000,0.0000
0.0000,0.0000
0.0000,0.0000
0.0000,0.0000
0.0000,0.0000
0.0000,0.0000
0.0000,0.0000
0.0000,0.0000
0.0000,0.0000
0.0000,0.0000
0.0000,0.0000
0.0000,0.0000
0.0000,0.0000
0.0000,0.0000
0.0000,0.0000
0.0000,0.0000
0.0000,0.0000
0.0000,0.0000
0.0000,0.0000
0.0000,0.0000
0.0000,0.0000
0.0000,0.0000
0.0000,0.0000
0.0000,0.0000
0.0000,0.0000
0.0000,0.0000
0.0000,0.0000
0.0000,0.0000
0.0000,0.0000
0.0000,0.0000
0.0000,0.0000
0.0000,0.0000
0.0000,0.0000
0.0000,0.0000
0.0000,0.0000
0.0000,0.0000
0.0000,0.0000
0.0000,0.0000
0.0000,0.0000
0.0000,0.0000
0.0000,0.0000
0.0000,0.0000
0.0000,0.0000
0.0000,0.0000
0.0000,0.0000
0.0000,0.0000
0.0000,0.0000
0.0000,0.0000
0.0000,0.0000
0.0000,0.0000
0.0000,0.0000
0.0000,0.0000
0.0000,0.0000
0.0000,0.0000
0.0000,0.0000
0.0000,0.0000
0.0000,0.0000
0.0000,0.0000
0.0000,0.0000
0.0000,0.0000
0.0000,0.0000
0.0000,0.0000
0.0000,0.0000
0.0000,0.0000
0.0000,0.0000
0.0000,0.0000
0.0000,0.0000
0.0000,0.0000
0.0000,0.0000
0.0000,0.0000
0.0000,0.0000
0.0000,0.0000
0.0000,0.0000
0.0000,0.0000
0.0000,0.0000
0.0000,0.0000
0.0000,0.0000
0.0000,0.0000
0.0000,0.0000
0.0000,0.0000
0.0000,0.0000
0.0000,0.0000
0.0000,0.0000
0.0000,0.0000
0.0000,0.0000
0.0000,0.0000
0.0000,0.0000
0.0000,0.0000
0.0000,0.0000
0.0000,0.0000
0.0000,0.0000
0.0000,0.0000
0.0000,0.0000
0.0000,0.0000
0.0000,0.0000
0.0000,0.0000
0.0000,0.0000
0.0000,0.0000
0.0000,0.0000
0.0000,0.0000
0.0000,0.0000
0.0000,0.0000
0.0000,0.0000
0.0000,0.0000
0.0000,0.0000
0.0000,0.0000
0.0000,0.0000
0.0000,0.0000
0.0000,0.0000
0.0000,0.0000
0.0000,0.0000
0.0000,0.0000
0.0000,0.0000
0.0000,0.0000
0.0000,0.0000
0.0000,0.0000
0.0000,0.0000
0.0000,0.0000
0.0000,0.0000
0.0000,0.0000
0.0000,0.0000
0.0000,0.0000
0.0000,0.0000
0.0000,0.0000
0.0000,0.0000
0.0000,0.0000
0.0000,0.0000
0.0000,0.0000
0.0000,0.0000
0.0000,0.0000
0.0000,0.0000
0.0000,0.0000
0.0000,0.0000
0.0000,0.0000
0.0000,0.0000
0.0000,0.0000
0.0000,0.0000
0.0000,0.0000
0.0000,0.0000
0.0000,0.0000
0.0000,0.0000
0.0000,0.0000
0.0000,0.0000
0.0000,0.0000
0.0000,0.0000
0.0000,0.0000
0.0000,0.0000
0.0000,0.0000
0.0000,0.0000
0.0000,0.0000
0.0000,0.0000
0.0000,0.0000
0.0000,0.0000
0.0000,0.0000
0.0000,0.0000
0.0000,0.0000
0.0000,0.0000
0.0000,0.0000
0.0000,0.0000
0.0000,0.0000
0.0000,0.0000
0.0000,0.0000
0.0000,0.0000
0.0000,0.0000
0.0000,0.0000
0.0000,0.0000
0.0000,0.0000
0.0000,0.0000
0.0000,0.0000
0.0000,0.0000
0.0000,0.0000
0.0000,0.0000
0.0000,0.0000
0.0000,0.0000
0.0000,0.0000
0.0000,0.0000
0.0000,0.0000
0.0000,0.0000
0.0000,0.0000
0.0000,0.0000
0.0000,0.0000
0.0000,0.0000
0.0000,0.0000
0.0000,0.0000
-0.5762
-0.3489
-0.3119
-0.2425
-0.2244
-0.2236
-0.1969
-0.1931
-0.1632
-0.1444
-0.1304
-0.1237
-0.0749
-0.0684
-0.0554
-0.0334
-0.0299
0.0066
0.0220
0.0248
0.0428
0.0672
0.0721
0.0724
0.0780
0.0952
0.1139
0.1166
0.1218
0.1224
0.1454
0.1455
0.1542
0.1642
0.1848
0.1926
0.1952
0.1979
0.2087
0.2235
0.2318
0.2407
0.2486
0.2664
0.2702
0.2808
0.2857
0.3120
0.3136
0.3204
0.3223
0.3231
0.3242
0.3255
0.3306
0.3309
0.3384
0.3444
0.3453
0.3570
0.3650
0.3687
0.3696
0.3717
0.3902
0.3908
0.4002
0.4025
0.4105
0.4155
0.4248
0.4279
0.4329
0.4384
0.4422
0.4423
0.4429
0.4446
0.4554
0.4588
0.4626
0.4631
0.4717
0.4751
0.4842
0.4850
0.4910
0.4912
0.4934
0.4952
0.4996
0.4998
0.5100
0.5112
0.5213
0.5219
0.5225
0.5237
0.5331
0.5339
0.5362
0.5377
0.5403
0.5423
0.5429
0.5456
0.5504
0.5599
0.5608
0.5683
0.5689
0.5753
0.5760
0.5802
0.5843
0.5884
0.5920
0.6039
0.6043
0.6088
0.6093
0.6139
0.6190
0.6297
0.6325
0.6401
0.6436
0.6495
0.6505
0.6525
0.6529
0.6535
0.6550
0.6655
0.6664
0.6791
0.6829
0.6855
0.6948
0.7005
0.7022
0.7046
0.7114
0.7178
0.7217
0.7316
0.7369
0.7386
0.7443
0.7458
0.7484
0.7485
0.7518
0.7523
0.7588
0.7601
0.7613
0.7618
0.7694
0.7709
0.7745
0.7752
0.7772
0.7803
0.7809
0.7812
0.7857
0.7859
0.7885
0.7904
0.7949
0.7965
0.7977
0.8006
0.8015
0.8025
0.8049
0.8055
0.8120
0.8157
0.8187
0.8257
0.8290
0.8317
0.8386
0.8397
0.8424
0.8493
0.8506
0.8519
0.8573
0.8576
0.8578
0.8629
0.8651
0.8667
0.8670
0.8709
0.8736
0.8755
0.8778
0.8784
0.8795
0.8795
0.8798
0.8820
0.8888
0.8909
0.8910
0.8925
0.8935
0.9007
0.9015
0.9023
0.9051
0.9054
0.9062
0.9097
0.9099
0.9115
0.9123
0.9126
0.9142
0.9221
0.9221
0.9307
0.9309
0.9343
0.9350
0.9360
0.9373
0.9492
0.9497
0.9519
0.9537
0.9551
0.9555
0.9562
0.9564
0.9574
0.9612
0.9617
0.9636
0.9641
0.9650
0.9671
0.9754
0.9765
0.9820
0.9887
0.9909
0.9927
0.9931
0.9933
0.9945
0.9948
0.9971
1.0004
1.0022
1.0070
1.0141
1.0142
1.0157
1.0163
1.0175
1.0176
1.0178
1.0180
1.0193
1.0237
1.0258
1.0260
1.0268
1.0287
1.0301
1.0309
1.0314
1.0314
1.0316
1.0354
1.0371
1.0380
1.0403
1.0465
1.0474
1.0475
1.0482
1.0500
1.0504
1.0569
1.0646
1.0665
1.0720
1.0729
1.0747
1.0755
1.0766
1.0775
1.0784
1.0809
1.0871
1.0885
1.0887
1.0914
1.0922
1.0926
1.0947
1.0949
1.0954
1.0979
1.1001
1.1033
1.1051
1.1062
1.1069
1.1075
1.1108
1.1109
1.1120
1.1139
1.1191
1.1272
1.1287
1.1294
1.1297
1.1318
1.1328
1.1337
1.1353
1.1357
1.1367
1.1372
1.1394
1.1409
1.1444
1.1465
1.1513
1.1547
1.1587
1.1610
1.1611
1.1644
1.1714
1.1738
1.1747
1.1748
1.1754
1.1803
1.1817
1.1832
1.1851
1.1870
1.1891
1.1893
1.1915
1.1916
1.1926
1.1942
1.1987
1.2047
1.2055
1.2056
1.2058
1.2106
1.2131
1.2132
1.2153
1.2156
1.2186
1.2226
1.2276
1.2306
1.2317
1.2376
1.2380
1.2417
1.2421
1.2464
1.2475
1.2511
1.2533
1.2541
1.2544
1.2546
1.2552
1.2599
1.2604
1.2642
1.2643
1.2657
1.2672
1.2685
1.2698
1.2741
1.2762
1.2776
1.2811
1.2812
1.2824
1.2828
1.2858
1.2860
1.2918
1.2931
1.2936
1.2978
1.2980
1.3015
1.3018
1.3028
1.3076
1.3079
1.3084
1.3091
1.3092
1.3118
1.3135
1.3146
1.3179
1.3185
1.3200
1.3200
1.3234
1.3264
1.3279
1.3292
1.3322
1.3348
1.3372
1.3382
1.3404
1.3430
1.3498
1.3508
1.3532
1.3558
1.3568
1.3573
1.3606
1.3608
1.3629
1.3676
1.3751
1.3820
1.3838
1.3852
1.3898
1.3937
1.3993
1.4001
1.4011
1.4028
1.4055
1.4067
1.4079
1.4085
1.4087
1.4090
1.4107
1.4119
1.4177
1.4212
1.4225
1.4236
1.4250
1.4256
1.4260
1.4306
1.4371
1.4380
1.4422
1.4445
1.4450
1.4457
1.4519
1.4538
1.4547
1.4572
1.4593
1.4607
1.4609
1.4654
1.4657
1.4674
1.4693
1.4693
1.4704
1.4748
1.4748
1.4750
1.4761
1.4800
1.4825
1.4850
1.4876
1.4887
1.4889
1.4900
1.5001
1.5055
1.5062
1.5094
1.5169
1.5185
1.5189
1.5190
1.5221
1.5241
1.5244
1.5273
1.5278
1.5366
1.5366
1.5394
1.5397
1.5436
1.5450
1.5476
1.5489
1.5549
1.5594
1.5647
1.5648
1.5671
1.5729
1.5758
1.5759
1.5762
1.5939
1.5983
1.5985
1.6015
1.6037
1.6072
1.6089
1.6098
1.6102
1.6133
1.6204
1.6251
1.6261
1.6264
1.6264
1.6286
1.6310
1.6338
1.6344
1.6348
1.6371
1.6374
1.6374
1.6418
1.6434
1.6444
1.6459
1.6469
1.6504
1.6508
1.6555
1.6566
1.6575
1.6609
1.6620
1.6674
1.6698
1.6711
1.6712
1.6723
1.6780
1.6787
1.6789
1.6813
1.6834
1.6908
1.6955
1.6957
1.6993
1.7003
1.7010
1.7013
1.7033
1.7042
1.7117
1.7149
1.7160
1.7179
1.7183
1.7186
1.7195
1.7199
1.7201
1.7274
1.7275
1.7300
1.7300
1.7303
1.7307
1.7307
1.7351
1.7415
1.7439
1.7441
1.7485
1.7498
1.7506
1.7519
1.7533
1.7538
1.7558
1.7583
1.7598
1.7620
1.7660
1.7666
1.7673
1.7688
1.7715
1.7729
1.7748
1.7750
1.7757
1.7762
1.7914
1.7933
1.7949
1.7961
1.7964
1.7987
1.8010
1.8057
1.8069
1.8117
1.8167
1.8187
1.8243
1.8265
1.8282
1.8305
1.8372
1.8377
1.8386
1.8387
1.8419
1.8435
1.8469
1.8472
1.8479
1.8584
1.8585
1.8643
1.8645
1.8658
1.8659
1.8707
1.8728
1.8730
1.8759
1.8761
1.8782
1.8811
1.8812
1.8888
1.8908
1.8924
1.8932
1.8945
1.8970
1.8981
1.9010
1.9026
1.9032
1.9084
1.9160
1.9160
1.9164
1.9193
1.9235
1.9269
1.9297
1.9404
1.9407
1.9416
1.9433
1.9469
1.9477
1.9522
1.9579
1.9587
1.9597
1.9645
1.9672
1.9694
1.9740
1.9774
1.9779
1.9832
1.9846
1.9945
1.9970
1.9983
1.9988
2.0000
2.0048
2.0054
2.0061
2.0102
2.0104
2.0217
2.0240
2.0242
2.0248
2.0258
2.0259
2.0279
2.0321
2.0339
2.0377
2.0453
2.0465
2.0512
2.0524
2.0633
2.0644
2.0676
2.0687
2.0801
2.0824
2.0853
2.0885
2.0896
2.0901
2.0906
2.0915
2.0982
2.0987
2.0988
2.1056
2.1066
2.1081
2.1091
2.1146
2.1179
2.1225
2.1251
2.1329
2.1354
2.1404
2.1436
2.1440
2.1465
2.1482
2.1601
2.1615
2.1629
2.1631
2.1660
2.1665
2.1685
2.1825
2.1827
2.1829
2.1850
2.1878
2.1884
2.1907
2.1918
2.1930
2.1966
2.1970
2.1986
2.1994
2.2003
2.2033
2.2035
2.2069
2.2092
2.2100
2.2166
2.2168
2.2181
2.2268
2.2337
2.2425
2.2441
2.2446
2.2453
2.2472
2.2624
2.2651
2.2656
2.2697
2.2713
2.2747
2.2827
2.2854
2.2933
2.2935
2.2955
2.2959
2.3005
2.3105
2.3116
2.3124
2.3154
2.3173
2.3199
2.3201
2.3262
2.3273
2.3347
2.3383
2.3420
2.3435
2.3446
2.3487
2.3490
2.3537
2.3617
2.3637
2.3706
2.3748
2.3770
2.3779
2.3808
2.3808
2.3844
2.3904
2.3947
2.3992
2.4024
2.4157
2.4184
2.4259
2.4305
2.4471
2.4515
2.4542
2.4621
2.4671
2.4730
2.4759
2.4801
2.4831
2.4856
2.4900
2.4924
2.4961
2.4969
2.4978
2.5031
2.5031
2.5068
2.5073
2.5085
2.5093
2.5219
2.5251
2.5290
2.5323
2.5335
2.5544
2.5583
2.5792
2.5897
2.5914
2.5938
2.5955
2.6053
2.6118
2.6123
2.6139
2.6154
2.6166
2.6196
2.6197
2.6240
2.6264
2.6280
2.6353
2.6358
2.6417
2.6437
2.6484
2.6521
2.6598
2.6641
2.6772
2.6824
2.6854
2.7102
2.7183
2.7184
2.7336
2.7494
2.7591
2.7612
2.7647
2.7697
2.7778
2.7859
2.7914
2.7942
2.7979
2.7996
2.8015
2.8091
2.8115
2.8129
2.8288
2.8496
2.8567
2.8651
2.8726
2.8886
2.8982
2.8987
2.9013
2.9220
2.9510
2.9521
2.9534
2.9547
2.9597
2.9692
2.9728
2.9733
2.9840
2.9877
3.0094
3.0097
3.0119
3.0205
3.0345
3.0445
3.0460
3.0494
3.0682
3.0737
3.0824
3.0896
3.1114
3.1338
3.1390
3.1543
3.1582
3.1607
3.1641
3.1768
3.1808
3.2097
3.2229
3.2354
3.2366
3.2607
3.2683
3.3011
3.3056
3.3093
3.3379
3.3484
3.3511
3.3578
3.3875
3.3960
3.4068
3.4148
3.4314
3.4759
3.5103
3.5252
3.5791
3.6167
3.6178
3.6196
3.6205
3.6331
3.6523
3.6638
3.6835
3.7197
3.7208
3.7502
3.7816
3.7819
3.8070
3.8781
3.8864
3.9081
3.9208
3.9748
4.0488
4.0597
4.0821
4.3141
4.3483
4.6313
4.7708
4.9323
4.9469
5.1556
