1000
1000
-1.7815,0.2214
-1.6830,0.2205
-1.4653,0.1705
-1.3115,0.1546
-1.1968,0.1494
-1.1079,0.1463
-1.0360,0.1431
-0.9766,0.1405
-0.9265,0.1381
-0.8837,0.1354
-0.8465,0.1327
-0.8140,0.1303
-0.7854,0.1284
-0.7595,0.1264
-0.7361,0.1243
-0.7143,0.1219
-0.6944,0.1196
-0.6763,0.1175
-0.6595,0.1156
-0.6440,0.1139
-0.6295,0.1122
-0.6159,0.1106
-0.6031,0.1090
-0.5910,0.1075
-0.5797,0.1061
-0.5689,0.1047
-0.5588,0.1035
-0.5492,0.1023
-0.5401,0.1011
-0.5315,0.1000
-0.5234,0.0991
-0.5156,0.0981
-0.5081,0.0972
-0.5010,0.0963
-0.4941,0.0953
-0.4875,0.0944
-0.4811,0.0936
-0.4750,0.0927
-0.4691,0.0918
-0.4634,0.0910
-0.4579,0.0902
-0.4526,0.0894
-0.4475,0.0886
-0.4426,0.0880
-0.4379,0.0873
-0.4332,0.0866
-0.4287,0.0860
-0.4244,0.0853
-0.4201,0.0846
-0.4160,0.0840
-0.4120,0.0834
-0.4081,0.0828
-0.4043,0.0822
-0.4006,0.0816
-0.3970,0.0810
-0.3934,0.0804
-0.3900,0.0799
-0.3867,0.0794
-0.3834,0.0789
-0.3803,0.0783
-0.3772,0.0778
-0.3741,0.0773
-0.3712,0.0768
-0.3683,0.0763
-0.3654,0.0758
-0.3627,0.0753
-0.3599,0.0748
-0.3573,0.0743
-0.3546,0.0738
-0.3521,0.0734
-0.3496,0.0729
-0.3471,0.0724
-0.3447,0.0719
-0.3423,0.0714
-0.3400,0.0709
-0.3377,0.0705
-0.3355,0.0700
-0.3333,0.0695
-0.3311,0.0691
-0.3290,0.0687
-0.3270,0.0683
-0.3249,0.0679
-0.3229,0.0674
-0.3210,0.0670
-0.3190,0.0667
-0.3171,0.0663
-0.3153,0.0659
-0.3135,0.0656
-0.3117,0.0652
-0.3099,0.0649
-0.3082,0.0646
-0.3065,0.0642
-0.3048,0.0639
-0.3032,0.0636
-0.3016,0.0633
-0.3000,0.0630
-0.2984,0.0627
-0.2969,0.0624
-0.2954,0.0622
-0.2939,0.0619
-0.2924,0.0616
-0.2909,0.0613
-0.2895,0.0611
-0.2881,0.0608
-0.2867,0.0605
-0.2853,0.0603
-0.2840,0.0600
-0.2826,0.0598
-0.2813,0.0595
-0.2800,0.0593
-0.2787,0.0590
-0.2774,0.0588
-0.2762,0.0585
-0.2749,0.0583
-0.2737,0.0581
-0.2725,0.0578
-0.2713,0.0576
-0.2701,0.0574
-0.2690,0.0572
-0.2678,0.0570
-0.2667,0.0568
-0.2656,0.0566
-0.2645,0.0564
-0.2634,0.0562
-0.2623,0.0560
-0.2613,0.0558
-0.2602,0.0557
-0.2592,0.0555
-0.2582,0.0553
-0.2572,0.0551
-0.2562,0.0549
-0.2552,0.0548
-0.2542,0.0546
-0.2532,0.0544
-0.2523,0.0543
-0.2513,0.0541
-0.2504,0.0539
-0.2495,0.0538
-0.2485,0.0536
-0.2476,0.0534
-0.2467,0.0533
-0.2459,0.0531
-0.2450,0.0530
-0.2441,0.0528
-0.2433,0.0527
-0.2424,0.0526
-0.2416,0.0524
-0.2408,0.0523
-0.2399,0.0522
-0.2391,0.0520
-0.2383,0.0519
-0.2375,0.0518
-0.2367,0.0516
-0.2359,0.0515
-0.2352,0.0514
-0.2344,0.0513
-0.2336,0.0511
-0.2329,0.0510
-0.2322,0.0509
-0.2314,0.0508
-0.2307,0.0506
-0.2300,0.0505
-0.2292,0.0504
-0.2285,0.0503
-0.2278,0.0502
-0.2271,0.0501
-0.2264,0.0499
-0.2258,0.0498
-0.2251,0.0497
-0.2244,0.0496
-0.2237,0.0495
-0.2231,0.0494
-0.2224,0.0493
-0.2218,0.0492
-0.2211,0.0490
-0.2205,0.0489
-0.2198,0.0488
-0.2192,0.0487
-0.2186,0.0486
-0.2180,0.0485
-0.2173,0.0484
-0.2167,0.0483
-0.2161,0.0482
-0.2155,0.0480
-0.2149,0.0479
-0.2143,0.0478
-0.2137,0.0477
-0.2132,0.0476
-0.2126,0.0475
-0.2120,0.0474
-0.2114,0.0473
-0.2109,0.0472
-0.2103,0.0471
-0.2098,0.0470
-0.2092,0.0469
-0.2087,0.0468
-0.2081,0.0467
-0.2076,0.0466
-0.2070,0.0465
-0.2065,0.0464
-0.2060,0.0463
-0.2055,0.0462
-0.2050,0.0462
-0.2044,0.0461
-0.2039,0.0460
-0.2034,0.0459
-0.2029,0.0458
-0.2024,0.0457
-0.2019,0.0456
-0.2015,0.0455
-0.2010,0.0454
-0.2005,0.0453
-0.2000,0.0453
-0.1995,0.0452
-0.1991,0.0451
-0.1986,0.0450
-0.1981,0.0449
-0.1977,0.0448
-0.1972,0.0448
-0.1967,0.0447
-0.1963,0.0446
-0.1958,0.0445
-0.1954,0.0444
-0.1949,0.0443
-0.1945,0.0443
-0.1941,0.0442
-0.1936,0.0441
-0.1932,0.0440
-0.1928,0.0439
-0.1923,0.0439
-0.1919,0.0438
-0.1915,0.0437
-0.1911,0.0436
-0.1907,0.0436
-0.1903,0.0435
-0.1899,0.0434
-0.1894,0.0434
-0.1890,0.0433
-0.1886,0.0432
-0.1883,0.0432
-0.1879,0.0431
-0.1875,0.0430
-0.1871,0.0430
-0.1867,0.0429
-0.1863,0.0428
-0.1859,0.0428
-0.1855,0.0427
-0.1852,0.0426
-0.1848,0.0425
-0.1844,0.0425
-0.1840,0.0424
-0.1837,0.0423
-0.1833,0.0423
-0.1829,0.0422
-0.1826,0.0421
-0.1822,0.0421
-0.1818,0.0420
-0.1815,0.0419
-0.1811,0.0419
-0.1808,0.0418
-0.1804,0.0417
-0.1801,0.0417
-0.1797,0.0416
-0.1794,0.0416
-0.1790,0.0415
-0.1787,0.0414
-0.1784,0.0414
-0.1780,0.0413
-0.1777,0.0412
-0.1774,0.0412
-0.1770,0.0411
-0.1767,0.0411
-0.1764,0.0410
-0.1760,0.0409
-0.1757,0.0409
-0.1754,0.0408
-0.1751,0.0408
-0.1748,0.0407
-0.1744,0.0406
-0.1741,0.0406
-0.1738,0.0405
-0.1735,0.0405
-0.1732,0.0404
-0.1729,0.0404
-0.1726,0.0403
-0.1723,0.0402
-0.1720,0.0402
-0.1717,0.0401
-0.1714,0.0401
-0.1711,0.0400
-0.1708,0.0400
-0.1705,0.0399
-0.1702,0.0399
-0.1699,0.0398
-0.1696,0.0397
-0.1693,0.0397
-0.1690,0.0396
-0.1687,0.0396
-0.1684,0.0395
-0.1682,0.0395
-0.1679,0.0394
-0.1676,0.0394
-0.1673,0.0393
-0.1670,0.0392
-0.1668,0.0392
-0.1665,0.0391
-0.1662,0.0391
-0.1659,0.0390
-0.1657,0.0390
-0.1654,0.0389
-0.1651,0.0389
-0.1648,0.0388
-0.1646,0.0388
-0.1643,0.0387
-0.1640,0.0387
-0.1638,0.0386
-0.1635,0.0386
-0.1633,0.0385
-0.1630,0.0385
-0.1627,0.0384
-0.1625,0.0384
-0.1622,0.0383
-0.1620,0.0383
-0.1617,0.0382
-0.1615,0.0382
-0.1612,0.0381
-0.1610,0.0381
-0.1607,0.0380
-0.1605,0.0380
-0.1602,0.0379
-0.1600,0.0379
-0.1597,0.0378
-0.1595,0.0378
-0.1593,0.0377
-0.1590,0.0377
-0.1588,0.0376
-0.1585,0.0376
-0.1583,0.0375
-0.1581,0.0375
-0.1578,0.0374
-0.1576,0.0374
-0.1574,0.0373
-0.1571,0.0373
-0.1569,0.0372
-0.1567,0.0372
-0.1564,0.0371
-0.1562,0.0371
-0.1560,0.0370
-0.1557,0.0370
-0.1555,0.0369
-0.1553,0.0369
-0.1551,0.0368
-0.1548,0.0368
-0.1546,0.0367
-0.1544,0.0367
-0.1542,0.0366
-0.1540,0.0366
-0.1537,0.0366
-0.1535,0.0365
-0.1533,0.0365
-0.1531,0.0364
-0.1529,0.0364
-0.1527,0.0363
-0.1525,0.0363
-0.1522,0.0362
-0.1520,0.0362
-0.1518,0.0361
-0.1516,0.0361
-0.1514,0.0361
-0.1512,0.0360
-0.1510,0.0360
-0.1508,0.0359
-0.1506,0.0359
-0.1504,0.0358
-0.1502,0.0358
-0.1500,0.0357
-0.1498,0.0357
-0.1496,0.0356
-0.1494,0.0356
-0.1492,0.0356
-0.1490,0.0355
-0.1488,0.0355
-0.1486,0.0354
-0.1484,0.0354
-0.1482,0.0353
-0.1480,0.0353
-0.1478,0.0352
-0.1476,0.0352
-0.1474,0.0351
-0.1472,0.0351
-0.1470,0.0351
-0.1468,0.0350
-0.1466,0.0350
-0.1464,0.0349
-0.1462,0.0349
-0.1460,0.0348
-0.1458,0.0348
-0.1457,0.0347
-0.1455,0.0347
-0.1453,0.0347
-0.1451,0.0346
-0.1449,0.0346
-0.1447,0.0345
-0.1445,0.0345
-0.1444,0.0344
-0.1442,0.0344
-0.1440,0.0343
-0.1438,0.0343
-0.1436,0.0343
-0.1434,0.0342
-0.1433,0.0342
-0.1431,0.0341
-0.1429,0.0341
-0.1427,0.0340
-0.1426,0.0340
-0.1424,0.0340
-0.1422,0.0339
-0.1420,0.0339
-0.1419,0.0338
-0.1417,0.0338
-0.1415,0.0337
-0.1413,0.0337
-0.1412,0.0337
-0.1410,0.0336
-0.1408,0.0336
-0.1406,0.0335
-0.1405,0.0335
-0.1403,0.0335
-0.1401,0.0334
-0.1400,0.0334
-0.1398,0.0333
-0.1396,0.0333
-0.1395,0.0333
-0.1393,0.0332
-0.1391,0.0332
-0.1390,0.0331
-0.1388,0.0331
-0.1387,0.0331
-0.1385,0.0330
-0.1383,0.0330
-0.1382,0.0330
-0.1380,0.0329
-0.1378,0.0329
-0.1377,0.0328
-0.1375,0.0328
-0.1374,0.0328
-0.1372,0.0327
-0.1371,0.0327
-0.1369,0.0327
-0.1367,0.0326
-0.1366,0.0326
-0.1364,0.0325
-0.1363,0.0325
-0.1361,0.0325
-0.1360,0.0324
-0.1358,0.0324
-0.1357,0.0324
-0.1355,0.0323
-0.1354,0.0323
-0.1352,0.0323
-0.1351,0.0322
-0.1349,0.0322
-0.1348,0.0321
-0.1346,0.0321
-0.1345,0.0321
-0.1343,0.0320
-0.1342,0.0320
-0.1340,0.0320
-0.1339,0.0319
-0.1337,0.0319
-0.1336,0.0319
-0.1334,0.0318
-0.1333,0.0318
-0.1331,0.0317
-0.1330,0.0317
-0.1328,0.0317
-0.1327,0.0316
-0.1326,0.0316
-0.1324,0.0316
-0.1323,0.0315
-0.1321,0.0315
-0.1320,0.0315
-0.1318,0.0314
-0.1317,0.0314
-0.1316,0.0314
-0.1314,0.0313
-0.1313,0.0313
-0.1311,0.0313
-0.1310,0.0312
-0.1309,0.0312
-0.1307,0.0312
-0.1306,0.0311
-0.1305,0.0311
-0.1303,0.0311
-0.1302,0.0310
-0.1300,0.0310
-0.1299,0.0310
-0.1298,0.0309
-0.1296,0.0309
-0.1295,0.0309
-0.1294,0.0308
-0.1292,0.0308
-0.1291,0.0308
-0.1290,0.0307
-0.1288,0.0307
-0.1287,0.0307
-0.1286,0.0306
-0.1284,0.0306
-0.1283,0.0306
-0.1282,0.0306
-0.1281,0.0305
-0.1279,0.0305
-0.1278,0.0305
-0.1277,0.0304
-0.1275,0.0304
-0.1274,0.0304
-0.1273,0.0303
-0.1272,0.0303
-0.1270,0.0303
-0.1269,0.0302
-0.1268,0.0302
-0.1266,0.0302
-0.1265,0.0302
-0.1264,0.0301
-0.1263,0.0301
-0.1261,0.0301
-0.1260,0.0300
-0.1259,0.0300
-0.1258,0.0300
-0.1256,0.0299
-0.1255,0.0299
-0.1254,0.0299
-0.1253,0.0299
-0.1252,0.0298
-0.1250,0.0298
-0.1249,0.0298
-0.1248,0.0297
-0.1247,0.0297
-0.1246,0.0297
-0.1244,0.0297
-0.1243,0.0296
-0.1242,0.0296
-0.1241,0.0296
-0.1240,0.0295
-0.1238,0.0295
-0.1237,0.0295
-0.1236,0.0295
-0.1235,0.0294
-0.1234,0.0294
-0.1233,0.0294
-0.1231,0.0293
-0.1230,0.0293
-0.1229,0.0293
-0.1228,0.0293
-0.1227,0.0292
-0.1226,0.0292
-0.1224,0.0292
-0.1223,0.0291
-0.1222,0.0291
-0.1221,0.0291
-0.1220,0.0291
-0.1219,0.0290
-0.1218,0.0290
-0.1216,0.0290
-0.1215,0.0290
-0.1214,0.0289
-0.1213,0.0289
-0.1212,0.0289
-0.1211,0.0288
-0.1210,0.0288
-0.1209,0.0288
-0.1208,0.0288
-0.1206,0.0287
-0.1205,0.0287
-0.1204,0.0287
-0.1203,0.0287
-0.1202,0.0286
-0.1201,0.0286
-0.1200,0.0286
-0.1199,0.0285
-0.1198,0.0285
-0.1197,0.0285
-0.1195,0.0285
-0.1194,0.0284
-0.1193,0.0284
-0.1192,0.0284
-0.1191,0.0284
-0.1190,0.0283
-0.1189,0.0283
-0.1188,0.0283
-0.1187,0.0283
-0.1186,0.0282
-0.1185,0.0282
-0.1184,0.0282
-0.1183,0.0282
-0.1182,0.0281
-0.1181,0.0281
-0.1180,0.0281
-0.1179,0.0281
-0.1178,0.0280
-0.1177,0.0280
-0.1176,0.0280
-0.1174,0.0280
-0.1173,0.0279
-0.1172,0.0279
-0.1171,0.0279
-0.1170,0.0279
-0.1169,0.0278
-0.1168,0.0278
-0.1167,0.0278
-0.1166,0.0278
-0.1165,0.0277
-0.1164,0.0277
-0.1163,0.0277
-0.1162,0.0277
-0.1161,0.0276
-0.1160,0.0276
-0.1159,0.0276
-0.1158,0.0276
-0.1157,0.0275
-0.1156,0.0275
-0.1155,0.0275
-0.1155,0.0275
-0.1154,0.0275
-0.1153,0.0274
-0.1152,0.0274
-0.1151,0.0274
-0.1150,0.0274
-0.1149,0.0273
-0.1148,0.0273
-0.1147,0.0273
-0.1146,0.0273
-0.1145,0.0273
-0.1144,0.0272
-0.1143,0.0272
-0.1142,0.0272
-0.1141,0.0272
-0.1140,0.0271
-0.1139,0.0271
-0.1138,0.0271
-0.1137,0.0271
-0.1136,0.0271
-0.1136,0.0270
-0.1135,0.0270
-0.1134,0.0270
-0.1133,0.0270
-0.1132,0.0270
-0.1131,0.0269
-0.1130,0.0269
-0.1129,0.0269
-0.1128,0.0269
-0.1127,0.0268
-0.1126,0.0268
-0.1126,0.0268
-0.1125,0.0268
-0.1124,0.0268
-0.1123,0.0267
-0.1122,0.0267
-0.1121,0.0267
-0.1120,0.0267
-0.1119,0.0267
-0.1118,0.0266
-0.1118,0.0266
-0.1117,0.0266
-0.1116,0.0266
-0.1115,0.0266
-0.1114,0.0265
-0.1113,0.0265
-0.1112,0.0265
-0.1111,0.0265
-0.1111,0.0265
-0.1110,0.0264
-0.1109,0.0264
-0.1108,0.0264
-0.1107,0.0264
-0.1106,0.0264
-0.1105,0.0264
-0.1105,0.0263
-0.1104,0.0263
-0.1103,0.0263
-0.1102,0.0263
-0.1101,0.0263
-0.1100,0.0262
-0.1099,0.0262
-0.1099,0.0262
-0.1098,0.0262
-0.1097,0.0262
-0.1096,0.0261
-0.1095,0.0261
-0.1094,0.0261
-0.1094,0.0261
-0.1093,0.0261
-0.1092,0.0260
-0.1091,0.0260
-0.1090,0.0260
-0.1090,0.0260
-0.1089,0.0260
-0.1088,0.0260
-0.1087,0.0259
-0.1086,0.0259
-0.1085,0.0259
-0.1085,0.0259
-0.1084,0.0259
-0.1083,0.0258
-0.1082,0.0258
-0.1081,0.0258
-0.1081,0.0258
-0.1080,0.0258
-0.1079,0.0258
-0.1078,0.0257
-0.1077,0.0257
-0.1077,0.0257
-0.1076,0.0257
-0.1075,0.0257
-0.1074,0.0256
-0.1073,0.0256
-0.1073,0.0256
-0.1072,0.0256
-0.1071,0.0256
-0.1070,0.0256
-0.1069,0.0255
-0.1069,0.0255
-0.1068,0.0255
-0.1067,0.0255
-0.1066,0.0255
-0.1066,0.0255
-0.1065,0.0254
-0.1064,0.0254
-0.1063,0.0254
-0.1063,0.0254
-0.1062,0.0254
-0.1061,0.0253
-0.1060,0.0253
-0.1059,0.0253
-0.1059,0.0253
-0.1058,0.0253
-0.1057,0.0253
-0.1056,0.0252
-0.1056,0.0252
-0.1055,0.0252
-0.1054,0.0252
-0.1053,0.0252
-0.1053,0.0252
-0.1052,0.0251
-0.1051,0.0251
-0.1050,0.0251
-0.1050,0.0251
-0.1049,0.0251
-0.1048,0.0251
-0.1047,0.0250
-0.1047,0.0250
-0.1046,0.0250
-0.1045,0.0250
-0.1045,0.0250
-0.1044,0.0250
-0.1043,0.0249
-0.1042,0.0249
-0.1042,0.0249
-0.1041,0.0249
-0.1040,0.0249
-0.1039,0.0249
-0.1039,0.0248
-0.1038,0.0248
-0.1037,0.0248
-0.1037,0.0248
-0.1036,0.0248
-0.1035,0.0248
-0.1034,0.0247
-0.1034,0.0247
-0.1033,0.0247
-0.1032,0.0247
-0.1032,0.0247
-0.1031,0.0247
-0.1030,0.0246
-0.1029,0.0246
-0.1029,0.0246
-0.1028,0.0246
-0.1027,0.0246
-0.1027,0.0246
-0.1026,0.0245
-0.1025,0.0245
-0.1025,0.0245
-0.1024,0.0245
-0.1023,0.0245
-0.1022,0.0245
-0.1022,0.0244
-0.1021,0.0244
-0.1020,0.0244
-0.1020,0.0244
-0.1019,0.0244
-0.1018,0.0244
-0.1018,0.0244
-0.1017,0.0243
-0.1016,0.0243
-0.1016,0.0243
-0.1015,0.0243
-0.1014,0.0243
-0.1014,0.0243
-0.1013,0.0242
-0.1012,0.0242
-0.1012,0.0242
-0.1011,0.0242
-0.1010,0.0242
-0.1010,0.0242
-0.1009,0.0242
-0.1008,0.0241
-0.1008,0.0241
-0.1007,0.0241
-0.1006,0.0241
-0.1006,0.0241
-0.1005,0.0241
-0.1004,0.0240
-0.1004,0.0240
-0.1003,0.0240
-0.1002,0.0240
-0.1002,0.0240
-0.1001,0.0240
-0.1000,0.0239
-0.1000,0.0239
-0.0999,0.0239
-0.0998,0.0239
-0.0998,0.0239
-0.0997,0.0239
-0.0996,0.0239
-0.0996,0.0238
-0.0995,0.0238
-0.0994,0.0238
-0.0994,0.0238
-0.0993,0.0238
-0.0993,0.0238
-0.0992,0.0238
-0.0991,0.0237
-0.0991,0.0237
-0.0990,0.0237
-0.0989,0.0237
-0.0989,0.0237
-0.0988,0.0237
-0.0987,0.0236
-0.0987,0.0236
-0.0986,0.0236
-0.0986,0.0236
-0.0985,0.0236
-0.0984,0.0236
-0.0984,0.0236
-0.0983,0.0235
-0.0982,0.0235
-0.0982,0.0235
-0.0981,0.0235
-0.0981,0.0235
-0.0980,0.0235
-0.0979,0.0235
-0.0979,0.0234
-0.0978,0.0234
-0.0977,0.0234
-0.0977,0.0234
-0.0976,0.0234
-0.0976,0.0234
-0.0975,0.0234
-0.0974,0.0233
-0.0974,0.0233
-0.0973,0.0233
-0.0973,0.0233
-0.0972,0.0233
-0.0971,0.0233
-0.0971,0.0233
-0.0970,0.0232
-0.0970,0.0232
-0.0969,0.0232
-0.0968,0.0232
-0.0968,0.0232
-0.0967,0.0232
-0.0967,0.0232
-0.0966,0.0231
-0.0965,0.0231
-0.0965,0.0231
-0.0964,0.0231
-0.0964,0.0231
-0.0963,0.0231
-0.0962,0.0231
-0.0962,0.0230
-0.0961,0.0230
-0.0961,0.0230
-0.0960,0.0230
-0.0959,0.0230
-0.0959,0.0230
-0.0958,0.0230
-0.0958,0.0229
-0.0957,0.0229
-0.0957,0.0229
-0.0956,0.0229
-0.0955,0.0229
-0.0955,0.0229
-0.0954,0.0229
-0.0954,0.0229
-0.0953,0.0228
-0.0952,0.0228
-0.0952,0.0228
-0.0951,0.0228
-0.0951,0.0228
-0.0950,0.0228
-0.0950,0.0228
-0.0949,0.0227
-0.0948,0.0227
-0.0948,0.0227
-0.0947,0.0227
-0.0947,0.0227
-0.0946,0.0227
-0.0946,0.0227
-0.0945,0.0227
-0.0945,0.0226
-0.0944,0.0226
-0.0943,0.0226
-0.0943,0.0226
-0.0942,0.0226
-0.0942,0.0226
-0.0941,0.0226
-0.0941,0.0226
-0.0940,0.0225
-0.0940,0.0225
-0.0939,0.0225
-0.0938,0.0225
-0.0938,0.0225
-0.0937,0.0225
-0.0937,0.0225
-0.0936,0.0224
-0.0936,0.0224
-0.0935,0.0224
-0.0935,0.0224
-0.0934,0.0224
-0.0934,0.0224
-0.0933,0.0224
-0.0932,0.0224
-0.0932,0.0223
-0.0931,0.0223
-0.0931,0.0223
-0.0930,0.0223
-0.0930,0.0223
-0.0929,0.0223
-0.0929,0.0223
-0.0928,0.0223
-0.0928,0.0222
-0.0927,0.0222
-0.0927,0.0222
-0.0926,0.0222
-0.0925,0.0222
-0.0925,0.0222
-0.0924,0.0222
-0.0924,0.0222
-0.0923,0.0221
-0.0923,0.0221
-0.0922,0.0221
-0.0922,0.0221
-0.0921,0.0221
-0.0921,0.0221
-0.0920,0.0221
-0.0920,0.0221
-0.0919,0.0221
-0.0919,0.0220
-0.0918,0.0220
-0.0918,0.0220
-0.0917,0.0220
-0.0917,0.0220
-0.0916,0.0220
-0.0916,0.0220
-0.0915,0.0220
-0.0915,0.0219
-0.0914,0.0219
-0.0914,0.0219
-0.0913,0.0219
-0.0913,0.0219
-0.0912,0.0219
-0.0912,0.0219
-0.0911,0.0219
-0.0911,0.0219
-0.0910,0.0218
-0.0910,0.0218
-0.0909,0.0218
-0.0909,0.0218
-0.0908,0.0218
-0.0908,0.0218
-0.0907,0.0218
-0.0907,0.0218
-0.0906,0.0218
-0.0906,0.0217
-0.0905,0.0217
-0.0905,0.0217
-0.0904,0.0217
-0.0904,0.0217
-0.0903,0.0217
-0.0903,0.0217
-0.0902,0.0217
-0.0902,0.0217
-0.0901,0.0216
-0.0901,0.0216
-0.0900,0.0216
-0.0900,0.0216
-0.0899,0.0216
-0.0899,0.0216
-0.0898,0.0216
-0.0898,0.0216
0.1370
0.1469
0.1537
0.2945
0.3524
0.3891
0.4361
0.4442
0.4598
0.4735
0.4830
0.4831
0.5118
0.5133
0.5214
0.5302
0.5302
0.5364
0.5388
0.5473
0.5476
0.5507
0.5722
0.5841
0.5898
0.6001
0.6140
0.6149
0.6234
0.6410
0.6428
0.6503
0.6505
0.6572
0.6600
0.6653
0.6669
0.6754
0.6765
0.6805
0.6925
0.7090
0.7090
0.7120
0.7133
0.7230
0.7233
0.7272
0.7290
0.7292
0.7340
0.7371
0.7412
0.7426
0.7525
0.7544
0.7601
0.7647
0.7657
0.7714
0.7720
0.7727
0.7836
0.7843
0.7880
0.7883
0.7893
0.7922
0.7925
0.7943
0.8018
0.8130
0.8131
0.8141
0.8194
0.8210
0.8224
0.8250
0.8264
0.8316
0.8325
0.8335
0.8337
0.8351
0.8470
0.8474
0.8489
0.8534
0.8534
0.8567
0.8600
0.8621
0.8669
0.8678
0.8691
0.8737
0.8763
0.8768
0.8801
0.8825
0.8848
0.8848
0.8886
0.8888
0.8948
0.8952
0.8970
0.9007
0.9025
0.9044
0.9113
0.9174
0.9190
0.9215
0.9216
0.9224
0.9226
0.9265
0.9300
0.9317
0.9353
0.9356
0.9367
0.9374
0.9381
0.9390
0.9394
0.9427
0.9486
0.9489
0.9553
0.9564
0.9593
0.9607
0.9609
0.9618
0.9663
0.9671
0.9694
0.9696
0.9707
0.9728
0.9742
0.9758
0.9770
0.9826
0.9868
0.9882
0.9896
0.9896
0.9909
0.9912
0.9935
0.9967
0.9997
1.0002
1.0021
1.0024
1.0063
1.0086
1.0093
1.0098
1.0104
1.0114
1.0208
1.0218
1.0227
1.0240
1.0244
1.0250
1.0272
1.0346
1.0368
1.0408
1.0411
1.0431
1.0440
1.0472
1.0480
1.0484
1.0496
1.0508
1.0517
1.0545
1.0557
1.0572
1.0596
1.0611
1.0613
1.0626
1.0672
1.0687
1.0703
1.0733
1.0755
1.0779
1.0779
1.0812
1.0813
1.0817
1.0826
1.0828
1.0832
1.0834
1.0841
1.0877
1.0895
1.0897
1.0920
1.0931
1.0936
1.0941
1.0941
1.0944
1.0960
1.0978
1.0986
1.1045
1.1069
1.1091
1.1123
1.1131
1.1157
1.1180
1.1183
1.1209
1.1226
1.1230
1.1244
1.1291
1.1292
1.1300
1.1311
1.1323
1.1335
1.1377
1.1396
1.1396
1.1406
1.1479
1.1505
1.1517
1.1555
1.1594
1.1619
1.1622
1.1628
1.1678
1.1705
1.1728
1.1731
1.1733
1.1738
1.1746
1.1787
1.1791
1.1794
1.1863
1.1892
1.1928
1.1935
1.1950
1.1950
1.1984
1.1984
1.2026
1.2033
1.2048
1.2051
1.2059
1.2073
1.2078
1.2089
1.2118
1.2136
1.2145
1.2188
1.2197
1.2279
1.2282
1.2308
1.2309
1.2328
1.2349
1.2349
1.2365
1.2378
1.2384
1.2398
1.2411
1.2417
1.2418
1.2423
1.2428
1.2430
1.2434
1.2447
1.2453
1.2454
1.2464
1.2478
1.2508
1.2509
1.2524
1.2552
1.2586
1.2587
1.2613
1.2619
1.2655
1.2660
1.2716
1.2717
1.2781
1.2789
1.2812
1.2813
1.2824
1.2834
1.2845
1.2895
1.2898
1.2955
1.2965
1.2971
1.2990
1.2999
1.3009
1.3027
1.3051
1.3066
1.3086
1.3093
1.3111
1.3118
1.3123
1.3136
1.3153
1.3166
1.3169
1.3185
1.3194
1.3211
1.3227
1.3234
1.3235
1.3243
1.3244
1.3251
1.3260
1.3269
1.3283
1.3291
1.3292
1.3325
1.3328
1.3346
1.3365
1.3383
1.3415
1.3459
1.3500
1.3502
1.3505
1.3527
1.3584
1.3592
1.3592
1.3605
1.3614
1.3638
1.3650
1.3682
1.3685
1.3686
1.3687
1.3696
1.3700
1.3705
1.3721
1.3760
1.3779
1.3784
1.3793
1.3798
1.3807
1.3827
1.3845
1.3867
1.3901
1.3907
1.3914
1.3921
1.3922
1.3943
1.3949
1.4016
1.4017
1.4019
1.4032
1.4059
1.4062
1.4071
1.4092
1.4104
1.4114
1.4155
1.4160
1.4167
1.4180
1.4193
1.4204
1.4225
1.4230
1.4268
1.4298
1.4311
1.4332
1.4340
1.4342
1.4346
1.4356
1.4380
1.4396
1.4419
1.4426
1.4447
1.4461
1.4466
1.4471
1.4522
1.4535
1.4549
1.4556
1.4584
1.4606
1.4615
1.4615
1.4629
1.4643
1.4648
1.4649
1.4656
1.4680
1.4683
1.4703
1.4717
1.4731
1.4740
1.4741
1.4751
1.4764
1.4772
1.4772
1.4776
1.4781
1.4783
1.4783
1.4797
1.4797
1.4826
1.4842
1.4842
1.4861
1.4862
1.4872
1.4873
1.4880
1.4893
1.4907
1.4958
1.4969
1.4987
1.5001
1.5004
1.5011
1.5026
1.5044
1.5068
1.5082
1.5135
1.5140
1.5155
1.5163
1.5173
1.5195
1.5201
1.5207
1.5232
1.5244
1.5300
1.5317
1.5318
1.5330
1.5336
1.5341
1.5354
1.5355
1.5381
1.5388
1.5403
1.5408
1.5415
1.5421
1.5422
1.5429
1.5433
1.5462
1.5482
1.5490
1.5492
1.5531
1.5552
1.5562
1.5581
1.5584
1.5589
1.5594
1.5622
1.5624
1.5631
1.5642
1.5644
1.5645
1.5670
1.5674
1.5681
1.5682
1.5714
1.5719
1.5727
1.5732
1.5741
1.5755
1.5815
1.5839
1.5854
1.5863
1.5907
1.5912
1.5928
1.5929
1.5974
1.5975
1.5976
1.6016
1.6060
1.6073
1.6081
1.6087
1.6114
1.6116
1.6145
1.6155
1.6177
1.6196
1.6235
1.6247
1.6261
1.6262
1.6265
1.6281
1.6281
1.6287
1.6288
1.6322
1.6356
1.6357
1.6364
1.6372
1.6384
1.6410
1.6426
1.6459
1.6465
1.6465
1.6470
1.6470
1.6471
1.6496
1.6496
1.6501
1.6533
1.6541
1.6546
1.6549
1.6554
1.6619
1.6640
1.6659
1.6675
1.6681
1.6706
1.6714
1.6723
1.6757
1.6764
1.6767
1.6771
1.6780
1.6789
1.6789
1.6801
1.6804
1.6813
1.6855
1.6907
1.6913
1.6929
1.6946
1.6954
1.6966
1.6968
1.6979
1.6999
1.7025
1.7055
1.7084
1.7084
1.7122
1.7127
1.7136
1.7137
1.7145
1.7180
1.7194
1.7197
1.7208
1.7211
1.7228
1.7259
1.7266
1.7282
1.7286
1.7296
1.7316
1.7358
1.7373
1.7375
1.7409
1.7457
1.7490
1.7508
1.7537
1.7547
1.7557
1.7581
1.7606
1.7653
1.7657
1.7664
1.7670
1.7677
1.7686
1.7710
1.7724
1.7760
1.7760
1.7782
1.7840
1.7879
1.7914
1.7928
1.7928
1.7931
1.7935
1.7974
1.7999
1.8009
1.8038
1.8052
1.8068
1.8076
1.8090
1.8105
1.8110
1.8144
1.8147
1.8150
1.8154
1.8177
1.8238
1.8255
1.8258
1.8289
1.8364
1.8404
1.8428
1.8461
1.8494
1.8502
1.8521
1.8530
1.8540
1.8544
1.8613
1.8696
1.8696
1.8702
1.8715
1.8771
1.8785
1.8816
1.8841
1.8854
1.8874
1.8889
1.8936
1.8938
1.8955
1.8971
1.8989
1.8998
1.9018
1.9021
1.9024
1.9041
1.9054
1.9064
1.9078
1.9115
1.9120
1.9126
1.9133
1.9144
1.9175
1.9178
1.9179
1.9187
1.9256
1.9260
1.9275
1.9281
1.9282
1.9296
1.9302
1.9324
1.9344
1.9364
1.9386
1.9386
1.9399
1.9440
1.9485
1.9491
1.9501
1.9507
1.9531
1.9583
1.9585
1.9607
1.9607
1.9611
1.9624
1.9627
1.9666
1.9687
1.9702
1.9710
1.9720
1.9721
1.9733
1.9743
1.9779
1.9784
1.9844
1.9870
1.9905
1.9911
1.9926
1.9929
1.9950
1.9986
1.9988
2.0007
2.0007
2.0009
2.0024
2.0098
2.0102
2.0134
2.0198
2.0234
2.0247
2.0259
2.0298
2.0316
2.0344
2.0401
2.0405
2.0451
2.0457
2.0498
2.0512
2.0599
2.0655
2.0660
2.0661
2.0677
2.0700
2.0707
2.0710
2.0743
2.0769
2.0786
2.0792
2.0824
2.0835
2.0842
2.0853
2.0882
2.0985
2.0989
2.1011
2.1029
2.1090
2.1096
2.1096
2.1136
2.1141
2.1154
2.1181
2.1206
2.1212
2.1235
2.1279
2.1300
2.1330
2.1340
2.1356
2.1386
2.1387
2.1416
2.1500
2.1511
2.1534
2.1543
2.1556
2.1560
2.1571
2.1571
2.1609
2.1611
2.1624
2.1629
2.1631
2.1662
2.1689
2.1694
2.1694
2.1715
2.1732
2.1740
2.1746
2.1762
2.1765
2.1889
2.1899
2.1906
2.1908
2.1921
2.1950
2.1965
2.1988
2.1991
2.2026
2.2033
2.2060
2.2158
2.2181
2.2197
2.2222
2.2230
2.2230
2.2254
2.2273
2.2301
2.2386
2.2404
2.2477
2.2556
2.2557
2.2613
2.2628
2.2632
2.2698
2.2794
2.2846
2.2899
2.2916
2.2934
2.2974
2.3041
2.3045
2.3178
2.3248
2.3261
2.3330
2.3353
2.3370
2.3390
2.3454
2.3497
2.3551
2.3807
2.3867
2.3934
2.3945
2.3965
2.3987
2.4015
2.4032
2.4036
2.4096
2.4190
2.4207
2.4274
2.4302
2.4347
2.4442
2.4758
2.4808
2.4898
2.4910
2.4970
2.5013
2.5034
2.5107
2.5112
2.5237
2.5286
2.5349
2.5358
2.5420
2.5421
2.5485
2.5490
2.5494
2.5499
2.5652
2.5656
2.5672
2.5733
2.5851
2.5856
2.6158
2.6212
2.6369
2.6380
2.6492
2.6501
2.6525
2.6622
2.6735
2.6832
2.6928
2.6952
2.6994
2.7126
2.7497
2.7525
2.7659
2.7671
2.7936
2.8055
2.8056
2.8154
2.8172
2.8434
2.8463
2.8543
2.8703
2.8822
2.8870
2.9105
2.9162
2.9219
2.9398
2.9759
2.9804
3.0249
3.0452
3.0514
3.0648
3.0675
3.0691
3.0724
3.0729
3.0855
3.0944
3.1274
3.1296
3.1383
3.1405
3.1431
3.2091
3.2759
3.2892
3.3493
3.6314
