1000
1000
-1.0746,0.2326
-0.9782,0.2262
-0.7957,0.1895
-0.6792,0.1709
-0.5970,0.1564
-0.5364,0.1445
-0.4897,0.1347
-0.4526,0.1267
-0.4221,0.1201
-0.3965,0.1146
-0.3746,0.1097
-0.3555,0.1051
-0.3386,0.1010
-0.3235,0.0973
-0.3100,0.0939
-0.2975,0.0906
-0.2861,0.0875
-0.2755,0.0846
-0.2656,0.0818
-0.2564,0.0791
-0.2477,0.0766
-0.2394,0.0742
-0.2316,0.0720
-0.2241,0.0697
-0.2169,0.0675
-0.2100,0.0655
-0.2033,0.0636
-0.1967,0.0617
-0.1903,0.0599
-0.1839,0.0580
-0.1777,0.0564
-0.1716,0.0548
-0.1655,0.0533
-0.1594,0.0518
-0.1532,0.0502
-0.1470,0.0486
-0.1408,0.0471
-0.1344,0.0456
-0.1279,0.0441
-0.1212,0.0427
-0.1142,0.0411
-0.1069,0.0393
-0.0991,0.0375
-0.0910,0.0357
-0.0822,0.0337
-0.0725,0.0313
0.0000,0.0000
0.0000,0.0000
0.0000,0.0000
0.0000,0.0000
0.0000,0.0000
0.0000,0.0000
0.0000,0.0000
0.0000,0.0000
0.0000,0.0000
0.0000,0.0000
0.0000,0.0000
0.0000,0.0000
0.0000,0.0000
0.0000,0.0000
0.0000,0.0000
0.0000,0.0000
0.0000,0.0000
0.0000,0.0000
0.0000,0.0000
0.0000,0.0000
0.0000,0.0000
0.0000,0.0000
0.0000,0.0000
0.0000,0.0000
0.0000,0.0000
0.0000,0.0000
0.0000,0.0000
0.0000,0.0000
0.0000,0.0000
0.0000,0.0000
0.0000,0.0000
0.0000,0.0000
0.0000,0.0000
0.0000,0.0000
0.0000,0.0000
0.0000,0.0000
0.0000,0.0000
0.0000,0.0000
0.0000,0.0000
0.0000,0.0000
0.0000,0.0000
0.0000,0.0000
0.0000,0.0000
0.0000,0.0000
0.0000,0.0000
0.0000,0.0000
0.0000,0.0000
0.0000,0.0000
0.0000,0.0000
0.0000,0.0000
0.0000,0.0000
0.0000,0.0000
0.0000,0.0000
0.0000,0.0000
0.0000,0.0000
0.0000,0.0000
0.0000,0.0000
0.0000,0.0000
0.0000,0.0000
0.0000,0.0000
0.0000,0.0000
0.0000,0.0000
0.0000,0.0000
0.0000,0.0000
0.0000,0.0000
0.0000,0.0000
0.0000,0.0000
0.0000,0.0000
0.0000,0.0000
0.0000,0.0000
0.0000,0.0000
0.0000,0.0000
0.0000,0.0000
0.0000,0.0000
0.0000,0.0000
0.0000,0.0000
0.0000,0.0000
0.0000,0.0000
0.0000,0.0000
0.0000,0.0000
0.0000,0.0000
0.0000,0.0000
0.0000,0.0000
0.0000,0.0000
0.0000,0.0000
0.0000,0.0000
0.0000,0.0000
0.0000,0.0000
0.0000,0.0000
0.0000,0.0000
0.0000,0.0000
0.0000,0.0000
0.0000,0.0000
0.0000,0.0000
0.0000,0.0000
0.0000,0.0000
0.0000,0.0000
0.0000,0.0000
0.0000,0.0000
0.0000,0.0000
0.0000,0.0000
0.0000,0.0000
0.0000,0.0000
0.0000,0.0000
0.0000,0.0000
0.0000,0.0000
0.0000,0.0000
0.0000,0.0000
0.0000,0.0000
0.0000,0.0000
0.0000,0.0000
0.0000,0.0000
0.0000,0.0000
0.0000,0.0000
0.0000,0.0000
0.0000,0.0000
0.0000,0.0000
0.0000,0.0000
0.0000,0.0000
0.0000,0.0000
0.0000,0.0000
0.0000,0.0000
0.0000,0.0000
0.0000,0.0000
0.0000,0.0000
0.0000,0.0000
0.0000,0.0000
0.0000,0.0000
0.0000,0.0000
0.0000,0.0000
0.0000,0.0000
0.0000,0.0000
0.0000,0.0000
0.0000,0.0000
0.0000,0.0000
0.0000,0.0000
0.0000,0.0000
0.0000,0.0000
0.0000,0.0000
0.0000,0.0000
0.0000,0.0000
0.0000,0.0000
0.0000,0.0000
0.0000,0.0000
0.0000,0.0000
0.0000,0.0000
0.0000,0.0000
0.0000,0.0000
0.0000,0.0000
0.0000,0.0000
0.0000,0.0000
0.0000,0.0000
0.0000,0.0000
0.0000,0.0000
0.0000,0.0000
0.0000,0.0000
0.0000,0.0000
0.0000,0.0000
0.0000,0.0000
0.0000,0.0000
0.0000,0.0000
0.0000,0.0000
0.0000,0.0000
0.0000,0.0000
0.0000,0.0000
0.0000,0.0000
0.0000,0.0000
0.0000,0.0000
0.0000,0.0000
0.0000,0.0000
0.0000,0.0000
0.0000,0.0000
0.0000,0.0000
0.0000,0.0000
0.0000,0.0000
0.0000,0.0000
0.0000,0.0000
0.0000,0.0000
0.0000,0.0000
0.0000,0.0000
0.0000,0.0000
0.0000,0.0000
0.0000,0.0000
0.0000,0.0000
0.0000,0.0000
0.0000,0.0000
0.0000,0.0000
0.0000,0.0000
0.0000,0.0000
0.0000,0.0000
0.0000,0.0000
0.0000,0.0000
0.0000,0.0000
0.0000,0.0000
0.0000,0.0000
0.0000,0.0000
0.0000,0.0000
0.0000,0.0000
0.0000,0.0000
0.0000,0.0000
0.0000,0.0000
0.0000,0.0000
0.0000,0.0000
0.0000,0.0000
0.0000,0.0000
0.0000,0.0000
0.0000,0.0000
0.0000,0.0000
0.0000,0.0000
0.0000,0.0000
0.0000,0.0000
0.0000,0.0000
0.0000,0.0000
0.0000,0.0000
0.0000,0.0000
0.0000,0.0000
0.0000,0.0000
0.0000,0.0000
0.0000,0.0000
0.0000,0.0000
0.0000,0.0000
0.0000,0.0000
0.0000,0.0000
0.0000,0.0000
0.0000,0.0000
0.0000,0.0000
0.0000,0.0000
0.0000,0.0000
0.0000,0.0000
0.0000,0.0000
0.0000,0.0000
0.0000,0.0000
0.0000,0.0000
0.0000,0.0000
0.0000,0.0000
0.0000,0.0000
0.0000,0.0000
0.0000,0.0000
0.0000,0.0000
0.0000,0.0000
0.0000,0.0000
0.0000,0.0000
0.0000,0.0000
0.0000,0.0000
0.0000,0.0000
0.0000,0.0000
0.0000,0.0000
0.0000,0.0000
0.0000,0.0000
0.0000,0.0000
0.0000,0.0000
0.0000,0.0000
0.0000,0.0000
0.0000,0.0000
0.0000,0.0000
0.0000,0.0000
0.0000,0.0000
0.0000,0.0000
0.0000,0.0000
0.0000,0.0000
0.0000,0.0000
0.0000,0.0000
0.0000,0.0000
0.0000,0.0000
0.0000,0.0000
0.0000,0.0000
0.0000,0.0000
0.0000,0.0000
0.0000,0.0000
0.0000,0.0000
0.0000,0.0000
0.0000,0.0000
0.0000,0.0000
0.0000,0.0000
0.0000,0.0000
0.0000,0.0000
0.0000,0.0000
0.0000,0.0000
0.0000,0.0000
0.0000,0.0000
0.0000,0.0000
0.0000,0.0000
0.0000,0.0000
0.0000,0.0000
0.0000,0.0000
0.0000,0.0000
0.0000,0.0000
0.0000,0.0000
0.0000,0.0000
0.0000,0.0000
0.0000,0.0000
0.0000,0.0000
0.0000,0.0000
0.0000,0.0000
0.0000,0.0000
0.0000,0.0000
0.0000,0.0000
0.0000,0.0000
0.0000,0.0000
0.0000,0.0000
0.0000,0.0000
0.0000,0.0000
0.0000,0.0000
0.0000,0.0000
0.0000,0.0000
0.0000,0.0000
0.0000,0.0000
0.0000,0.0000
0.0000,0.0000
0.0000,0.0000
0.0000,0.0000
0.0000,0.0000
0.0000,0.0000
0.0000,0.0000
0.0000,0.0000
0.0000,0.0000
0.0000,0.0000
0.0000,0.0000
0.0000,0.0000
0.0000,0.0000
0.0000,0.0000
0.0000,0.0000
0.0000,0.0000
0.0000,0.0000
0.0000,0.0000
0.0000,0.0000
0.0000,0.0000
0.0000,0.0000
0.0000,0.0000
0.0000,0.0000
0.0000,0.0000
0.0000,0.0000
0.0000,0.0000
0.0000,0.0000
0.0000,0.0000
0.0000,0.0000
0.0000,0.0000
0.0000,0.0000
0.0000,0.0000
0.0000,0.0000
0.0000,0.0000
0.0000,0.0000
0.0000,0.0000
0.0000,0.0000
0.0000,0.0000
0.0000,0.0000
0.0000,0.0000
0.0000,0.0000
0.0000,0.0000
0.0000,0.0000
0.0000,0.0000
0.0000,0.0000
0.0000,0.0000
0.0000,0.0000
0.0000,0.0000
0.0000,0.0000
0.0000,0.0000
0.0000,0.0000
0.0000,0.0000
0.0000,0.0000
0.0000,0.0000
0.0000,0.0000
0.0000,0.0000
0.0000,0.0000
0.0000,0.0000
0.0000,0.0000
0.0000,0.0000
0.0000,0.0000
0.0000,0.0000
0.0000,0.0000
0.0000,0.0000
0.0000,0.0000
0.0000,0.0000
0.0000,0.0000
0.0000,0.0000
0.0000,0.0000
0.0000,0.0000
0.0000,0.0000
0.0000,0.0000
0.0000,0.0000
0.0000,0.0000
0.0000,0.0000
0.0000,0.0000
0.0000,0.0000
0.0000,0.0000
0.0000,0.0000
0.0000,0.0000
0.0000,0.0000
0.0000,0.0000
0.0000,0.0000
0.0000,0.0000
0.0000,0.0000
0.0000,0.0000
0.0000,0.0000
0.0000,0.0000
0.0000,0.0000
0.0000,0.0000
0.0000,0.0000
0.0000,0.0000
0.0000,0.0000
0.0000,0.0000
0.0000,0.0000
0.0000,0.0000
0.0000,0.0000
0.0000,0.0000
0.0000,0.0000
0.0000,0.0000
0.0000,0.0000
0.0000,0.0000
0.0000,0.0000
0.0000,0.0000
0.0000,0.0000
0.0000,0.0000
0.0000,0.0000
0.0000,0.0000
0.0000,0.0000
0.0000,0.0000
0.0000,0.0000
0.0000,0.0000
0.0000,0.0000
0.0000,0.0000
0.0000,0.0000
0.0000,0.0000
0.0000,0.0000
0.0000,0.0000
0.0000,0.0000
0.0000,0.0000
0.0000,0.0000
0.0000,0.0000
0.0000,0.0000
0.0000,0.0000
0.0000,0.0000
0.0000,0.0000
0.0000,0.0000
0.0000,0.0000
0.0000,0.0000
0.0000,0.0000
0.0000,0.0000
0.0000,0.0000
0.0000,0.0000
0.0000,0.0000
0.0000,0.0000
0.0000,0.0000
0.0000,0.0000
0.0000,0.0000
0.0000,0.0000
0.0000,0.0000
0.0000,0.0000
0.0000,0.0000
0.0000,0.0000
0.0000,0.0000
0.0000,0.0000
0.0000,0.0000
0.0000,0.0000
0.0000,0.0000
0.0000,0.0000
0.0000,0.0000
0.0000,0.0000
0.0000,0.0000
0.0000,0.0000
0.0000,0.0000
0.0000,0.0000
0.0000,0.0000
0.0000,0.0000
0.0000,0.0000
0.0000,0.0000
0.0000,0.0000
0.0000,0.0000
0.0000,0.0000
0.0000,0.0000
0.0000,0.0000
0.0000,0.0000
0.0000,0.0000
0.0000,0.0000
0.0000,0.0000
0.0000,0.0000
0.0000,0.0000
0.0000,0.0000
0.0000,0.0000
0.0000,0.0000
0.0000,0.0000
0.0000,0.0000
0.0000,0.0000
0.0000,0.0000
0.0000,0.0000
0.0000,0.0000
0.0000,0.0000
0.0000,0.0000
0.0000,0.0000
0.0000,0.0000
0.0000,0.0000
0.0000,0.0000
0.0000,0.0000
0.0000,0.0000
0.0000,0.0000
0.0000,0.0000
0.0000,0.0000
0.0000,0.0000
0.0000,0.0000
0.0000,0.0000
0.0000,0.0000
0.0000,0.0000
0.0000,0.0000
0.0000,0.0000
0.0000,0.0000
0.0000,0.0000
0.0000,0.0000
0.0000,0.0000
0.0000,0.0000
0.0000,0.0000
0.0000,0.0000
0.0000,0.0000
0.0000,0.0000
0.0000,0.0000
0.0000,0.0000
0.0000,0.0000
0.0000,0.0000
0.0000,0.0000
0.0000,0.0000
0.0000,0.0000
0.0000,0.0000
0.0000,0.0000
0.0000,0.0000
0.0000,0.0000
0.0000,0.0000
0.0000,0.0000
0.0000,0.0000
0.0000,0.0000
0.0000,0.0000
0.0000,0.0000
0.0000,0.0000
0.0000,0.0000
0.0000,0.0000
0.0000,0.0000
0.0000,0.0000
0.0000,0.0000
0.0000,0.0000
0.0000,0.0000
0.0000,0.0000
0.0000,0.0000
0.0000,0.0000
0.0000,0.0000
0.0000,0.0000
0.0000,0.0000
0.0000,0.0000
0.0000,0.0000
0.0000,0.0000
0.0000,0.0000
0.0000,0.0000
0.0000,0.0000
0.0000,0.0000
0.0000,0.0000
0.0000,0.0000
0.0000,0.0000
0.0000,0.0000
0.0000,0.0000
0.0000,0.0000
0.0000,0.0000
0.0000,0.0000
0.0000,0.0000
0.0000,0.0000
0.0000,0.0000
0.0000,0.0000
0.0000,0.0000
0.0000,0.0000
0.0000,0.0000
0.0000,0.0000
0.0000,0.0000
0.0000,0.0000
0.0000,0.0000
0.0000,0.0000
0.0000,0.0000
0.0000,0.0000
0.0000,0.0000
0.0000,0.0000
0.0000,0.0000
0.0000,0.0000
0.0000,0.0000
0.0000,0.0000
0.0000,0.0000
0.0000,0.0000
0.0000,0.0000
0.0000,0.0000
0.0000,0.0000
0.0000,0.0000
0.0000,0.0000
0.0000,0.0000
0.0000,0.0000
0.0000,0.0000
0.0000,0.0000
0.0000,0.0000
0.0000,0.0000
0.0000,0.0000
0.0000,0.0000
0.0000,0.0000
0.0000,0.0000
0.0000,0.0000
0.0000,0.0000
0.0000,0.0000
0.0000,0.0000
0.0000,0.0000
0.0000,0.0000
0.0000,0.0000
0.0000,0.0000
0.0000,0.0000
0.0000,0.0000
0.0000,0.0000
0.0000,0.0000
0.0000,0.0000
0.0000,0.0000
0.0000,0.0000
0.0000,0.0000
0.0000,0.0000
0.0000,0.0000
0.0000,0.0000
0.0000,0.0000
0.0000,0.0000
0.0000,0.0000
0.0000,0.0000
0.0000,0.0000
0.0000,0.0000
0.0000,0.0000
0.0000,0.0000
0.0000,0.0000
0.0000,0.0000
0.0000,0.0000
0.0000,0.0000
0.0000,0.0000
0.0000,0.0000
0.0000,0.0000
0.0000,0.0000
0.0000,0.0000
0.0000,0.0000
0.0000,0.0000
0.0000,0.0000
0.0000,0.0000
0.0000,0.0000
0.0000,0.0000
0.0000,0.0000
0.0000,0.0000
0.0000,0.0000
0.0000,0.0000
0.0000,0.0000
0.0000,0.0000
0.0000,0.0000
0.0000,0.0000
0.0000,0.0000
0.0000,0.0000
0.0000,0.0000
0.0000,0.0000
0.0000,0.0000
0.0000,0.0000
0.0000,0.0000
0.0000,0.0000
0.0000,0.0000
0.0000,0.0000
0.0000,0.0000
0.0000,0.0000
0.0000,0.0000
0.0000,0.0000
0.0000,0.0000
0.0000,0.0000
0.0000,0.0000
0.0000,0.0000
0.0000,0.0000
0.0000,0.0000
0.0000,0.0000
0.0000,0.0000
0.0000,0.0000
0.0000,0.0000
0.0000,0.0000
0.0000,0.0000
0.0000,0.0000
0.0000,0.0000
0.0000,0.0000
0.0000,0.0000
0.0000,0.0000
0.0000,0.0000
0.0000,0.0000
0.0000,0.0000
0.0000,0.0000
0.0000,0.0000
0.0000,0.0000
0.0000,0.0000
0.0000,0.0000
0.0000,0.0000
0.0000,0.0000
0.0000,0.0000
0.0000,0.0000
0.0000,0.0000
0.0000,0.0000
0.0000,0.0000
0.0000,0.0000
0.0000,0.0000
0.0000,0.0000
0.0000,0.0000
0.0000,0.0000
0.0000,0.0000
0.0000,0.0000
0.0000,0.0000
0.0000,0.0000
0.0000,0.0000
0.0000,0.0000
0.0000,0.0000
0.0000,0.0000
0.0000,0.0000
0.0000,0.0000
0.0000,0.0000
0.0000,0.0000
0.0000,0.0000
0.0000,0.0000
0.0000,0.0000
0.0000,0.0000
0.0000,0.0000
0.0000,0.0000
0.0000,0.0000
0.0000,0.0000
0.0000,0.0000
0.0000,0.0000
0.0000,0.0000
0.0000,0.0000
0.0000,0.0000
0.0000,0.0000
0.0000,0.0000
0.0000,0.0000
0.0000,0.0000
0.0000,0.0000
0.0000,0.0000
0.0000,0.0000
0.0000,0.0000
0.0000,0.0000
0.0000,0.0000
0.0000,0.0000
0.0000,0.0000
0.0000,0.0000
0.0000,0.0000
0.0000,0.0000
0.0000,0.0000
0.0000,0.0000
0.0000,0.0000
0.0000,0.0000
0.0000,0.0000
0.0000,0.0000
0.0000,0.0000
0.0000,0.0000
0.0000,0.0000
0.0000,0.0000
0.0000,0.0000
0.0000,0.0000
0.0000,0.0000
0.0000,0.0000
0.0000,0.0000
0.0000,0.0000
0.0000,0.0000
0.0000,0.0000
0.0000,0.0000
0.0000,0.0000
0.0000,0.0000
0.0000,0.0000
0.0000,0.0000
0.0000,0.0000
0.0000,0.0000
0.0000,0.0000
0.0000,0.0000
0.0000,0.0000
0.0000,0.0000
0.0000,0.0000
0.0000,0.0000
0.0000,0.0000
0.0000,0.0000
0.0000,0.0000
0.0000,0.0000
0.0000,0.0000
0.0000,0.0000
0.0000,0.0000
0.0000,0.0000
0.0000,0.0000
0.0000,0.0000
0.0000,0.0000
0.0000,0.0000
0.0000,0.0000
0.0000,0.0000
0.0000,0.0000
0.0000,0.0000
0.0000,0.0000
0.0000,0.0000
0.0000,0.0000
0.0000,0.0000
0.0000,0.0000
0.0000,0.0000
0.0000,0.0000
0.0000,0.0000
0.0000,0.0000
0.0000,0.0000
0.0000,0.0000
0.0000,0.0000
0.0000,0.0000
0.0000,0.0000
0.0000,0.0000
0.0000,0.0000
0.0000,0.0000
0.0000,0.0000
0.0000,0.0000
0.0000,0.0000
0.0000,0.0000
0.0000,0.0000
0.0000,0.0000
0.0000,0.0000
0.0000,0.0000
0.0000,0.0000
0.0000,0.0000
0.0000,0.0000
0.0000,0.0000
0.0000,0.0000
0.0000,0.0000
0.0000,0.0000
0.0000,0.0000
0.0000,0.0000
0.0000,0.0000
0.0000,0.0000
0.0000,0.0000
0.0000,0.0000
0.0000,0.0000
0.0000,0.0000
0.0000,0.0000
0.0000,0.0000
0.0000,0.0000
0.0000,0.0000
0.0000,0.0000
0.0000,0.0000
0.0000,0.0000
0.0000,0.0000
0.0000,0.0000
0.0000,0.0000
0.0000,0.0000
0.0000,0.0000
0.0000,0.0000
0.0000,0.0000
0.0000,0.0000
0.0000,0.0000
0.0000,0.0000
0.0000,0.0000
0.0000,0.0000
0.0000,0.0000
0.0000,0.0000
0.0000,0.0000
0.0000,0.0000
0.0000,0.0000
0.0000,0.0000
0.0000,0.0000
0.0000,0.0000
0.0000,0.0000
0.0000,0.0000
0.0000,0.0000
0.0000,0.0000
0.0000,0.0000
0.0000,0.0000
0.0000,0.0000
0.0000,0.0000
0.0000,0.0000
0.0000,0.0000
0.0000,0.0000
0.0000,0.0000
0.0000,0.0000
0.0000,0.0000
0.0000,0.0000
0.0000,0.0000
0.0000,0.0000
0.0000,0.0000
0.0000,0.0000
0.0000,0.0000
0.0000,0.0000
0.0000,0.0000
0.0000,0.0000
0.0000,0.0000
0.0000,0.0000
0.0000,0.0000
0.0000,0.0000
0.0000,0.0000
0.0000,0.0000
0.0000,0.0000
0.0000,0.0000
0.0000,0.0000
0.0000,0.0000
0.0000,0.0000
0.0000,0.0000
0.0000,0.0000
0.0000,0.0000
0.0000,0.0000
0.0000,0.0000
0.0000,0.0000
0.0000,0.0000
0.0000,0.0000
0.0000,0.0000
0.0000,0.0000
0.0000,0.0000
0.0000,0.0000
0.0000,0.0000
0.0000,0.0000
0.0000,0.0000
0.0000,0.0000
0.0000,0.0000
0.0000,0.0000
0.0000,0.0000
0.0000,0.0000
0.0000,0.0000
0.0000,0.0000
0.0000,0.0000
0.0000,0.0000
0.0000,0.0000
0.0000,0.0000
0.0000,0.0000
0.0000,0.0000
0.0000,0.0000
0.0000,0.0000
0.0000,0.0000
0.0000,0.0000
0.0000,0.0000
0.0000,0.0000
0.0000,0.0000
0.0000,0.0000
0.0000,0.0000
0.0000,0.0000
0.0000,0.0000
0.0000,0.0000
0.0000,0.0000
0.0000,0.0000
0.0000,0.0000
0.0000,0.0000
0.0000,0.0000
0.0000,0.0000
0.0000,0.0000
0.0000,0.0000
0.0000,0.0000
0.0000,0.0000
0.0000,0.0000
0.0000,0.0000
0.0000,0.0000
0.0000,0.0000
0.0000,0.0000
0.0000,0.0000
0.0000,0.0000
0.0000,0.0000
0.0000,0.0000
0.0000,0.0000
0.0000,0.0000
0.0000,0.0000
0.0000,0.0000
0.0000,0.0000
0.0000,0.0000
0.0000,0.0000
0.0000,0.0000
0.0000,0.0000
0.0000,0.0000
-2.4019
-2.1875
-1.4000
-1.3331
-1.3032
-1.2764
-1.1587
-1.1345
-1.1243
-1.0980
-1.0248
-1.0162
-0.9617
-0.9552
-0.9295
-0.9270
-0.9183
-0.8890
-0.8858
-0.8716
-0.8703
-0.8314
-0.7954
-0.7711
-0.7643
-0.7567
-0.7463
-0.7400
-0.7230
-0.7205
-0.7166
-0.7082
-0.7042
-0.6944
-0.6754
-0.6522
-0.6430
-0.6274
-0.6253
-0.6116
-0.6101
-0.5718
-0.5711
-0.5683
-0.5665
-0.5631
-0.5387
-0.5374
-0.5319
-0.5295
-0.5281
-0.5134
-0.5113
-0.5100
-0.5087
-0.5046
-0.4775
-0.4734
-0.4711
-0.4653
-0.4622
-0.4573
-0.4552
-0.4551
-0.4340
-0.4332
-0.4300
-0.4277
-0.4265
-0.4245
-0.4206
-0.4195
-0.4127
-0.4065
-0.3998
-0.3982
-0.3966
-0.3963
-0.3915
-0.3880
-0.3662
-0.3605
-0.3586
-0.3546
-0.3376
-0.3261
-0.3159
-0.3026
-0.3021
-0.3001
-0.2948
-0.2916
-0.2879
-0.2863
-0.2801
-0.2745
-0.2682
-0.2646
-0.2604
-0.2590
-0.2514
-0.2458
-0.2457
-0.2376
-0.2369
-0.2351
-0.2338
-0.2278
-0.2246
-0.2183
-0.2068
-0.2035
-0.2013
-0.2004
-0.1969
-0.1954
-0.1954
-0.1950
-0.1916
-0.1895
-0.1820
-0.1780
-0.1765
-0.1738
-0.1623
-0.1611
-0.1610
-0.1513
-0.1505
-0.1432
-0.1344
-0.1321
-0.1233
-0.1219
-0.1184
-0.1181
-0.1170
-0.1137
-0.1132
-0.1109
-0.1095
-0.1034
-0.1032
-0.1024
-0.1017
-0.1000
-0.0964
-0.0941
-0.0859
-0.0842
-0.0781
-0.0778
-0.0741
-0.0706
-0.0691
-0.0619
-0.0615
-0.0554
-0.0533
-0.0523
-0.0474
-0.0441
-0.0428
-0.0367
-0.0365
-0.0348
-0.0338
-0.0338
-0.0316
-0.0288
-0.0277
-0.0261
-0.0252
-0.0198
-0.0187
-0.0153
-0.0079
-0.0012
0.0023
0.0035
0.0046
0.0185
0.0239
0.0269
0.0293
0.0313
0.0370
0.0403
0.0409
0.0422
0.0456
0.0509
0.0541
0.0650
0.0699
0.0733
0.0808
0.0813
0.0827
0.0867
0.0871
0.0873
0.0897
0.0918
0.0920
0.0933
0.0966
0.0984
0.1092
0.1137
0.1165
0.1210
0.1247
0.1265
0.1299
0.1301
0.1328
0.1351
0.1363
0.1403
0.1478
0.1519
0.1551
0.1561
0.1622
0.1623
0.1638
0.1642
0.1678
0.1760
0.1779
0.1784
0.1786
0.1831
0.1855
0.1887
0.1965
0.1970
0.1984
0.2007
0.2037
0.2050
0.2060
0.2122
0.2141
0.2160
0.2284
0.2302
0.2318
0.2328
0.2337
0.2340
0.2350
0.2376
0.2379
0.2381
0.2407
0.2416
0.2419
0.2468
0.2484
0.2486
0.2488
0.2519
0.2522
0.2524
0.2554
0.2603
0.2611
0.2702
0.2806
0.2831
0.2846
0.2885
0.2894
0.2958
0.3016
0.3060
0.3066
0.3070
0.3085
0.3109
0.3118
0.3154
0.3159
0.3234
0.3246
0.3330
0.3371
0.3382
0.3409
0.3426
0.3475
0.3476
0.3492
0.3494
0.3558
0.3596
0.3624
0.3630
0.3670
0.3697
0.3725
0.3831
0.3838
0.3856
0.3985
0.4005
0.4046
0.4063
0.4073
0.4110
0.4162
0.4177
0.4195
0.4199
0.4210
0.4215
0.4216
0.4229
0.4247
0.4270
0.4272
0.4321
0.4475
0.4476
0.4488
0.4513
0.4524
0.4546
0.4555
0.4559
0.4598
0.4616
0.4628
0.4629
0.4644
0.4680
0.4685
0.4688
0.4690
0.4730
0.4752
0.4824
0.4850
0.4855
0.4858
0.4862
0.4980
0.5015
0.5033
0.5044
0.5047
0.5087
0.5112
0.5145
0.5166
0.5233
0.5282
0.5283
0.5291
0.5325
0.5345
0.5377
0.5381
0.5384
0.5396
0.5481
0.5492
0.5499
0.5568
0.5585
0.5599
0.5677
0.5699
0.5725
0.5731
0.5740
0.5808
0.5818
0.5887
0.5902
0.5924
0.5950
0.5963
0.5966
0.6049
0.6052
0.6081
0.6091
0.6093
0.6131
0.6188
0.6223
0.6272
0.6272
0.6273
0.6292
0.6314
0.6322
0.6329
0.6342
0.6369
0.6375
0.6378
0.6385
0.6387
0.6392
0.6415
0.6437
0.6462
0.6555
0.6598
0.6630
0.6641
0.6656
0.6674
0.6701
0.6716
0.6798
0.6801
0.6807
0.6816
0.6862
0.6876
0.6908
0.6915
0.6921
0.6925
0.6962
0.6971
0.6993
0.7001
0.7013
0.7060
0.7111
0.7128
0.7239
0.7239
0.7326
0.7327
0.7398
0.7410
0.7466
0.7471
0.7474
0.7478
0.7499
0.7508
0.7555
0.7558
0.7560
0.7571
0.7598
0.7600
0.7613
0.7642
0.7678
0.7684
0.7742
0.7763
0.7768
0.7792
0.7833
0.7894
0.7931
0.7967
0.7972
0.8071
0.8131
0.8148
0.8149
0.8164
0.8204
0.8279
0.8286
0.8307
0.8310
0.8339
0.8427
0.8431
0.8446
0.8456
0.8458
0.8464
0.8488
0.8494
0.8508
0.8518
0.8609
0.8616
0.8625
0.8638
0.8658
0.8685
0.8686
0.8748
0.8758
0.8860
0.8870
0.8893
0.8894
0.8969
0.8994
0.9004
0.9057
0.9075
0.9124
0.9133
0.9141
0.9166
0.9179
0.9190
0.9269
0.9329
0.9337
0.9342
0.9368
0.9393
0.9441
0.9482
0.9547
0.9557
0.9561
0.9580
0.9588
0.9622
0.9633
0.9643
0.9673
0.9699
0.9707
0.9737
0.9750
0.9757
0.9862
0.9872
0.9878
0.9900
0.9902
0.9905
0.9926
0.9987
1.0115
1.0144
1.0182
1.0204
1.0238
1.0270
1.0275
1.0340
1.0343
1.0400
1.0417
1.0488
1.0531
1.0534
1.0550
1.0551
1.0583
1.0584
1.0596
1.0670
1.0749
1.0773
1.0811
1.0823
1.0838
1.0847
1.0886
1.0900
1.0938
1.0941
1.0969
1.1049
1.1053
1.1056
1.1124
1.1139
1.1141
1.1142
1.1155
1.1166
1.1183
1.1191
1.1208
1.1268
1.1274
1.1310
1.1335
1.1337
1.1369
1.1420
1.1420
1.1421
1.1480
1.1534
1.1561
1.1570
1.1579
1.1585
1.1608
1.1620
1.1632
1.1653
1.1707
1.1735
1.1804
1.1855
1.1862
1.1892
1.1909
1.1960
1.1967
1.1982
1.2020
1.2071
1.2074
1.2117
1.2122
1.2149
1.2202
1.2241
1.2260
1.2272
1.2321
1.2334
1.2339
1.2357
1.2400
1.2405
1.2411
1.2435
1.2482
1.2492
1.2523
1.2575
1.2589
1.2590
1.2638
1.2690
1.2778
1.2830
1.2857
1.2916
1.2918
1.2929
1.2987
1.3041
1.3081
1.3141
1.3183
1.3209
1.3241
1.3242
1.3263
1.3310
1.3341
1.3470
1.3483
1.3487
1.3498
1.3553
1.3580
1.3596
1.3609
1.3638
1.3645
1.3680
1.3799
1.3943
1.3957
1.4000
1.4033
1.4120
1.4161
1.4161
1.4175
1.4189
1.4228
1.4238
1.4319
1.4430
1.4503
1.4527
1.4556
1.4574
1.4594
1.4627
1.4680
1.4700
1.4749
1.4783
1.4815
1.4878
1.4917
1.4920
1.4949
1.4953
1.4968
1.5039
1.5042
1.5076
1.5090
1.5123
1.5138
1.5152
1.5159
1.5160
1.5171
1.5177
1.5249
1.5259
1.5309
1.5343
1.5349
1.5355
1.5359
1.5420
1.5449
1.5538
1.5548
1.5560
1.5582
1.5601
1.5633
1.5642
1.5699
1.5788
1.5790
1.5813
1.5875
1.5969
1.6191
1.6193
1.6196
1.6199
1.6206
1.6210
1.6232
1.6273
1.6311
1.6317
1.6329
1.6368
1.6369
1.6371
1.6433
1.6482
1.6483
1.6500
1.6541
1.6543
1.6546
1.6573
1.6577
1.6578
1.6648
1.6665
1.6694
1.6714
1.6719
1.6723
1.6766
1.6772
1.6778
1.6800
1.6804
1.6823
1.6853
1.6880
1.6885
1.6886
1.6974
1.7055
1.7098
1.7121
1.7142
1.7177
1.7213
1.7229
1.7245
1.7264
1.7311
1.7324
1.7612
1.7642
1.7752
1.7794
1.7804
1.7842
1.7865
1.7893
1.7907
1.7926
1.7938
1.7951
1.7977
1.8020
1.8022
1.8067
1.8069
1.8083
1.8126
1.8152
1.8153
1.8270
1.8315
1.8347
1.8348
1.8354
1.8385
1.8393
1.8431
1.8478
1.8525
1.8631
1.8721
1.8930
1.8973
1.8989
1.9076
1.9098
1.9117
1.9145
1.9231
1.9316
1.9326
1.9355
1.9496
1.9541
1.9546
1.9642
1.9663
1.9706
1.9836
1.9910
1.9959
2.0016
2.0037
2.0114
2.0140
2.0240
2.0264
2.0346
2.0384
2.0414
2.0428
2.0514
2.0743
2.0771
2.0876
2.0917
2.0945
2.0962
2.0998
2.1027
2.1210
2.1318
2.1330
2.1367
2.1410
2.1424
2.1438
2.1619
2.1630
2.1762
2.1767
2.1776
2.1920
2.1978
2.2105
2.2114
2.2160
2.2272
2.2280
2.2315
2.2350
2.2399
2.2535
2.2543
2.2702
2.2761
2.2927
2.3000
2.3022
2.3070
2.3107
2.3119
2.3129
2.3170
2.3185
2.3198
2.3407
2.3538
2.3597
2.3633
2.3701
2.3787
2.3913
2.3954
2.4005
2.4062
2.4134
2.4138
2.4166
2.4220
2.4239
2.4315
2.4322
2.4353
2.4535
2.4582
2.4723
2.4753
2.4766
2.4840
2.4869
2.4913
2.4917
2.4939
2.4995
2.5033
2.5346
2.5385
2.5401
2.5425
2.5569
2.5642
2.5668
2.5717
2.5772
2.5799
2.5827
2.5906
2.6029
2.6179
2.6337
2.6362
2.6424
2.6518
2.6526
2.7411
2.7482
2.7654
2.7786
2.7840
2.7907
2.7943
2.8076
2.8085
2.8188
2.8643
2.9253
2.9441
2.9573
2.9608
2.9627
2.9682
3.0019
3.0245
3.0254
3.0452
3.0628
3.0925
3.1010
3.1236
3.1284
3.1433
3.1656
3.2326
3.2574
3.2996
3.3130
3.3495
3.3832
3.4070
3.4077
3.4405
3.4537
3.5555
3.5596
3.5971
3.7099
3.8176
3.8777
3.9111
3.9882
4.0289
4.0507
4.0800
4.1099
4.1303
4.2856
4.2861
4.5107
4.5331
4.5484
4.8561
5.6187
