1000
1000
-1.4353,0.1892
-1.3403,0.1819
-1.1304,0.1438
-0.9872,0.1360
-0.8841,0.1336
-0.8051,0.1303
-0.7429,0.1269
-0.6923,0.1231
-0.6503,0.1195
-0.6147,0.1166
-0.5837,0.1135
-0.5566,0.1105
-0.5327,0.1077
-0.5115,0.1051
-0.4927,0.1029
-0.4756,0.1007
-0.4600,0.0986
-0.4457,0.0967
-0.4326,0.0948
-0.4204,0.0931
-0.4092,0.0916
-0.3989,0.0902
-0.3893,0.0889
-0.3803,0.0877
-0.3719,0.0866
-0.3640,0.0855
-0.3566,0.0844
-0.3495,0.0833
-0.3428,0.0821
-0.3365,0.0811
-0.3305,0.0802
-0.3248,0.0791
-0.3194,0.0782
-0.3142,0.0772
-0.3093,0.0763
-0.3046,0.0755
-0.3000,0.0746
-0.2957,0.0738
-0.2915,0.0730
-0.2875,0.0723
-0.2837,0.0715
-0.2800,0.0708
-0.2765,0.0701
-0.2730,0.0694
-0.2697,0.0687
-0.2665,0.0681
-0.2634,0.0674
-0.2604,0.0668
-0.2575,0.0661
-0.2546,0.0655
-0.2519,0.0649
-0.2492,0.0644
-0.2467,0.0638
-0.2442,0.0633
-0.2417,0.0628
-0.2394,0.0622
-0.2371,0.0617
-0.2348,0.0612
-0.2327,0.0608
-0.2305,0.0603
-0.2285,0.0598
-0.2265,0.0594
-0.2245,0.0589
-0.2226,0.0584
-0.2207,0.0580
-0.2188,0.0575
-0.2171,0.0571
-0.2153,0.0567
-0.2136,0.0563
-0.2119,0.0558
-0.2103,0.0554
-0.2086,0.0550
-0.2071,0.0547
-0.2055,0.0543
-0.2040,0.0539
-0.2026,0.0536
-0.2011,0.0533
-0.1997,0.0529
-0.1983,0.0526
-0.1970,0.0523
-0.1956,0.0520
-0.1943,0.0517
-0.1930,0.0513
-0.1918,0.0510
-0.1905,0.0507
-0.1893,0.0504
-0.1881,0.0501
-0.1869,0.0499
-0.1858,0.0496
-0.1846,0.0493
-0.1835,0.0490
-0.1824,0.0488
-0.1813,0.0485
-0.1803,0.0482
-0.1792,0.0480
-0.1782,0.0477
-0.1772,0.0475
-0.1762,0.0472
-0.1752,0.0470
-0.1742,0.0467
-0.1732,0.0465
-0.1723,0.0462
-0.1714,0.0460
-0.1704,0.0458
-0.1695,0.0455
-0.1686,0.0453
-0.1677,0.0451
-0.1669,0.0448
-0.1660,0.0446
-0.1652,0.0444
-0.1643,0.0441
-0.1635,0.0439
-0.1627,0.0437
-0.1619,0.0435
-0.1611,0.0433
-0.1603,0.0431
-0.1595,0.0429
-0.1587,0.0427
-0.1580,0.0424
-0.1572,0.0422
-0.1565,0.0420
-0.1557,0.0418
-0.1550,0.0416
-0.1543,0.0414
-0.1536,0.0412
-0.1529,0.0411
-0.1522,0.0409
-0.1515,0.0407
-0.1508,0.0405
-0.1501,0.0403
-0.1494,0.0401
-0.1488,0.0399
-0.1481,0.0398
-0.1475,0.0396
-0.1468,0.0394
-0.1462,0.0392
-0.1455,0.0390
-0.1449,0.0388
-0.1443,0.0387
-0.1437,0.0385
-0.1431,0.0383
-0.1425,0.0381
-0.1419,0.0380
-0.1413,0.0378
-0.1407,0.0376
-0.1401,0.0375
-0.1395,0.0373
-0.1390,0.0371
-0.1384,0.0370
-0.1378,0.0368
-0.1373,0.0366
-0.1367,0.0365
-0.1362,0.0363
-0.1356,0.0361
-0.1351,0.0360
-0.1346,0.0358
-0.1340,0.0356
-0.1335,0.0355
-0.1330,0.0353
-0.1325,0.0352
-0.1320,0.0350
-0.1315,0.0349
-0.1310,0.0347
-0.1305,0.0346
-0.1300,0.0344
-0.1295,0.0343
-0.1290,0.0342
-0.1285,0.0340
-0.1280,0.0339
-0.1276,0.0337
-0.1271,0.0336
-0.1266,0.0335
-0.1262,0.0333
-0.1257,0.0332
-0.1253,0.0331
-0.1248,0.0329
-0.1244,0.0328
-0.1239,0.0327
-0.1235,0.0326
-0.1231,0.0324
-0.1226,0.0323
-0.1222,0.0322
-0.1218,0.0321
-0.1213,0.0319
-0.1209,0.0318
-0.1205,0.0317
-0.1201,0.0316
-0.1197,0.0315
-0.1192,0.0313
-0.1188,0.0312
-0.1184,0.0311
-0.1180,0.0310
-0.1176,0.0309
-0.1172,0.0308
-0.1168,0.0306
-0.1164,0.0305
-0.1160,0.0304
-0.1156,0.0303
-0.1152,0.0302
-0.1148,0.0301
-0.1145,0.0300
-0.1141,0.0298
-0.1137,0.0297
-0.1133,0.0296
-0.1129,0.0295
-0.1125,0.0294
-0.1122,0.0293
-0.1118,0.0292
-0.1114,0.0291
-0.1110,0.0290
-0.1107,0.0289
-0.1103,0.0288
-0.1099,0.0287
-0.1096,0.0286
-0.1092,0.0285
-0.1089,0.0284
-0.1085,0.0283
-0.1081,0.0282
-0.1078,0.0281
-0.1074,0.0279
-0.1071,0.0278
-0.1067,0.0277
-0.1064,0.0276
-0.1060,0.0275
-0.1057,0.0274
-0.1054,0.0273
-0.1050,0.0272
-0.1047,0.0271
-0.1043,0.0270
-0.1040,0.0269
-0.1037,0.0268
-0.1033,0.0267
-0.1030,0.0266
-0.1027,0.0265
-0.1023,0.0265
-0.1020,0.0264
-0.1017,0.0263
-0.1014,0.0262
-0.1010,0.0261
-0.1007,0.0260
-0.1004,0.0259
-0.1001,0.0258
-0.0997,0.0257
-0.0994,0.0256
-0.0991,0.0255
-0.0988,0.0254
-0.0985,0.0253
-0.0982,0.0252
-0.0978,0.0251
-0.0975,0.0250
-0.0972,0.0249
-0.0969,0.0248
-0.0966,0.0247
-0.0963,0.0246
-0.0960,0.0246
-0.0957,0.0245
-0.0954,0.0244
-0.0951,0.0243
-0.0948,0.0242
-0.0944,0.0241
-0.0941,0.0240
-0.0938,0.0239
-0.0935,0.0238
-0.0932,0.0237
-0.0929,0.0236
-0.0926,0.0235
-0.0923,0.0234
-0.0920,0.0233
-0.0917,0.0233
-0.0914,0.0232
-0.0911,0.0231
-0.0908,0.0230
-0.0906,0.0229
-0.0903,0.0228
-0.0900,0.0227
-0.0897,0.0226
-0.0894,0.0225
-0.0891,0.0225
-0.0888,0.0224
-0.0885,0.0223
-0.0882,0.0222
-0.0880,0.0221
-0.0877,0.0220
-0.0874,0.0219
-0.0871,0.0218
-0.0868,0.0218
-0.0865,0.0217
-0.0863,0.0216
-0.0860,0.0215
-0.0857,0.0214
-0.0854,0.0213
-0.0851,0.0212
-0.0849,0.0212
-0.0846,0.0211
-0.0843,0.0210
-0.0840,0.0209
-0.0838,0.0208
-0.0835,0.0207
-0.0832,0.0206
-0.0829,0.0206
-0.0827,0.0205
-0.0824,0.0204
-0.0821,0.0203
-0.0819,0.0202
-0.0816,0.0201
-0.0813,0.0201
-0.0811,0.0200
-0.0808,0.0199
-0.0805,0.0198
-0.0803,0.0198
-0.0800,0.0197
-0.0797,0.0196
-0.0795,0.0195
-0.0792,0.0194
-0.0789,0.0194
-0.0787,0.0193
-0.0784,0.0192
-0.0781,0.0191
-0.0779,0.0190
-0.0776,0.0190
-0.0774,0.0189
-0.0771,0.0188
-0.0768,0.0187
-0.0766,0.0186
-0.0763,0.0186
-0.0761,0.0185
-0.0758,0.0184
-0.0755,0.0183
-0.0753,0.0183
-0.0750,0.0182
-0.0748,0.0181
-0.0745,0.0180
-0.0743,0.0180
-0.0740,0.0179
-0.0737,0.0178
-0.0735,0.0178
-0.0732,0.0177
-0.0730,0.0176
-0.0727,0.0175
-0.0725,0.0175
-0.0722,0.0174
-0.0720,0.0173
-0.0717,0.0172
-0.0714,0.0172
-0.0712,0.0171
-0.0709,0.0170
-0.0707,0.0169
-0.0704,0.0169
-0.0702,0.0168
-0.0699,0.0167
-0.0697,0.0167
-0.0694,0.0166
-0.0691,0.0165
-0.0689,0.0164
-0.0686,0.0164
-0.0684,0.0163
-0.0681,0.0162
-0.0679,0.0161
-0.0676,0.0161
-0.0674,0.0160
-0.0671,0.0159
-0.0668,0.0158
-0.0666,0.0158
-0.0663,0.0157
-0.0661,0.0156
-0.0658,0.0155
-0.0656,0.0155
-0.0653,0.0154
-0.0650,0.0153
-0.0648,0.0152
-0.0645,0.0152
-0.0643,0.0151
-0.0640,0.0150
-0.0637,0.0149
-0.0635,0.0149
-0.0632,0.0148
-0.0629,0.0147
-0.0627,0.0147
-0.0624,0.0146
-0.0622,0.0145
-0.0619,0.0144
-0.0616,0.0144
-0.0614,0.0143
-0.0611,0.0142
-0.0609,0.0142
-0.0606,0.0141
-0.0603,0.0140
-0.0601,0.0140
-0.0598,0.0139
-0.0595,0.0138
-0.0593,0.0138
-0.0590,0.0137
-0.0587,0.0136
-0.0585,0.0136
-0.0582,0.0135
-0.0580,0.0134
-0.0577,0.0134
-0.0574,0.0133
-0.0572,0.0132
-0.0569,0.0132
-0.0566,0.0131
-0.0564,0.0131
-0.0561,0.0130
-0.0558,0.0129
-0.0555,0.0129
-0.0553,0.0128
-0.0550,0.0127
-0.0547,0.0127
-0.0545,0.0126
-0.0542,0.0125
-0.0539,0.0125
-0.0536,0.0124
-0.0533,0.0123
-0.0531,0.0123
-0.0528,0.0122
-0.0525,0.0121
-0.0522,0.0121
-0.0519,0.0120
-0.0517,0.0119
-0.0514,0.0119
-0.0511,0.0118
-0.0508,0.0117
-0.0505,0.0117
-0.0502,0.0116
-0.0499,0.0115
-0.0496,0.0114
-0.0494,0.0114
-0.0491,0.0113
-0.0488,0.0112
-0.0485,0.0112
-0.0482,0.0111
-0.0479,0.0110
-0.0476,0.0109
-0.0473,0.0109
-0.0470,0.0108
-0.0467,0.0107
-0.0464,0.0106
-0.0461,0.0106
-0.0458,0.0105
-0.0454,0.0104
-0.0451,0.0103
-0.0448,0.0102
-0.0445,0.0102
-0.0442,0.0101
-0.0439,0.0100
-0.0435,0.0099
-0.0432,0.0098
-0.0429,0.0098
-0.0426,0.0097
-0.0423,0.0096
-0.0419,0.0095
-0.0416,0.0094
-0.0413,0.0094
-0.0409,0.0093
-0.0406,0.0092
-0.0403,0.0091
-0.0399,0.0091
-0.0396,0.0090
-0.0392,0.0089
-0.0389,0.0088
-0.0385,0.0088
-0.0382,0.0087
-0.0378,0.0086
-0.0375,0.0085
-0.0371,0.0085
-0.0368,0.0084
-0.0364,0.0083
-0.0360,0.0082
-0.0357,0.0081
-0.0353,0.0081
-0.0349,0.0080
-0.0345,0.0079
-0.0341,0.0078
-0.0337,0.0077
-0.0333,0.0076
-0.0329,0.0075
-0.0325,0.0074
-0.0321,0.0074
-0.0317,0.0073
-0.0313,0.0072
-0.0309,0.0071
-0.0304,0.0070
-0.0300,0.0069
-0.0296,0.0068
-0.0291,0.0067
-0.0287,0.0067
-0.0282,0.0066
-0.0278,0.0065
-0.0273,0.0064
-0.0268,0.0063
-0.0263,0.0062
-0.0258,0.0061
-0.0253,0.0060
-0.0248,0.0059
-0.0243,0.0059
-0.0237,0.0058
-0.0232,0.0057
-0.0226,0.0056
-0.0220,0.0055
-0.0214,0.0054
-0.0208,0.0053
-0.0202,0.0052
-0.0196,0.0051
-0.0189,0.0050
-0.0182,0.0049
-0.0175,0.0048
-0.0168,0.0047
-0.0160,0.0046
-0.0152,0.0045
-0.0144,0.0043
-0.0134,0.0042
-0.0125,0.0040
-0.0114,0.0039
-0.0102,0.0036
0.0000,0.0000
0.0000,0.0000
0.0000,0.0000
0.0000,0.0000
0.0000,0.0000
0.0000,0.0000
0.0000,0.0000
0.0000,0.0000
0.0000,0.0000
0.0000,0.0000
0.0000,0.0000
0.0000,0.0000
0.0000,0.0000
0.0000,0.0000
0.0000,0.0000
0.0000,0.0000
0.0000,0.0000
0.0000,0.0000
0.0000,0.0000
0.0000,0.0000
0.0000,0.0000
0.0000,0.0000
0.0000,0.0000
0.0000,0.0000
0.0000,0.0000
0.0000,0.0000
0.0000,0.0000
0.0000,0.0000
0.0000,0.0000
0.0000,0.0000
0.0000,0.0000
0.0000,0.0000
0.0000,0.0000
0.0000,0.0000
0.0000,0.0000
0.0000,0.0000
0.0000,0.0000
0.0000,0.0000
0.0000,0.0000
0.0000,0.0000
0.0000,0.0000
0.0000,0.0000
0.0000,0.0000
0.0000,0.0000
0.0000,0.0000
0.0000,0.0000
0.0000,0.0000
0.0000,0.0000
0.0000,0.0000
0.0000,0.0000
0.0000,0.0000
0.0000,0.0000
0.0000,0.0000
0.0000,0.0000
0.0000,0.0000
0.0000,0.0000
0.0000,0.0000
0.0000,0.0000
0.0000,0.0000
0.0000,0.0000
0.0000,0.0000
0.0000,0.0000
0.0000,0.0000
0.0000,0.0000
0.0000,0.0000
0.0000,0.0000
0.0000,0.0000
0.0000,0.0000
0.0000,0.0000
0.0000,0.0000
0.0000,0.0000
0.0000,0.0000
0.0000,0.0000
0.0000,0.0000
0.0000,0.0000
0.0000,0.0000
0.0000,0.0000
0.0000,0.0000
0.0000,0.0000
0.0000,0.0000
0.0000,0.0000
0.0000,0.0000
0.0000,0.0000
0.0000,0.0000
0.0000,0.0000
0.0000,0.0000
0.0000,0.0000
0.0000,0.0000
0.0000,0.0000
0.0000,0.0000
0.0000,0.0000
0.0000,0.0000
0.0000,0.0000
0.0000,0.0000
0.0000,0.0000
0.0000,0.0000
0.0000,0.0000
0.0000,0.0000
0.0000,0.0000
0.0000,0.0000
0.0000,0.0000
0.0000,0.0000
0.0000,0.0000
0.0000,0.0000
0.0000,0.0000
0.0000,0.0000
0.0000,0.0000
0.0000,0.0000
0.0000,0.0000
0.0000,0.0000
0.0000,0.0000
0.0000,0.0000
0.0000,0.0000
0.0000,0.0000
0.0000,0.0000
0.0000,0.0000
0.0000,0.0000
0.0000,0.0000
0.0000,0.0000
0.0000,0.0000
0.0000,0.0000
0.0000,0.0000
0.0000,0.0000
0.0000,0.0000
0.0000,0.0000
0.0000,0.0000
0.0000,0.0000
0.0000,0.0000
0.0000,0.0000
0.0000,0.0000
0.0000,0.0000
0.0000,0.0000
0.0000,0.0000
0.0000,0.0000
0.0000,0.0000
0.0000,0.0000
0.0000,0.0000
0.0000,0.0000
0.0000,0.0000
0.0000,0.0000
0.0000,0.0000
0.0000,0.0000
0.0000,0.0000
0.0000,0.0000
0.0000,0.0000
0.0000,0.0000
0.0000,0.0000
0.0000,0.0000
0.0000,0.0000
0.0000,0.0000
0.0000,0.0000
0.0000,0.0000
0.0000,0.0000
0.0000,0.0000
0.0000,0.0000
0.0000,0.0000
0.0000,0.0000
0.0000,0.0000
0.0000,0.0000
0.0000,0.0000
0.0000,0.0000
0.0000,0.0000
0.0000,0.0000
0.0000,0.0000
0.0000,0.0000
0.0000,0.0000
0.0000,0.0000
0.0000,0.0000
0.0000,0.0000
0.0000,0.0000
0.0000,0.0000
0.0000,0.0000
0.0000,0.0000
0.0000,0.0000
0.0000,0.0000
0.0000,0.0000
0.0000,0.0000
0.0000,0.0000
0.0000,0.0000
0.0000,0.0000
0.0000,0.0000
0.0000,0.0000
0.0000,0.0000
0.0000,0.0000
0.0000,0.0000
0.0000,0.0000
0.0000,0.0000
0.0000,0.0000
0.0000,0.0000
0.0000,0.0000
0.0000,0.0000
0.0000,0.0000
0.0000,0.0000
0.0000,0.0000
0.0000,0.0000
0.0000,0.0000
0.0000,0.0000
0.0000,0.0000
0.0000,0.0000
0.0000,0.0000
0.0000,0.0000
0.0000,0.0000
0.0000,0.0000
0.0000,0.0000
0.0000,0.0000
0.0000,0.0000
0.0000,0.0000
0.0000,0.0000
0.0000,0.0000
0.0000,0.0000
0.0000,0.0000
0.0000,0.0000
0.0000,0.0000
0.0000,0.0000
0.0000,0.0000
0.0000,0.0000
0.0000,0.0000
0.0000,0.0000
0.0000,0.0000
0.0000,0.0000
0.0000,0.0000
0.0000,0.0000
0.0000,0.0000
0.0000,0.0000
0.0000,0.0000
0.0000,0.0000
0.0000,0.0000
0.0000,0.0000
0.0000,0.0000
0.0000,0.0000
0.0000,0.0000
0.0000,0.0000
0.0000,0.0000
0.0000,0.0000
0.0000,0.0000
0.0000,0.0000
0.0000,0.0000
0.0000,0.0000
0.0000,0.0000
0.0000,0.0000
0.0000,0.0000
0.0000,0.0000
0.0000,0.0000
0.0000,0.0000
0.0000,0.0000
0.0000,0.0000
0.0000,0.0000
0.0000,0.0000
0.0000,0.0000
0.0000,0.0000
0.0000,0.0000
0.0000,0.0000
0.0000,0.0000
0.0000,0.0000
0.0000,0.0000
0.0000,0.0000
0.0000,0.0000
0.0000,0.0000
0.0000,0.0000
0.0000,0.0000
0.0000,0.0000
0.0000,0.0000
0.0000,0.0000
0.0000,0.0000
0.0000,0.0000
0.0000,0.0000
0.0000,0.0000
0.0000,0.0000
0.0000,0.0000
0.0000,0.0000
0.0000,0.0000
0.0000,0.0000
0.0000,0.0000
0.0000,0.0000
0.0000,0.0000
0.0000,0.0000
0.0000,0.0000
0.0000,0.0000
0.0000,0.0000
0.0000,0.0000
0.0000,0.0000
0.0000,0.0000
0.0000,0.0000
0.0000,0.0000
0.0000,0.0000
0.0000,0.0000
0.0000,0.0000
0.0000,0.0000
0.0000,0.0000
0.0000,0.0000
0.0000,0.0000
0.0000,0.0000
0.0000,0.0000
0.0000,0.0000
0.0000,0.0000
0.0000,0.0000
0.0000,0.0000
0.0000,0.0000
0.0000,0.0000
0.0000,0.0000
0.0000,0.0000
0.0000,0.0000
0.0000,0.0000
0.0000,0.0000
0.0000,0.0000
0.0000,0.0000
0.0000,0.0000
0.0000,0.0000
0.0000,0.0000
0.0000,0.0000
0.0000,0.0000
0.0000,0.0000
0.0000,0.0000
0.0000,0.0000
0.0000,0.0000
0.0000,0.0000
0.0000,0.0000
0.0000,0.0000
0.0000,0.0000
0.0000,0.0000
0.0000,0.0000
0.0000,0.0000
0.0000,0.0000
0.0000,0.0000
0.0000,0.0000
0.0000,0.0000
0.0000,0.0000
0.0000,0.0000
0.0000,0.0000
0.0000,0.0000
0.0000,0.0000
0.0000,0.0000
0.0000,0.0000
0.0000,0.0000
0.0000,0.0000
0.0000,0.0000
0.0000,0.0000
0.0000,0.0000
0.0000,0.0000
0.0000,0.0000
0.0000,0.0000
0.0000,0.0000
0.0000,0.0000
0.0000,0.0000
0.0000,0.0000
0.0000,0.0000
0.0000,0.0000
0.0000,0.0000
0.0000,0.0000
0.0000,0.0000
0.0000,0.0000
0.0000,0.0000
0.0000,0.0000
0.0000,0.0000
0.0000,0.0000
0.0000,0.0000
0.0000,0.0000
0.0000,0.0000
0.0000,0.0000
0.0000,0.0000
0.0000,0.0000
0.0000,0.0000
0.0000,0.0000
0.0000,0.0000
0.0000,0.0000
0.0000,0.0000
0.0000,0.0000
0.0000,0.0000
0.0000,0.0000
0.0000,0.0000
0.0000,0.0000
0.0000,0.0000
0.0000,0.0000
0.0000,0.0000
0.0000,0.0000
0.0000,0.0000
0.0000,0.0000
0.0000,0.0000
0.0000,0.0000
0.0000,0.0000
0.0000,0.0000
0.0000,0.0000
0.0000,0.0000
0.0000,0.0000
0.0000,0.0000
0.0000,0.0000
0.0000,0.0000
0.0000,0.0000
0.0000,0.0000
0.0000,0.0000
0.0000,0.0000
0.0000,0.0000
0.0000,0.0000
0.0000,0.0000
0.0000,0.0000
0.0000,0.0000
0.0000,0.0000
0.0000,0.0000
0.0000,0.0000
0.0000,0.0000
0.0000,0.0000
0.0000,0.0000
0.0000,0.0000
0.0000,0.0000
0.0000,0.0000
0.0000,0.0000
0.0000,0.0000
0.0000,0.0000
0.0000,0.0000
0.0000,0.0000
0.0000,0.0000
0.0000,0.0000
0.0000,0.0000
0.0000,0.0000
0.0000,0.0000
0.0000,0.0000
0.0000,0.0000
0.0000,0.0000
0.0000,0.0000
0.0000,0.0000
0.0000,0.0000
0.0000,0.0000
0.0000,0.0000
0.0000,0.0000
0.0000,0.0000
0.0000,0.0000
0.0000,0.0000
0.0000,0.0000
0.0000,0.0000
0.0000,0.0000
0.0000,0.0000
0.0000,0.0000
0.0000,0.0000
0.0000,0.0000
0.0000,0.0000
0.0000,0.0000
0.0000,0.0000
0.0000,0.0000
0.0000,0.0000
0.0000,0.0000
0.0000,0.0000
0.0000,0.0000
0.0000,0.0000
0.0000,0.0000
0.0000,0.0000
0.0000,0.0000
0.0000,0.0000
0.0000,0.0000
0.0000,0.0000
0.0000,0.0000
0.0000,0.0000
0.0000,0.0000
0.0000,0.0000
0.0000,0.0000
0.0000,0.0000
0.0000,0.0000
0.0000,0.0000
0.0000,0.0000
0.0000,0.0000
0.0000,0.0000
0.0000,0.0000
0.0000,0.0000
0.0000,0.0000
0.0000,0.0000
0.0000,0.0000
0.0000,0.0000
0.0000,0.0000
0.0000,0.0000
0.0000,0.0000
0.0000,0.0000
0.0000,0.0000
0.0000,0.0000
0.0000,0.0000
0.0000,0.0000
0.0000,0.0000
0.0000,0.0000
0.0000,0.0000
0.0000,0.0000
0.0000,0.0000
0.0000,0.0000
0.0000,0.0000
0.0000,0.0000
0.0000,0.0000
0.0000,0.0000
0.0000,0.0000
0.0000,0.0000
-0.5603
-0.3647
-0.2747
-0.2011
-0.2006
-0.1046
-0.0837
-0.0801
-0.0683
-0.0666
-0.0558
-0.0428
-0.0270
-0.0132
-0.0114
0.0028
0.0468
0.0487
0.0555
0.0583
0.0640
0.0865
0.0917
0.1081
0.1397
0.1504
0.1509
0.1894
0.2004
0.2184
0.2195
0.2204
0.2205
0.2263
0.2349
0.2381
0.2400
0.2437
0.2484
0.2485
0.2494
0.2707
0.2723
0.2863
0.2955
0.3066
0.3200
0.3208
0.3225
0.3334
0.3350
0.3508
0.3543
0.3567
0.3616
0.3636
0.3710
0.3756
0.3873
0.3955
0.3973
0.4011
0.4037
0.4105
0.4134
0.4136
0.4140
0.4224
0.4364
0.4374
0.4379
0.4387
0.4453
0.4470
0.4507
0.4649
0.4705
0.4753
0.4783
0.4787
0.4808
0.4820
0.4827
0.4837
0.4849
0.4857
0.4927
0.4934
0.4940
0.4982
0.4986
0.5056
0.5111
0.5123
0.5185
0.5204
0.5256
0.5263
0.5317
0.5370
0.5379
0.5511
0.5555
0.5610
0.5661
0.5711
0.5730
0.5736
0.5773
0.5788
0.5790
0.5805
0.5899
0.6039
0.6079
0.6228
0.6315
0.6331
0.6343
0.6364
0.6375
0.6382
0.6383
0.6446
0.6454
0.6501
0.6518
0.6539
0.6544
0.6550
0.6580
0.6663
0.6687
0.6693
0.6784
0.6815
0.6833
0.6844
0.6858
0.6862
0.6868
0.6880
0.6946
0.6950
0.6974
0.7037
0.7074
0.7082
0.7085
0.7090
0.7094
0.7168
0.7173
0.7175
0.7256
0.7292
0.7297
0.7315
0.7349
0.7350
0.7387
0.7421
0.7442
0.7444
0.7464
0.7503
0.7513
0.7518
0.7521
0.7562
0.7576
0.7595
0.7618
0.7655
0.7674
0.7783
0.7786
0.7840
0.7932
0.7963
0.7964
0.7968
0.7998
0.8033
0.8042
0.8071
0.8114
0.8116
0.8142
0.8146
0.8150
0.8184
0.8228
0.8237
0.8299
0.8309
0.8333
0.8351
0.8410
0.8425
0.8468
0.8488
0.8493
0.8499
0.8564
0.8574
0.8601
0.8617
0.8617
0.8630
0.8652
0.8725
0.8775
0.8826
0.8912
0.8979
0.8983
0.8983
0.9016
0.9084
0.9092
0.9094
0.9100
0.9105
0.9123
0.9145
0.9158
0.9164
0.9244
0.9274
0.9320
0.9349
0.9358
0.9365
0.9430
0.9541
0.9579
0.9596
0.9626
0.9633
0.9642
0.9647
0.9657
0.9667
0.9698
0.9699
0.9700
0.9727
0.9745
0.9788
0.9792
0.9796
0.9824
0.9836
0.9861
0.9874
0.9892
0.9921
0.9945
0.9980
0.9996
0.9998
1.0043
1.0056
1.0071
1.0091
1.0094
1.0096
1.0128
1.0152
1.0159
1.0166
1.0188
1.0211
1.0219
1.0232
1.0238
1.0295
1.0322
1.0326
1.0333
1.0340
1.0358
1.0433
1.0441
1.0453
1.0456
1.0530
1.0569
1.0570
1.0642
1.0682
1.0689
1.0709
1.0723
1.0723
1.0732
1.0740
1.0756
1.0792
1.0794
1.0801
1.0805
1.0827
1.0829
1.0853
1.0910
1.0911
1.0932
1.0942
1.0944
1.0949
1.0997
1.1041
1.1060
1.1089
1.1089
1.1094
1.1144
1.1149
1.1193
1.1200
1.1221
1.1223
1.1270
1.1276
1.1291
1.1318
1.1323
1.1325
1.1330
1.1358
1.1370
1.1381
1.1387
1.1397
1.1410
1.1459
1.1521
1.1546
1.1556
1.1565
1.1643
1.1660
1.1689
1.1689
1.1734
1.1755
1.1759
1.1773
1.1776
1.1786
1.1799
1.1801
1.1815
1.1815
1.1857
1.1872
1.1925
1.1931
1.1934
1.1945
1.1947
1.2012
1.2017
1.2029
1.2078
1.2080
1.2093
1.2095
1.2100
1.2112
1.2115
1.2120
1.2163
1.2184
1.2192
1.2210
1.2211
1.2247
1.2251
1.2253
1.2335
1.2336
1.2380
1.2391
1.2416
1.2438
1.2448
1.2477
1.2501
1.2504
1.2516
1.2516
1.2534
1.2554
1.2576
1.2639
1.2641
1.2650
1.2663
1.2682
1.2682
1.2701
1.2703
1.2731
1.2772
1.2791
1.2806
1.2843
1.2860
1.2912
1.2916
1.2919
1.2951
1.2972
1.2976
1.3010
1.3022
1.3040
1.3056
1.3058
1.3061
1.3090
1.3122
1.3135
1.3170
1.3173
1.3198
1.3221
1.3225
1.3316
1.3324
1.3335
1.3381
1.3400
1.3424
1.3425
1.3443
1.3483
1.3514
1.3542
1.3587
1.3589
1.3593
1.3640
1.3643
1.3665
1.3684
1.3694
1.3705
1.3709
1.3712
1.3718
1.3747
1.3770
1.3789
1.3826
1.3842
1.3866
1.3874
1.3885
1.3915
1.3941
1.3974
1.3980
1.4018
1.4030
1.4192
1.4194
1.4196
1.4208
1.4271
1.4293
1.4358
1.4384
1.4460
1.4463
1.4468
1.4470
1.4523
1.4533
1.4665
1.4690
1.4704
1.4707
1.4715
1.4716
1.4720
1.4721
1.4740
1.4767
1.4769
1.4795
1.4866
1.4891
1.4901
1.4961
1.4983
1.4987
1.4990
1.5022
1.5026
1.5043
1.5054
1.5127
1.5136
1.5164
1.5169
1.5180
1.5229
1.5255
1.5315
1.5315
1.5384
1.5389
1.5415
1.5444
1.5448
1.5472
1.5487
1.5502
1.5505
1.5515
1.5545
1.5546
1.5556
1.5556
1.5574
1.5587
1.5590
1.5657
1.5690
1.5699
1.5702
1.5741
1.5742
1.5767
1.5772
1.5782
1.5783
1.5796
1.5841
1.5847
1.5902
1.5905
1.5978
1.5989
1.6027
1.6065
1.6080
1.6094
1.6099
1.6100
1.6109
1.6149
1.6163
1.6175
1.6182
1.6190
1.6190
1.6208
1.6300
1.6340
1.6444
1.6451
1.6463
1.6581
1.6584
1.6602
1.6665
1.6665
1.6695
1.6718
1.6770
1.6789
1.6790
1.6824
1.6829
1.6868
1.6874
1.6880
1.6964
1.6964
1.6967
1.6985
1.6996
1.7007
1.7057
1.7059
1.7124
1.7143
1.7154
1.7197
1.7232
1.7267
1.7284
1.7292
1.7377
1.7429
1.7476
1.7520
1.7527
1.7536
1.7542
1.7605
1.7619
1.7626
1.7644
1.7650
1.7652
1.7665
1.7693
1.7705
1.7719
1.7728
1.7728
1.7740
1.7754
1.7822
1.7828
1.7916
1.7929
1.7942
1.7956
1.7972
1.7974
1.8039
1.8069
1.8081
1.8090
1.8107
1.8117
1.8154
1.8205
1.8267
1.8296
1.8340
1.8347
1.8384
1.8404
1.8414
1.8426
1.8477
1.8533
1.8552
1.8587
1.8627
1.8657
1.8659
1.8770
1.8781
1.8822
1.8841
1.8849
1.8876
1.8921
1.8938
1.8967
1.9008
1.9017
1.9018
1.9033
1.9048
1.9049
1.9056
1.9113
1.9156
1.9194
1.9194
1.9215
1.9222
1.9244
1.9257
1.9290
1.9300
1.9311
1.9312
1.9316
1.9322
1.9339
1.9374
1.9392
1.9421
1.9442
1.9470
1.9561
1.9607
1.9709
1.9722
1.9729
1.9820
1.9888
1.9964
1.9976
2.0004
2.0112
2.0135
2.0137
2.0156
2.0243
2.0270
2.0272
2.0302
2.0318
2.0352
2.0361
2.0397
2.0495
2.0502
2.0537
2.0545
2.0575
2.0607
2.0616
2.0621
2.0623
2.0643
2.0694
2.0695
2.0738
2.0744
2.0755
2.0781
2.0798
2.0843
2.0872
2.0874
2.0887
2.0950
2.0972
2.1018
2.1038
2.1179
2.1192
2.1222
2.1230
2.1291
2.1297
2.1356
2.1400
2.1416
2.1444
2.1449
2.1481
2.1489
2.1504
2.1517
2.1525
2.1604
2.1608
2.1623
2.1631
2.1742
2.1750
2.1753
2.1766
2.1768
2.1773
2.1778
2.1805
2.1813
2.1943
2.1969
2.1970
2.2039
2.2060
2.2106
2.2139
2.2140
2.2147
2.2182
2.2216
2.2218
2.2296
2.2322
2.2350
2.2378
2.2383
2.2397
2.2514
2.2533
2.2539
2.2631
2.2704
2.2718
2.2870
2.2910
2.2913
2.2971
2.2977
2.3026
2.3088
2.3096
2.3168
2.3207
2.3250
2.3268
2.3362
2.3408
2.3484
2.3485
2.3502
2.3571
2.3674
2.3680
2.3687
2.3734
2.3776
2.3819
2.3886
2.3930
2.4018
2.4063
2.4121
2.4145
2.4289
2.4375
2.4480
2.4489
2.4656
2.4718
2.4726
2.4732
2.4743
2.4756
2.4794
2.4798
2.4893
2.4897
2.4933
2.4955
2.5016
2.5019
2.5033
2.5122
2.5175
2.5230
2.5245
2.5248
2.5269
2.5284
2.5286
2.5306
2.5440
2.5448
2.5603
2.5613
2.5625
2.5657
2.5745
2.5918
2.5949
2.5978
2.6030
2.6087
2.6102
2.6121
2.6268
2.6332
2.6341
2.6342
2.6445
2.6451
2.6483
2.6523
2.6547
2.6630
2.6658
2.6660
2.6675
2.6717
2.6866
2.6897
2.6899
2.6926
2.7065
2.7223
2.7229
2.7276
2.7294
2.7382
2.7385
2.7409
2.7436
2.7441
2.7498
2.7501
2.7529
2.7549
2.7608
2.7703
2.7704
2.7922
2.7945
2.7960
2.8007
2.8035
2.8174
2.8221
2.8418
2.8466
2.8515
2.8594
2.8660
2.8782
2.8844
2.8855
2.8900
2.9055
2.9150
2.9159
2.9166
2.9286
2.9308
2.9401
2.9507
2.9522
2.9587
2.9597
2.9659
2.9682
2.9729
2.9906
2.9930
2.9996
3.0088
3.0224
3.0262
3.0290
3.0329
3.0358
3.0480
3.0742
3.0759
3.0776
3.0916
3.0931
3.0942
3.0977
3.1174
3.1212
3.1515
3.1597
3.1621
3.1671
3.1705
3.1775
3.1890
3.1901
3.2098
3.2116
3.2194
3.2285
3.2296
3.2316
3.2503
3.2524
3.2607
3.2734
3.2798
3.3036
3.3048
3.3136
3.3339
3.3378
3.3684
3.3879
3.3916
3.3963
3.4039
3.4094
3.4134
3.4140
3.4232
3.4409
3.4616
3.6773
3.6829
3.6857
3.6966
3.7019
3.7046
3.8139
3.8262
3.8923
3.9393
3.9419
3.9450
3.9851
3.9870
3.9973
4.3349
4.4360
4.6517
4.7390
5.1670
5.6201
5.6800
6.3239
