1000
1000
-1.7794,0.2161
-1.6866,0.2132
-1.4650,0.1652
-1.3091,0.1527
-1.1919,0.1454
-1.1016,0.1413
-1.0292,0.1385
-0.9695,0.1356
-0.9195,0.1332
-0.8766,0.1310
-0.8391,0.1289
-0.8062,0.1269
-0.7769,0.1251
-0.7505,0.1236
-0.7268,0.1222
-0.7051,0.1205
-0.6853,0.1189
-0.6672,0.1173
-0.6502,0.1156
-0.6345,0.1140
-0.6199,0.1125
-0.6063,0.1111
-0.5935,0.1097
-0.5815,0.1083
-0.5701,0.1069
-0.5594,0.1055
-0.5493,0.1042
-0.5396,0.1030
-0.5305,0.1017
-0.5218,0.1006
-0.5135,0.0995
-0.5056,0.0984
-0.4981,0.0973
-0.4908,0.0963
-0.4839,0.0953
-0.4772,0.0944
-0.4708,0.0935
-0.4647,0.0926
-0.4588,0.0918
-0.4531,0.0910
-0.4476,0.0902
-0.4422,0.0893
-0.4371,0.0886
-0.4322,0.0879
-0.4275,0.0872
-0.4228,0.0866
-0.4184,0.0859
-0.4140,0.0853
-0.4098,0.0846
-0.4058,0.0840
-0.4018,0.0834
-0.3980,0.0829
-0.3943,0.0823
-0.3906,0.0818
-0.3871,0.0813
-0.3837,0.0807
-0.3803,0.0802
-0.3770,0.0797
-0.3739,0.0793
-0.3707,0.0788
-0.3677,0.0783
-0.3647,0.0778
-0.3618,0.0773
-0.3590,0.0768
-0.3562,0.0763
-0.3535,0.0759
-0.3509,0.0754
-0.3483,0.0750
-0.3457,0.0746
-0.3433,0.0742
-0.3408,0.0738
-0.3385,0.0734
-0.3361,0.0730
-0.3338,0.0727
-0.3316,0.0723
-0.3294,0.0719
-0.3272,0.0715
-0.3251,0.0711
-0.3230,0.0707
-0.3210,0.0703
-0.3189,0.0700
-0.3170,0.0696
-0.3150,0.0692
-0.3131,0.0689
-0.3112,0.0685
-0.3094,0.0681
-0.3076,0.0678
-0.3058,0.0674
-0.3040,0.0671
-0.3023,0.0667
-0.3006,0.0664
-0.2989,0.0661
-0.2973,0.0658
-0.2956,0.0654
-0.2941,0.0651
-0.2925,0.0648
-0.2909,0.0645
-0.2894,0.0642
-0.2879,0.0639
-0.2865,0.0637
-0.2850,0.0634
-0.2836,0.0631
-0.2822,0.0628
-0.2808,0.0626
-0.2794,0.0623
-0.2781,0.0620
-0.2767,0.0618
-0.2754,0.0615
-0.2741,0.0613
-0.2728,0.0611
-0.2716,0.0608
-0.2703,0.0606
-0.2691,0.0604
-0.2679,0.0602
-0.2667,0.0599
-0.2655,0.0597
-0.2644,0.0595
-0.2632,0.0593
-0.2621,0.0591
-0.2610,0.0589
-0.2599,0.0587
-0.2588,0.0585
-0.2577,0.0584
-0.2566,0.0582
-0.2556,0.0580
-0.2545,0.0578
-0.2535,0.0576
-0.2525,0.0574
-0.2515,0.0573
-0.2505,0.0571
-0.2495,0.0569
-0.2486,0.0567
-0.2476,0.0566
-0.2467,0.0564
-0.2457,0.0562
-0.2448,0.0561
-0.2439,0.0559
-0.2430,0.0557
-0.2421,0.0556
-0.2412,0.0554
-0.2403,0.0553
-0.2395,0.0551
-0.2386,0.0549
-0.2378,0.0548
-0.2369,0.0546
-0.2361,0.0545
-0.2353,0.0543
-0.2345,0.0542
-0.2337,0.0541
-0.2329,0.0539
-0.2321,0.0538
-0.2313,0.0536
-0.2306,0.0535
-0.2298,0.0534
-0.2290,0.0532
-0.2283,0.0531
-0.2275,0.0529
-0.2268,0.0528
-0.2261,0.0527
-0.2254,0.0525
-0.2246,0.0524
-0.2239,0.0522
-0.2232,0.0521
-0.2225,0.0520
-0.2218,0.0518
-0.2211,0.0517
-0.2204,0.0516
-0.2198,0.0514
-0.2191,0.0513
-0.2184,0.0512
-0.2178,0.0510
-0.2171,0.0509
-0.2165,0.0508
-0.2158,0.0506
-0.2152,0.0505
-0.2146,0.0504
-0.2140,0.0502
-0.2133,0.0501
-0.2127,0.0500
-0.2121,0.0499
-0.2115,0.0497
-0.2109,0.0496
-0.2103,0.0495
-0.2097,0.0494
-0.2091,0.0493
-0.2085,0.0491
-0.2080,0.0490
-0.2074,0.0489
-0.2068,0.0488
-0.2063,0.0487
-0.2057,0.0485
-0.2051,0.0484
-0.2046,0.0483
-0.2040,0.0482
-0.2035,0.0481
-0.2030,0.0480
-0.2024,0.0479
-0.2019,0.0478
-0.2014,0.0477
-0.2009,0.0475
-0.2003,0.0474
-0.1998,0.0473
-0.1993,0.0472
-0.1988,0.0471
-0.1983,0.0470
-0.1978,0.0469
-0.1973,0.0468
-0.1969,0.0467
-0.1964,0.0466
-0.1959,0.0465
-0.1954,0.0464
-0.1949,0.0463
-0.1945,0.0462
-0.1940,0.0461
-0.1935,0.0460
-0.1931,0.0459
-0.1926,0.0458
-0.1922,0.0457
-0.1917,0.0457
-0.1912,0.0456
-0.1908,0.0455
-0.1904,0.0454
-0.1899,0.0453
-0.1895,0.0452
-0.1890,0.0451
-0.1886,0.0450
-0.1882,0.0449
-0.1878,0.0448
-0.1873,0.0447
-0.1869,0.0447
-0.1865,0.0446
-0.1861,0.0445
-0.1857,0.0444
-0.1852,0.0443
-0.1848,0.0442
-0.1844,0.0441
-0.1840,0.0440
-0.1836,0.0439
-0.1832,0.0439
-0.1828,0.0438
-0.1824,0.0437
-0.1820,0.0436
-0.1816,0.0435
-0.1813,0.0434
-0.1809,0.0433
-0.1805,0.0432
-0.1801,0.0432
-0.1797,0.0431
-0.1794,0.0430
-0.1790,0.0429
-0.1786,0.0428
-0.1782,0.0427
-0.1779,0.0427
-0.1775,0.0426
-0.1771,0.0425
-0.1768,0.0424
-0.1764,0.0423
-0.1761,0.0423
-0.1757,0.0422
-0.1754,0.0421
-0.1750,0.0420
-0.1747,0.0420
-0.1743,0.0419
-0.1740,0.0418
-0.1737,0.0417
-0.1733,0.0417
-0.1730,0.0416
-0.1726,0.0415
-0.1723,0.0414
-0.1720,0.0414
-0.1716,0.0413
-0.1713,0.0412
-0.1710,0.0412
-0.1707,0.0411
-0.1703,0.0410
-0.1700,0.0410
-0.1697,0.0409
-0.1694,0.0408
-0.1691,0.0408
-0.1688,0.0407
-0.1684,0.0406
-0.1681,0.0406
-0.1678,0.0405
-0.1675,0.0404
-0.1672,0.0404
-0.1669,0.0403
-0.1666,0.0402
-0.1663,0.0402
-0.1660,0.0401
-0.1657,0.0400
-0.1654,0.0400
-0.1651,0.0399
-0.1648,0.0398
-0.1645,0.0398
-0.1642,0.0397
-0.1639,0.0396
-0.1636,0.0396
-0.1633,0.0395
-0.1631,0.0394
-0.1628,0.0394
-0.1625,0.0393
-0.1622,0.0392
-0.1619,0.0392
-0.1616,0.0391
-0.1614,0.0390
-0.1611,0.0390
-0.1608,0.0389
-0.1605,0.0389
-0.1602,0.0388
-0.1600,0.0387
-0.1597,0.0387
-0.1594,0.0386
-0.1592,0.0386
-0.1589,0.0385
-0.1586,0.0384
-0.1584,0.0384
-0.1581,0.0383
-0.1578,0.0383
-0.1576,0.0382
-0.1573,0.0381
-0.1571,0.0381
-0.1568,0.0380
-0.1565,0.0380
-0.1563,0.0379
-0.1560,0.0378
-0.1558,0.0378
-0.1555,0.0377
-0.1553,0.0377
-0.1550,0.0376
-0.1548,0.0375
-0.1545,0.0375
-0.1543,0.0374
-0.1540,0.0374
-0.1538,0.0373
-0.1535,0.0373
-0.1533,0.0372
-0.1531,0.0372
-0.1528,0.0371
-0.1526,0.0371
-0.1523,0.0370
-0.1521,0.0369
-0.1519,0.0369
-0.1516,0.0368
-0.1514,0.0368
-0.1512,0.0367
-0.1509,0.0367
-0.1507,0.0366
-0.1505,0.0366
-0.1503,0.0365
-0.1500,0.0365
-0.1498,0.0364
-0.1496,0.0364
-0.1494,0.0363
-0.1491,0.0363
-0.1489,0.0362
-0.1487,0.0362
-0.1485,0.0361
-0.1482,0.0361
-0.1480,0.0360
-0.1478,0.0360
-0.1476,0.0359
-0.1474,0.0359
-0.1472,0.0358
-0.1470,0.0358
-0.1467,0.0357
-0.1465,0.0357
-0.1463,0.0356
-0.1461,0.0356
-0.1459,0.0356
-0.1457,0.0355
-0.1455,0.0355
-0.1453,0.0354
-0.1451,0.0354
-0.1449,0.0353
-0.1447,0.0353
-0.1445,0.0352
-0.1442,0.0352
-0.1440,0.0351
-0.1438,0.0351
-0.1436,0.0350
-0.1434,0.0350
-0.1432,0.0350
-0.1430,0.0349
-0.1429,0.0349
-0.1427,0.0348
-0.1425,0.0348
-0.1423,0.0347
-0.1421,0.0347
-0.1419,0.0346
-0.1417,0.0346
-0.1415,0.0346
-0.1413,0.0345
-0.1411,0.0345
-0.1409,0.0344
-0.1407,0.0344
-0.1406,0.0343
-0.1404,0.0343
-0.1402,0.0343
-0.1400,0.0342
-0.1398,0.0342
-0.1396,0.0341
-0.1394,0.0341
-0.1393,0.0340
-0.1391,0.0340
-0.1389,0.0340
-0.1387,0.0339
-0.1385,0.0339
-0.1384,0.0338
-0.1382,0.0338
-0.1380,0.0338
-0.1378,0.0337
-0.1376,0.0337
-0.1375,0.0336
-0.1373,0.0336
-0.1371,0.0336
-0.1369,0.0335
-0.1368,0.0335
-0.1366,0.0334
-0.1364,0.0334
-0.1362,0.0334
-0.1361,0.0333
-0.1359,0.0333
-0.1357,0.0332
-0.1356,0.0332
-0.1354,0.0332
-0.1352,0.0331
-0.1351,0.0331
-0.1349,0.0331
-0.1347,0.0330
-0.1346,0.0330
-0.1344,0.0329
-0.1342,0.0329
-0.1341,0.0329
-0.1339,0.0328
-0.1337,0.0328
-0.1336,0.0327
-0.1334,0.0327
-0.1333,0.0327
-0.1331,0.0326
-0.1329,0.0326
-0.1328,0.0326
-0.1326,0.0325
-0.1325,0.0325
-0.1323,0.0325
-0.1321,0.0324
-0.1320,0.0324
-0.1318,0.0324
-0.1317,0.0323
-0.1315,0.0323
-0.1314,0.0322
-0.1312,0.0322
-0.1311,0.0322
-0.1309,0.0321
-0.1308,0.0321
-0.1306,0.0321
-0.1305,0.0320
-0.1303,0.0320
-0.1302,0.0320
-0.1300,0.0319
-0.1299,0.0319
-0.1297,0.0319
-0.1296,0.0318
-0.1294,0.0318
-0.1293,0.0318
-0.1291,0.0317
-0.1290,0.0317
-0.1288,0.0317
-0.1287,0.0316
-0.1285,0.0316
-0.1284,0.0316
-0.1283,0.0315
-0.1281,0.0315
-0.1280,0.0315
-0.1278,0.0314
-0.1277,0.0314
-0.1275,0.0314
-0.1274,0.0313
-0.1273,0.0313
-0.1271,0.0313
-0.1270,0.0312
-0.1268,0.0312
-0.1267,0.0312
-0.1266,0.0311
-0.1264,0.0311
-0.1263,0.0311
-0.1261,0.0311
-0.1260,0.0310
-0.1259,0.0310
-0.1257,0.0310
-0.1256,0.0309
-0.1255,0.0309
-0.1253,0.0309
-0.1252,0.0308
-0.1251,0.0308
-0.1249,0.0308
-0.1248,0.0307
-0.1247,0.0307
-0.1245,0.0307
-0.1244,0.0306
-0.1243,0.0306
-0.1241,0.0306
-0.1240,0.0305
-0.1239,0.0305
-0.1237,0.0305
-0.1236,0.0304
-0.1235,0.0304
-0.1233,0.0304
-0.1232,0.0304
-0.1231,0.0303
-0.1230,0.0303
-0.1228,0.0303
-0.1227,0.0302
-0.1226,0.0302
-0.1225,0.0302
-0.1223,0.0301
-0.1222,0.0301
-0.1221,0.0301
-0.1220,0.0301
-0.1218,0.0300
-0.1217,0.0300
-0.1216,0.0300
-0.1215,0.0299
-0.1213,0.0299
-0.1212,0.0299
-0.1211,0.0299
-0.1210,0.0298
-0.1208,0.0298
-0.1207,0.0298
-0.1206,0.0297
-0.1205,0.0297
-0.1204,0.0297
-0.1202,0.0297
-0.1201,0.0296
-0.1200,0.0296
-0.1199,0.0296
-0.1198,0.0295
-0.1196,0.0295
-0.1195,0.0295
-0.1194,0.0294
-0.1193,0.0294
-0.1192,0.0294
-0.1190,0.0294
-0.1189,0.0293
-0.1188,0.0293
-0.1187,0.0293
-0.1186,0.0292
-0.1185,0.0292
-0.1183,0.0292
-0.1182,0.0292
-0.1181,0.0291
-0.1180,0.0291
-0.1179,0.0291
-0.1178,0.0291
-0.1177,0.0290
-0.1176,0.0290
-0.1174,0.0290
-0.1173,0.0289
-0.1172,0.0289
-0.1171,0.0289
-0.1170,0.0289
-0.1169,0.0288
-0.1168,0.0288
-0.1167,0.0288
-0.1166,0.0288
-0.1164,0.0287
-0.1163,0.0287
-0.1162,0.0287
-0.1161,0.0287
-0.1160,0.0286
-0.1159,0.0286
-0.1158,0.0286
-0.1157,0.0285
-0.1156,0.0285
-0.1155,0.0285
-0.1154,0.0285
-0.1153,0.0284
-0.1151,0.0284
-0.1150,0.0284
-0.1149,0.0284
-0.1148,0.0283
-0.1147,0.0283
-0.1146,0.0283
-0.1145,0.0283
-0.1144,0.0282
-0.1143,0.0282
-0.1142,0.0282
-0.1141,0.0282
-0.1140,0.0281
-0.1139,0.0281
-0.1138,0.0281
-0.1137,0.0281
-0.1136,0.0280
-0.1135,0.0280
-0.1134,0.0280
-0.1133,0.0280
-0.1132,0.0279
-0.1131,0.0279
-0.1130,0.0279
-0.1129,0.0279
-0.1128,0.0279
-0.1127,0.0278
-0.1126,0.0278
-0.1125,0.0278
-0.1124,0.0278
-0.1123,0.0277
-0.1122,0.0277
-0.1121,0.0277
-0.1120,0.0277
-0.1119,0.0276
-0.1118,0.0276
-0.1117,0.0276
-0.1116,0.0276
-0.1115,0.0276
-0.1114,0.0275
-0.1113,0.0275
-0.1112,0.0275
-0.1111,0.0275
-0.1110,0.0274
-0.1109,0.0274
-0.1108,0.0274
-0.1107,0.0274
-0.1106,0.0274
-0.1105,0.0273
-0.1105,0.0273
-0.1104,0.0273
-0.1103,0.0273
-0.1102,0.0273
-0.1101,0.0272
-0.1100,0.0272
-0.1099,0.0272
-0.1098,0.0272
-0.1097,0.0271
-0.1096,0.0271
-0.1095,0.0271
-0.1094,0.0271
-0.1093,0.0271
-0.1093,0.0270
-0.1092,0.0270
-0.1091,0.0270
-0.1090,0.0270
-0.1089,0.0270
-0.1088,0.0269
-0.1087,0.0269
-0.1086,0.0269
-0.1085,0.0269
-0.1084,0.0269
-0.1084,0.0268
-0.1083,0.0268
-0.1082,0.0268
-0.1081,0.0268
-0.1080,0.0268
-0.1079,0.0267
-0.1078,0.0267
-0.1077,0.0267
-0.1077,0.0267
-0.1076,0.0267
-0.1075,0.0266
-0.1074,0.0266
-0.1073,0.0266
-0.1072,0.0266
-0.1071,0.0266
-0.1071,0.0266
-0.1070,0.0265
-0.1069,0.0265
-0.1068,0.0265
-0.1067,0.0265
-0.1066,0.0265
-0.1065,0.0264
-0.1065,0.0264
-0.1064,0.0264
-0.1063,0.0264
-0.1062,0.0264
-0.1061,0.0263
-0.1060,0.0263
-0.1060,0.0263
-0.1059,0.0263
-0.1058,0.0263
-0.1057,0.0263
-0.1056,0.0262
-0.1055,0.0262
-0.1055,0.0262
-0.1054,0.0262
-0.1053,0.0262
-0.1052,0.0261
-0.1051,0.0261
-0.1050,0.0261
-0.1050,0.0261
-0.1049,0.0261
-0.1048,0.0260
-0.1047,0.0260
-0.1046,0.0260
-0.1046,0.0260
-0.1045,0.0260
-0.1044,0.0260
-0.1043,0.0259
-0.1042,0.0259
-0.1042,0.0259
-0.1041,0.0259
-0.1040,0.0259
-0.1039,0.0258
-0.1038,0.0258
-0.1038,0.0258
-0.1037,0.0258
-0.1036,0.0258
-0.1035,0.0258
-0.1035,0.0257
-0.1034,0.0257
-0.1033,0.0257
-0.1032,0.0257
-0.1031,0.0257
-0.1031,0.0256
-0.1030,0.0256
-0.1029,0.0256
-0.1028,0.0256
-0.1028,0.0256
-0.1027,0.0256
-0.1026,0.0255
-0.1025,0.0255
-0.1025,0.0255
-0.1024,0.0255
-0.1023,0.0255
-0.1022,0.0255
-0.1022,0.0254
-0.1021,0.0254
-0.1020,0.0254
-0.1019,0.0254
-0.1019,0.0254
-0.1018,0.0254
-0.1017,0.0253
-0.1016,0.0253
-0.1016,0.0253
-0.1015,0.0253
-0.1014,0.0253
-0.1013,0.0252
-0.1013,0.0252
-0.1012,0.0252
-0.1011,0.0252
-0.1010,0.0252
-0.1010,0.0252
-0.1009,0.0252
-0.1008,0.0251
-0.1008,0.0251
-0.1007,0.0251
-0.1006,0.0251
-0.1005,0.0251
-0.1005,0.0251
-0.1004,0.0250
-0.1003,0.0250
-0.1003,0.0250
-0.1002,0.0250
-0.1001,0.0250
-0.1000,0.0250
-0.1000,0.0249
-0.0999,0.0249
-0.0998,0.0249
-0.0998,0.0249
-0.0997,0.0249
-0.0996,0.0249
-0.0996,0.0248
-0.0995,0.0248
-0.0994,0.0248
-0.0993,0.0248
-0.0993,0.0248
-0.0992,0.0248
-0.0991,0.0247
-0.0991,0.0247
-0.0990,0.0247
-0.0989,0.0247
-0.0989,0.0247
-0.0988,0.0247
-0.0987,0.0247
-0.0987,0.0246
-0.0986,0.0246
-0.0985,0.0246
-0.0985,0.0246
-0.0984,0.0246
-0.0983,0.0246
-0.0983,0.0246
-0.0982,0.0245
-0.0981,0.0245
-0.0981,0.0245
-0.0980,0.0245
-0.0979,0.0245
-0.0979,0.0245
-0.0978,0.0244
-0.0977,0.0244
-0.0977,0.0244
-0.0976,0.0244
-0.0975,0.0244
-0.0975,0.0244
-0.0974,0.0244
-0.0973,0.0243
-0.0973,0.0243
-0.0972,0.0243
-0.0971,0.0243
-0.0971,0.0243
-0.0970,0.0243
-0.0969,0.0243
-0.0969,0.0242
-0.0968,0.0242
-0.0968,0.0242
-0.0967,0.0242
-0.0966,0.0242
-0.0966,0.0242
-0.0965,0.0242
-0.0964,0.0242
-0.0964,0.0241
-0.0963,0.0241
-0.0962,0.0241
-0.0962,0.0241
-0.0961,0.0241
-0.0961,0.0241
-0.0960,0.0241
-0.0959,0.0240
-0.0959,0.0240
-0.0958,0.0240
-0.0958,0.0240
-0.0957,0.0240
-0.0956,0.0240
-0.0956,0.0240
-0.0955,0.0239
-0.0954,0.0239
-0.0954,0.0239
-0.0953,0.0239
-0.0953,0.0239
-0.0952,0.0239
-0.0951,0.0239
-0.0951,0.0239
-0.0950,0.0238
-0.0950,0.0238
-0.0949,0.0238
-0.0948,0.0238
-0.0948,0.0238
-0.0947,0.0238
-0.0947,0.0238
-0.0946,0.0237
-0.0945,0.0237
-0.0945,0.0237
-0.0944,0.0237
-0.0944,0.0237
-0.0943,0.0237
-0.0942,0.0237
-0.0942,0.0237
-0.0941,0.0236
-0.0941,0.0236
-0.0940,0.0236
-0.0939,0.0236
-0.0939,0.0236
-0.0938,0.0236
-0.0938,0.0236
-0.0937,0.0236
-0.0937,0.0235
-0.0936,0.0235
-0.0935,0.0235
-0.0935,0.0235
-0.0934,0.0235
-0.0934,0.0235
-0.0933,0.0235
-0.0933,0.0234
-0.0932,0.0234
-0.0931,0.0234
-0.0931,0.0234
-0.0930,0.0234
-0.0930,0.0234
-0.0929,0.0234
-0.0929,0.0234
-0.0928,0.0233
-0.0927,0.0233
-0.0927,0.0233
-0.0926,0.0233
-0.0926,0.0233
-0.0925,0.0233
-0.0925,0.0233
-0.0924,0.0233
-0.0924,0.0232
-0.0923,0.0232
-0.0922,0.0232
-0.0922,0.0232
-0.0921,0.0232
-0.0921,0.0232
-0.0920,0.0232
-0.0920,0.0232
-0.0919,0.0232
-0.0919,0.0231
-0.0918,0.0231
-0.0917,0.0231
-0.0917,0.0231
-0.0916,0.0231
-0.0916,0.0231
-0.0915,0.0231
-0.0915,0.0231
-0.0914,0.0230
-0.0914,0.0230
-0.0913,0.0230
-0.0913,0.0230
-0.0912,0.0230
-0.0911,0.0230
-0.0911,0.0230
-0.0910,0.0230
-0.0910,0.0229
-0.0909,0.0229
-0.0909,0.0229
-0.0908,0.0229
-0.0908,0.0229
-0.0907,0.0229
-0.0907,0.0229
-0.0906,0.0229
-0.0906,0.0228
-0.0905,0.0228
-0.0905,0.0228
-0.0904,0.0228
-0.0903,0.0228
-0.0903,0.0228
-0.0902,0.0228
-0.0902,0.0228
-0.0901,0.0228
-0.0901,0.0227
-0.0900,0.0227
-0.0900,0.0227
-0.0899,0.0227
-0.0899,0.0227
-0.0898,0.0227
-0.0898,0.0227
-0.0897,0.0227
-0.0897,0.0226
-0.0896,0.0226
-0.0896,0.0226
-0.0895,0.0226
-0.0895,0.0226
-0.0894,0.0226
-0.0894,0.0226
-0.0893,0.0226
-0.0893,0.0226
-0.0892,0.0225
-0.0892,0.0225
-0.0891,0.0225
-0.0891,0.0225
-0.0890,0.0225
-0.0890,0.0225
-0.0889,0.0225
-0.0889,0.0225
-0.0888,0.0225
-0.0888,0.0224
-0.0887,0.0224
-0.0887,0.0224
-0.0886,0.0224
-0.0886,0.0224
-0.0885,0.0224
-0.0885,0.0224
-0.0884,0.0224
-0.0884,0.0224
-0.0883,0.0223
-0.0883,0.0223
-0.0882,0.0223
-0.0882,0.0223
-0.0881,0.0223
-0.0881,0.0223
-0.0880,0.0223
-0.0880,0.0223
-0.0879,0.0223
-0.0879,0.0222
-0.0878,0.0222
-0.0878,0.0222
-0.0877,0.0222
-0.0877,0.0222
-0.0876,0.0222
-0.0876,0.0222
-0.0875,0.0222
-0.0875,0.0222
-0.0875,0.0222
-0.0874,0.0221
-0.0874,0.0221
-0.0873,0.0221
-0.0873,0.0221
-0.0872,0.0221
-0.0872,0.0221
-0.0871,0.0221
-0.0871,0.0221
-0.0870,0.0221
-0.0870,0.0220
-0.0869,0.0220
-0.0869,0.0220
-0.0868,0.0220
-0.0868,0.0220
-0.0867,0.0220
-0.0867,0.0220
-0.0867,0.0220
-0.0866,0.0220
-0.0866,0.0220
-0.0865,0.0219
-0.0865,0.0219
-0.0864,0.0219
-0.0864,0.0219
-0.0863,0.0219
-0.0863,0.0219
-0.0862,0.0219
-0.0862,0.0219
-0.0861,0.0219
-0.0861,0.0219
-0.0861,0.0218
0.1542
0.2112
0.2184
0.2200
0.2617
0.2646
0.2716
0.3617
0.3645
0.3717
0.3982
0.3985
0.4240
0.4322
0.4461
0.4557
0.4904
0.4966
0.4977
0.5014
0.5026
0.5178
0.5195
0.5237
0.5238
0.5390
0.5604
0.5783
0.5918
0.5923
0.5984
0.6028
0.6035
0.6130
0.6168
0.6200
0.6212
0.6233
0.6277
0.6461
0.6587
0.6591
0.6621
0.6759
0.6835
0.6933
0.6963
0.6985
0.7003
0.7011
0.7012
0.7084
0.7107
0.7118
0.7121
0.7194
0.7195
0.7216
0.7230
0.7231
0.7256
0.7319
0.7374
0.7380
0.7388
0.7392
0.7416
0.7420
0.7580
0.7713
0.7717
0.7748
0.7776
0.7861
0.7863
0.7898
0.7962
0.7965
0.8002
0.8010
0.8019
0.8063
0.8067
0.8087
0.8099
0.8105
0.8168
0.8258
0.8277
0.8291
0.8319
0.8364
0.8369
0.8409
0.8461
0.8502
0.8541
0.8658
0.8661
0.8706
0.8752
0.8753
0.8782
0.8804
0.8807
0.8830
0.8883
0.8912
0.8989
0.9084
0.9124
0.9239
0.9247
0.9287
0.9290
0.9295
0.9316
0.9317
0.9403
0.9423
0.9440
0.9501
0.9524
0.9538
0.9551
0.9574
0.9576
0.9589
0.9595
0.9619
0.9714
0.9741
0.9766
0.9786
0.9789
0.9822
0.9854
0.9855
0.9878
0.9880
0.9900
0.9938
0.9958
1.0032
1.0032
1.0037
1.0084
1.0094
1.0117
1.0150
1.0153
1.0193
1.0234
1.0275
1.0290
1.0297
1.0310
1.0317
1.0340
1.0345
1.0349
1.0349
1.0402
1.0421
1.0426
1.0435
1.0464
1.0485
1.0495
1.0533
1.0534
1.0542
1.0547
1.0574
1.0594
1.0595
1.0604
1.0609
1.0615
1.0625
1.0687
1.0689
1.0696
1.0723
1.0724
1.0750
1.0765
1.0775
1.0778
1.0783
1.0827
1.0840
1.0842
1.0886
1.0905
1.0907
1.0912
1.0960
1.0974
1.0982
1.1003
1.1009
1.1096
1.1128
1.1136
1.1144
1.1144
1.1148
1.1160
1.1161
1.1234
1.1299
1.1328
1.1370
1.1418
1.1443
1.1456
1.1460
1.1464
1.1468
1.1482
1.1516
1.1539
1.1587
1.1591
1.1591
1.1598
1.1610
1.1648
1.1661
1.1682
1.1690
1.1724
1.1729
1.1741
1.1792
1.1792
1.1823
1.1837
1.1868
1.1889
1.1913
1.1917
1.1924
1.1945
1.2001
1.2030
1.2036
1.2044
1.2066
1.2077
1.2089
1.2106
1.2107
1.2120
1.2127
1.2143
1.2150
1.2159
1.2185
1.2188
1.2194
1.2197
1.2203
1.2205
1.2231
1.2252
1.2329
1.2336
1.2366
1.2368
1.2376
1.2394
1.2417
1.2432
1.2441
1.2448
1.2457
1.2468
1.2483
1.2485
1.2488
1.2494
1.2507
1.2515
1.2521
1.2534
1.2592
1.2597
1.2606
1.2613
1.2622
1.2630
1.2647
1.2652
1.2659
1.2660
1.2684
1.2688
1.2715
1.2741
1.2762
1.2771
1.2773
1.2773
1.2778
1.2797
1.2828
1.2838
1.2870
1.2871
1.2906
1.2916
1.2921
1.2932
1.2936
1.2942
1.2945
1.2948
1.2957
1.3006
1.3006
1.3037
1.3050
1.3062
1.3076
1.3081
1.3107
1.3110
1.3126
1.3130
1.3133
1.3136
1.3153
1.3167
1.3194
1.3207
1.3218
1.3220
1.3222
1.3238
1.3278
1.3279
1.3307
1.3329
1.3344
1.3348
1.3376
1.3430
1.3468
1.3471
1.3510
1.3517
1.3534
1.3538
1.3543
1.3557
1.3560
1.3569
1.3574
1.3582
1.3587
1.3608
1.3616
1.3617
1.3631
1.3635
1.3649
1.3690
1.3700
1.3760
1.3788
1.3788
1.3810
1.3811
1.3828
1.3829
1.3843
1.3849
1.3856
1.3869
1.3870
1.3871
1.3890
1.3893
1.3897
1.3903
1.3914
1.3920
1.3929
1.3941
1.3957
1.3970
1.3995
1.4014
1.4019
1.4048
1.4048
1.4097
1.4105
1.4119
1.4138
1.4144
1.4145
1.4151
1.4153
1.4168
1.4192
1.4206
1.4224
1.4226
1.4237
1.4278
1.4311
1.4325
1.4331
1.4363
1.4366
1.4371
1.4429
1.4491
1.4515
1.4521
1.4526
1.4541
1.4557
1.4559
1.4561
1.4595
1.4618
1.4630
1.4651
1.4664
1.4677
1.4683
1.4688
1.4696
1.4714
1.4729
1.4732
1.4744
1.4784
1.4803
1.4813
1.4822
1.4871
1.4873
1.4879
1.4926
1.4943
1.4956
1.4984
1.4988
1.4989
1.4994
1.4997
1.5013
1.5049
1.5052
1.5074
1.5097
1.5134
1.5152
1.5158
1.5168
1.5170
1.5177
1.5181
1.5196
1.5202
1.5219
1.5220
1.5234
1.5240
1.5255
1.5261
1.5264
1.5265
1.5278
1.5287
1.5295
1.5299
1.5305
1.5310
1.5310
1.5337
1.5352
1.5354
1.5367
1.5388
1.5395
1.5399
1.5410
1.5453
1.5460
1.5483
1.5488
1.5499
1.5502
1.5511
1.5511
1.5528
1.5564
1.5621
1.5653
1.5654
1.5656
1.5673
1.5729
1.5735
1.5751
1.5759
1.5776
1.5786
1.5803
1.5806
1.5808
1.5811
1.5820
1.5847
1.5863
1.5877
1.5890
1.5892
1.5898
1.5902
1.5920
1.5930
1.5933
1.5937
1.5960
1.5970
1.5981
1.5991
1.6052
1.6053
1.6057
1.6099
1.6113
1.6123
1.6130
1.6175
1.6177
1.6190
1.6191
1.6211
1.6229
1.6230
1.6250
1.6255
1.6258
1.6267
1.6271
1.6293
1.6301
1.6333
1.6346
1.6357
1.6375
1.6383
1.6389
1.6393
1.6394
1.6403
1.6424
1.6462
1.6462
1.6490
1.6492
1.6495
1.6519
1.6527
1.6538
1.6562
1.6581
1.6617
1.6620
1.6622
1.6646
1.6662
1.6737
1.6767
1.6790
1.6823
1.6824
1.6843
1.6852
1.6877
1.6881
1.6913
1.6928
1.6943
1.6947
1.6968
1.7018
1.7028
1.7036
1.7039
1.7048
1.7050
1.7061
1.7064
1.7086
1.7093
1.7106
1.7112
1.7177
1.7212
1.7245
1.7256
1.7261
1.7263
1.7267
1.7273
1.7292
1.7310
1.7334
1.7343
1.7404
1.7416
1.7431
1.7451
1.7451
1.7460
1.7488
1.7525
1.7526
1.7531
1.7578
1.7620
1.7627
1.7629
1.7633
1.7641
1.7649
1.7714
1.7739
1.7769
1.7775
1.7790
1.7809
1.7835
1.7842
1.7842
1.7848
1.7888
1.7892
1.7900
1.7902
1.7906
1.7919
1.7924
1.7940
1.7959
1.7978
1.8015
1.8016
1.8034
1.8070
1.8073
1.8081
1.8083
1.8096
1.8132
1.8147
1.8157
1.8157
1.8166
1.8203
1.8211
1.8220
1.8260
1.8263
1.8284
1.8351
1.8355
1.8362
1.8365
1.8374
1.8380
1.8382
1.8384
1.8386
1.8398
1.8447
1.8467
1.8467
1.8506
1.8529
1.8531
1.8562
1.8572
1.8599
1.8632
1.8635
1.8653
1.8657
1.8669
1.8714
1.8727
1.8740
1.8744
1.8752
1.8789
1.8803
1.8823
1.8907
1.8911
1.8923
1.8937
1.8949
1.8972
1.8975
1.8986
1.9000
1.9011
1.9012
1.9020
1.9024
1.9052
1.9055
1.9067
1.9112
1.9119
1.9139
1.9141
1.9148
1.9160
1.9171
1.9180
1.9188
1.9196
1.9206
1.9249
1.9296
1.9299
1.9318
1.9320
1.9328
1.9329
1.9348
1.9361
1.9374
1.9407
1.9408
1.9414
1.9415
1.9458
1.9465
1.9491
1.9524
1.9527
1.9563
1.9572
1.9574
1.9628
1.9646
1.9652
1.9666
1.9672
1.9692
1.9720
1.9754
1.9767
1.9826
1.9833
1.9837
1.9839
1.9840
1.9884
1.9959
1.9971
2.0007
2.0020
2.0052
2.0054
2.0108
2.0129
2.0130
2.0135
2.0149
2.0158
2.0173
2.0195
2.0234
2.0260
2.0289
2.0306
2.0352
2.0357
2.0363
2.0372
2.0390
2.0408
2.0411
2.0438
2.0471
2.0471
2.0477
2.0480
2.0503
2.0511
2.0588
2.0635
2.0675
2.0678
2.0715
2.0740
2.0828
2.0850
2.0891
2.0948
2.0962
2.0993
2.0997
2.1017
2.1037
2.1041
2.1072
2.1123
2.1149
2.1153
2.1155
2.1169
2.1227
2.1290
2.1309
2.1336
2.1346
2.1377
2.1415
2.1433
2.1500
2.1608
2.1623
2.1628
2.1631
2.1654
2.1667
2.1720
2.1785
2.1824
2.1844
2.1846
2.1861
2.1878
2.1913
2.1944
2.1947
2.2097
2.2132
2.2171
2.2181
2.2209
2.2211
2.2213
2.2287
2.2315
2.2317
2.2340
2.2346
2.2359
2.2446
2.2448
2.2458
2.2511
2.2522
2.2584
2.2615
2.2636
2.2644
2.2688
2.2697
2.2740
2.2775
2.2814
2.2815
2.2823
2.2843
2.2850
2.2868
2.2904
2.2960
2.3046
2.3054
2.3076
2.3091
2.3092
2.3124
2.3164
2.3216
2.3292
2.3363
2.3380
2.3417
2.3429
2.3430
2.3457
2.3478
2.3496
2.3506
2.3532
2.3549
2.3685
2.3704
2.3720
2.3727
2.3795
2.3809
2.3818
2.3928
2.3934
2.3946
2.4002
2.4019
2.4044
2.4113
2.4139
2.4142
2.4149
2.4242
2.4253
2.4311
2.4329
2.4363
2.4366
2.4435
2.4498
2.4506
2.4633
2.4648
2.4715
2.4741
2.4891
2.4968
2.5024
2.5068
2.5115
2.5166
2.5243
2.5344
2.5378
2.5454
2.5597
2.5673
2.5726
2.5930
2.5936
2.6051
2.6136
2.6153
2.6192
2.6329
2.6390
2.6436
2.6520
2.6582
2.6582
2.6620
2.6684
2.6721
2.6998
2.7250
2.7414
2.7528
2.7558
2.7574
2.7641
2.7774
2.7818
2.7913
2.7950
2.8392
2.8411
2.8771
2.9196
2.9413
2.9425
2.9495
3.0053
3.0289
3.0478
3.0498
3.0786
3.0944
3.1493
3.1776
3.1814
3.2124
3.2545
3.2714
3.3142
3.3365
3.3516
3.3548
3.5329
3.5433
3.5507
3.6971
3.8642
