1000
1000
-1.6036,0.1863
-1.5103,0.1841
-1.2903,0.1363
-1.1401,0.1292
-1.0325,0.1308
-0.9498,0.1320
-0.8836,0.1324
-0.8289,0.1313
-0.7830,0.1296
-0.7438,0.1281
-0.7099,0.1261
-0.6796,0.1235
-0.6526,0.1209
-0.6284,0.1183
-0.6065,0.1156
-0.5864,0.1130
-0.5683,0.1109
-0.5517,0.1089
-0.5364,0.1068
-0.5221,0.1047
-0.5088,0.1028
-0.4964,0.1008
-0.4849,0.0990
-0.4741,0.0974
-0.4638,0.0957
-0.4542,0.0941
-0.4450,0.0925
-0.4364,0.0910
-0.4281,0.0895
-0.4204,0.0882
-0.4130,0.0869
-0.4060,0.0857
-0.3993,0.0846
-0.3929,0.0836
-0.3868,0.0826
-0.3809,0.0816
-0.3754,0.0808
-0.3700,0.0799
-0.3649,0.0791
-0.3600,0.0783
-0.3552,0.0776
-0.3507,0.0769
-0.3463,0.0762
-0.3421,0.0756
-0.3380,0.0749
-0.3341,0.0743
-0.3303,0.0737
-0.3266,0.0731
-0.3230,0.0726
-0.3195,0.0720
-0.3162,0.0715
-0.3129,0.0710
-0.3097,0.0705
-0.3067,0.0700
-0.3037,0.0695
-0.3008,0.0691
-0.2980,0.0686
-0.2952,0.0681
-0.2925,0.0677
-0.2899,0.0672
-0.2874,0.0668
-0.2849,0.0664
-0.2824,0.0659
-0.2801,0.0655
-0.2778,0.0651
-0.2755,0.0648
-0.2733,0.0644
-0.2712,0.0640
-0.2691,0.0637
-0.2670,0.0633
-0.2650,0.0630
-0.2630,0.0627
-0.2611,0.0623
-0.2592,0.0620
-0.2573,0.0617
-0.2555,0.0613
-0.2537,0.0610
-0.2520,0.0607
-0.2503,0.0604
-0.2486,0.0601
-0.2470,0.0598
-0.2454,0.0595
-0.2438,0.0592
-0.2422,0.0589
-0.2407,0.0587
-0.2392,0.0584
-0.2377,0.0581
-0.2363,0.0578
-0.2349,0.0576
-0.2335,0.0573
-0.2321,0.0571
-0.2308,0.0568
-0.2294,0.0566
-0.2281,0.0564
-0.2269,0.0562
-0.2256,0.0560
-0.2244,0.0557
-0.2232,0.0555
-0.2220,0.0553
-0.2208,0.0551
-0.2196,0.0549
-0.2185,0.0547
-0.2173,0.0545
-0.2162,0.0542
-0.2151,0.0540
-0.2140,0.0538
-0.2130,0.0536
-0.2119,0.0534
-0.2109,0.0532
-0.2098,0.0530
-0.2088,0.0528
-0.2078,0.0526
-0.2068,0.0524
-0.2058,0.0522
-0.2049,0.0520
-0.2039,0.0518
-0.2030,0.0516
-0.2020,0.0514
-0.2011,0.0512
-0.2002,0.0510
-0.1993,0.0508
-0.1985,0.0506
-0.1976,0.0505
-0.1967,0.0503
-0.1959,0.0501
-0.1950,0.0499
-0.1942,0.0497
-0.1934,0.0495
-0.1926,0.0494
-0.1918,0.0492
-0.1910,0.0490
-0.1902,0.0488
-0.1894,0.0487
-0.1886,0.0485
-0.1879,0.0483
-0.1871,0.0482
-0.1864,0.0480
-0.1857,0.0478
-0.1849,0.0477
-0.1842,0.0475
-0.1835,0.0474
-0.1828,0.0472
-0.1821,0.0471
-0.1815,0.0469
-0.1808,0.0468
-0.1801,0.0466
-0.1795,0.0465
-0.1788,0.0463
-0.1782,0.0462
-0.1775,0.0461
-0.1769,0.0459
-0.1763,0.0458
-0.1756,0.0457
-0.1750,0.0455
-0.1744,0.0454
-0.1738,0.0453
-0.1732,0.0452
-0.1726,0.0450
-0.1720,0.0449
-0.1714,0.0448
-0.1709,0.0446
-0.1703,0.0445
-0.1697,0.0444
-0.1692,0.0443
-0.1686,0.0442
-0.1680,0.0440
-0.1675,0.0439
-0.1670,0.0438
-0.1664,0.0437
-0.1659,0.0436
-0.1654,0.0434
-0.1648,0.0433
-0.1643,0.0432
-0.1638,0.0431
-0.1633,0.0430
-0.1628,0.0429
-0.1623,0.0428
-0.1618,0.0427
-0.1613,0.0425
-0.1608,0.0424
-0.1603,0.0423
-0.1599,0.0422
-0.1594,0.0421
-0.1589,0.0420
-0.1584,0.0419
-0.1580,0.0418
-0.1575,0.0417
-0.1570,0.0416
-0.1566,0.0414
-0.1561,0.0413
-0.1557,0.0412
-0.1552,0.0411
-0.1548,0.0410
-0.1544,0.0409
-0.1539,0.0408
-0.1535,0.0407
-0.1531,0.0406
-0.1527,0.0405
-0.1522,0.0404
-0.1518,0.0403
-0.1514,0.0402
-0.1510,0.0401
-0.1506,0.0400
-0.1502,0.0399
-0.1498,0.0398
-0.1494,0.0398
-0.1490,0.0397
-0.1486,0.0396
-0.1482,0.0395
-0.1478,0.0394
-0.1474,0.0393
-0.1471,0.0392
-0.1467,0.0391
-0.1463,0.0390
-0.1459,0.0389
-0.1455,0.0388
-0.1452,0.0387
-0.1448,0.0386
-0.1445,0.0386
-0.1441,0.0385
-0.1437,0.0384
-0.1434,0.0383
-0.1430,0.0382
-0.1427,0.0381
-0.1423,0.0380
-0.1420,0.0380
-0.1416,0.0379
-0.1413,0.0378
-0.1410,0.0377
-0.1406,0.0376
-0.1403,0.0375
-0.1400,0.0375
-0.1396,0.0374
-0.1393,0.0373
-0.1390,0.0372
-0.1386,0.0371
-0.1383,0.0370
-0.1380,0.0370
-0.1377,0.0369
-0.1374,0.0368
-0.1371,0.0367
-0.1367,0.0366
-0.1364,0.0366
-0.1361,0.0365
-0.1358,0.0364
-0.1355,0.0363
-0.1352,0.0363
-0.1349,0.0362
-0.1346,0.0361
-0.1343,0.0360
-0.1340,0.0360
-0.1337,0.0359
-0.1335,0.0358
-0.1332,0.0357
-0.1329,0.0357
-0.1326,0.0356
-0.1323,0.0355
-0.1320,0.0354
-0.1317,0.0354
-0.1315,0.0353
-0.1312,0.0352
-0.1309,0.0352
-0.1306,0.0351
-0.1304,0.0350
-0.1301,0.0350
-0.1298,0.0349
-0.1296,0.0348
-0.1293,0.0347
-0.1290,0.0347
-0.1288,0.0346
-0.1285,0.0346
-0.1282,0.0345
-0.1280,0.0344
-0.1277,0.0344
-0.1275,0.0343
-0.1272,0.0342
-0.1270,0.0342
-0.1267,0.0341
-0.1265,0.0340
-0.1262,0.0340
-0.1260,0.0339
-0.1257,0.0338
-0.1255,0.0338
-0.1252,0.0337
-0.1250,0.0337
-0.1248,0.0336
-0.1245,0.0335
-0.1243,0.0335
-0.1240,0.0334
-0.1238,0.0334
-0.1236,0.0333
-0.1233,0.0332
-0.1231,0.0332
-0.1229,0.0331
-0.1227,0.0331
-0.1224,0.0330
-0.1222,0.0329
-0.1220,0.0329
-0.1217,0.0328
-0.1215,0.0328
-0.1213,0.0327
-0.1211,0.0326
-0.1209,0.0326
-0.1206,0.0325
-0.1204,0.0325
-0.1202,0.0324
-0.1200,0.0324
-0.1198,0.0323
-0.1196,0.0322
-0.1193,0.0322
-0.1191,0.0321
-0.1189,0.0321
-0.1187,0.0320
-0.1185,0.0320
-0.1183,0.0319
-0.1181,0.0319
-0.1179,0.0318
-0.1177,0.0318
-0.1175,0.0317
-0.1173,0.0317
-0.1171,0.0316
-0.1169,0.0316
-0.1167,0.0315
-0.1165,0.0315
-0.1163,0.0314
-0.1161,0.0314
-0.1159,0.0313
-0.1157,0.0313
-0.1155,0.0312
-0.1153,0.0312
-0.1151,0.0311
-0.1149,0.0311
-0.1148,0.0310
-0.1146,0.0310
-0.1144,0.0309
-0.1142,0.0309
-0.1140,0.0308
-0.1138,0.0308
-0.1136,0.0307
-0.1135,0.0307
-0.1133,0.0306
-0.1131,0.0306
-0.1129,0.0306
-0.1127,0.0305
-0.1125,0.0305
-0.1124,0.0304
-0.1122,0.0304
-0.1120,0.0303
-0.1118,0.0303
-0.1117,0.0302
-0.1115,0.0302
-0.1113,0.0301
-0.1111,0.0301
-0.1110,0.0300
-0.1108,0.0300
-0.1106,0.0300
-0.1105,0.0299
-0.1103,0.0299
-0.1101,0.0298
-0.1100,0.0298
-0.1098,0.0297
-0.1096,0.0297
-0.1095,0.0297
-0.1093,0.0296
-0.1091,0.0296
-0.1090,0.0295
-0.1088,0.0295
-0.1086,0.0294
-0.1085,0.0294
-0.1083,0.0294
-0.1082,0.0293
-0.1080,0.0293
-0.1078,0.0292
-0.1077,0.0292
-0.1075,0.0292
-0.1074,0.0291
-0.1072,0.0291
-0.1071,0.0290
-0.1069,0.0290
-0.1067,0.0290
-0.1066,0.0289
-0.1064,0.0289
-0.1063,0.0288
-0.1061,0.0288
-0.1060,0.0287
-0.1058,0.0287
-0.1057,0.0287
-0.1055,0.0286
-0.1054,0.0286
-0.1052,0.0286
-0.1051,0.0285
-0.1049,0.0285
-0.1048,0.0284
-0.1046,0.0284
-0.1045,0.0284
-0.1043,0.0283
-0.1042,0.0283
-0.1041,0.0282
-0.1039,0.0282
-0.1038,0.0282
-0.1036,0.0281
-0.1035,0.0281
-0.1033,0.0281
-0.1032,0.0280
-0.1031,0.0280
-0.1029,0.0279
-0.1028,0.0279
-0.1026,0.0279
-0.1025,0.0278
-0.1024,0.0278
-0.1022,0.0278
-0.1021,0.0277
-0.1020,0.0277
-0.1018,0.0277
-0.1017,0.0276
-0.1015,0.0276
-0.1014,0.0275
-0.1013,0.0275
-0.1011,0.0275
-0.1010,0.0274
-0.1009,0.0274
-0.1007,0.0274
-0.1006,0.0273
-0.1005,0.0273
-0.1004,0.0273
-0.1002,0.0272
-0.1001,0.0272
-0.1000,0.0272
-0.0998,0.0271
-0.0997,0.0271
-0.0996,0.0271
-0.0994,0.0270
-0.0993,0.0270
-0.0992,0.0269
-0.0991,0.0269
-0.0989,0.0269
-0.0988,0.0268
-0.0987,0.0268
-0.0986,0.0268
-0.0984,0.0267
-0.0983,0.0267
-0.0982,0.0267
-0.0981,0.0267
-0.0980,0.0266
-0.0978,0.0266
-0.0977,0.0266
-0.0976,0.0265
-0.0975,0.0265
-0.0973,0.0265
-0.0972,0.0264
-0.0971,0.0264
-0.0970,0.0264
-0.0969,0.0263
-0.0968,0.0263
-0.0966,0.0263
-0.0965,0.0262
-0.0964,0.0262
-0.0963,0.0262
-0.0962,0.0261
-0.0960,0.0261
-0.0959,0.0261
-0.0958,0.0260
-0.0957,0.0260
-0.0956,0.0260
-0.0955,0.0259
-0.0954,0.0259
-0.0952,0.0259
-0.0951,0.0259
-0.0950,0.0258
-0.0949,0.0258
-0.0948,0.0258
-0.0947,0.0257
-0.0946,0.0257
-0.0945,0.0257
-0.0944,0.0256
-0.0942,0.0256
-0.0941,0.0256
-0.0940,0.0256
-0.0939,0.0255
-0.0938,0.0255
-0.0937,0.0255
-0.0936,0.0254
-0.0935,0.0254
-0.0934,0.0254
-0.0933,0.0254
-0.0932,0.0253
-0.0931,0.0253
-0.0929,0.0253
-0.0928,0.0252
-0.0927,0.0252
-0.0926,0.0252
-0.0925,0.0252
-0.0924,0.0251
-0.0923,0.0251
-0.0922,0.0251
-0.0921,0.0250
-0.0920,0.0250
-0.0919,0.0250
-0.0918,0.0250
-0.0917,0.0249
-0.0916,0.0249
-0.0915,0.0249
-0.0914,0.0249
-0.0913,0.0248
-0.0912,0.0248
-0.0911,0.0248
-0.0910,0.0247
-0.0909,0.0247
-0.0908,0.0247
-0.0907,0.0247
-0.0906,0.0246
-0.0905,0.0246
-0.0904,0.0246
-0.0903,0.0246
-0.0902,0.0245
-0.0901,0.0245
-0.0900,0.0245
-0.0899,0.0245
-0.0898,0.0244
-0.0897,0.0244
-0.0896,0.0244
-0.0895,0.0244
-0.0894,0.0243
-0.0893,0.0243
-0.0893,0.0243
-0.0892,0.0242
-0.0891,0.0242
-0.0890,0.0242
-0.0889,0.0242
-0.0888,0.0241
-0.0887,0.0241
-0.0886,0.0241
-0.0885,0.0241
-0.0884,0.0240
-0.0883,0.0240
-0.0882,0.0240
-0.0881,0.0240
-0.0880,0.0239
-0.0880,0.0239
-0.0879,0.0239
-0.0878,0.0239
-0.0877,0.0239
-0.0876,0.0238
-0.0875,0.0238
-0.0874,0.0238
-0.0873,0.0238
-0.0872,0.0237
-0.0872,0.0237
-0.0871,0.0237
-0.0870,0.0237
-0.0869,0.0236
-0.0868,0.0236
-0.0867,0.0236
-0.0866,0.0236
-0.0865,0.0235
-0.0865,0.0235
-0.0864,0.0235
-0.0863,0.0235
-0.0862,0.0234
-0.0861,0.0234
-0.0860,0.0234
-0.0859,0.0234
-0.0859,0.0234
-0.0858,0.0233
-0.0857,0.0233
-0.0856,0.0233
-0.0855,0.0233
-0.0854,0.0232
-0.0853,0.0232
-0.0853,0.0232
-0.0852,0.0232
-0.0851,0.0231
-0.0850,0.0231
-0.0849,0.0231
-0.0848,0.0231
-0.0848,0.0231
-0.0847,0.0230
-0.0846,0.0230
-0.0845,0.0230
-0.0844,0.0230
-0.0844,0.0230
-0.0843,0.0229
-0.0842,0.0229
-0.0841,0.0229
-0.0840,0.0229
-0.0840,0.0228
-0.0839,0.0228
-0.0838,0.0228
-0.0837,0.0228
-0.0836,0.0228
-0.0836,0.0227
-0.0835,0.0227
-0.0834,0.0227
-0.0833,0.0227
-0.0832,0.0227
-0.0832,0.0226
-0.0831,0.0226
-0.0830,0.0226
-0.0829,0.0226
-0.0829,0.0225
-0.0828,0.0225
-0.0827,0.0225
-0.0826,0.0225
-0.0826,0.0225
-0.0825,0.0224
-0.0824,0.0224
-0.0823,0.0224
-0.0822,0.0224
-0.0822,0.0224
-0.0821,0.0223
-0.0820,0.0223
-0.0819,0.0223
-0.0819,0.0223
-0.0818,0.0223
-0.0817,0.0222
-0.0816,0.0222
-0.0816,0.0222
-0.0815,0.0222
-0.0814,0.0222
-0.0814,0.0221
-0.0813,0.0221
-0.0812,0.0221
-0.0811,0.0221
-0.0811,0.0221
-0.0810,0.0220
-0.0809,0.0220
-0.0808,0.0220
-0.0808,0.0220
-0.0807,0.0220
-0.0806,0.0219
-0.0806,0.0219
-0.0805,0.0219
-0.0804,0.0219
-0.0803,0.0219
-0.0803,0.0218
-0.0802,0.0218
-0.0801,0.0218
-0.0801,0.0218
-0.0800,0.0218
-0.0799,0.0217
-0.0798,0.0217
-0.0798,0.0217
-0.0797,0.0217
-0.0796,0.0217
-0.0796,0.0216
-0.0795,0.0216
-0.0794,0.0216
-0.0794,0.0216
-0.0793,0.0216
-0.0792,0.0215
-0.0791,0.0215
-0.0791,0.0215
-0.0790,0.0215
-0.0789,0.0215
-0.0789,0.0215
-0.0788,0.0214
-0.0787,0.0214
-0.0787,0.0214
-0.0786,0.0214
-0.0785,0.0214
-0.0785,0.0213
-0.0784,0.0213
-0.0783,0.0213
-0.0783,0.0213
-0.0782,0.0213
-0.0781,0.0213
-0.0781,0.0212
-0.0780,0.0212
-0.0779,0.0212
-0.0779,0.0212
-0.0778,0.0212
-0.0777,0.0211
-0.0777,0.0211
-0.0776,0.0211
-0.0776,0.0211
-0.0775,0.0211
-0.0774,0.0211
-0.0774,0.0210
-0.0773,0.0210
-0.0772,0.0210
-0.0772,0.0210
-0.0771,0.0210
-0.0770,0.0210
-0.0770,0.0209
-0.0769,0.0209
-0.0769,0.0209
-0.0768,0.0209
-0.0767,0.0209
-0.0767,0.0209
-0.0766,0.0208
-0.0765,0.0208
-0.0765,0.0208
-0.0764,0.0208
-0.0764,0.0208
-0.0763,0.0208
-0.0762,0.0207
-0.0762,0.0207
-0.0761,0.0207
-0.0760,0.0207
-0.0760,0.0207
-0.0759,0.0207
-0.0759,0.0206
-0.0758,0.0206
-0.0757,0.0206
-0.0757,0.0206
-0.0756,0.0206
-0.0756,0.0206
-0.0755,0.0205
-0.0754,0.0205
-0.0754,0.0205
-0.0753,0.0205
-0.0753,0.0205
-0.0752,0.0205
-0.0751,0.0205
-0.0751,0.0204
-0.0750,0.0204
-0.0750,0.0204
-0.0749,0.0204
-0.0748,0.0204
-0.0748,0.0204
-0.0747,0.0203
-0.0747,0.0203
-0.0746,0.0203
-0.0746,0.0203
-0.0745,0.0203
-0.0744,0.0203
-0.0744,0.0203
-0.0743,0.0202
-0.0743,0.0202
-0.0742,0.0202
-0.0741,0.0202
-0.0741,0.0202
-0.0740,0.0202
-0.0740,0.0202
-0.0739,0.0201
-0.0739,0.0201
-0.0738,0.0201
-0.0738,0.0201
-0.0737,0.0201
-0.0736,0.0201
-0.0736,0.0200
-0.0735,0.0200
-0.0735,0.0200
-0.0734,0.0200
-0.0734,0.0200
-0.0733,0.0200
-0.0732,0.0200
-0.0732,0.0199
-0.0731,0.0199
-0.0731,0.0199
-0.0730,0.0199
-0.0730,0.0199
-0.0729,0.0199
-0.0729,0.0199
-0.0728,0.0198
-0.0728,0.0198
-0.0727,0.0198
-0.0726,0.0198
-0.0726,0.0198
-0.0725,0.0198
-0.0725,0.0198
-0.0724,0.0197
-0.0724,0.0197
-0.0723,0.0197
-0.0723,0.0197
-0.0722,0.0197
-0.0722,0.0197
-0.0721,0.0197
-0.0721,0.0196
-0.0720,0.0196
-0.0719,0.0196
-0.0719,0.0196
-0.0718,0.0196
-0.0718,0.0196
-0.0717,0.0196
-0.0717,0.0195
-0.0716,0.0195
-0.0716,0.0195
-0.0715,0.0195
-0.0715,0.0195
-0.0714,0.0195
-0.0714,0.0195
-0.0713,0.0194
-0.0713,0.0194
-0.0712,0.0194
-0.0712,0.0194
-0.0711,0.0194
-0.0711,0.0194
-0.0710,0.0194
-0.0710,0.0194
-0.0709,0.0193
-0.0709,0.0193
-0.0708,0.0193
-0.0708,0.0193
-0.0707,0.0193
-0.0707,0.0193
-0.0706,0.0193
-0.0706,0.0192
-0.0705,0.0192
-0.0705,0.0192
-0.0704,0.0192
-0.0704,0.0192
-0.0703,0.0192
-0.0703,0.0192
-0.0702,0.0192
-0.0702,0.0191
-0.0701,0.0191
-0.0701,0.0191
-0.0700,0.0191
-0.0700,0.0191
-0.0699,0.0191
-0.0699,0.0191
-0.0698,0.0190
-0.0698,0.0190
-0.0697,0.0190
-0.0697,0.0190
-0.0696,0.0190
-0.0696,0.0190
-0.0695,0.0190
-0.0695,0.0190
-0.0694,0.0189
-0.0694,0.0189
-0.0693,0.0189
-0.0693,0.0189
-0.0692,0.0189
-0.0692,0.0189
-0.0691,0.0189
-0.0691,0.0188
-0.0690,0.0188
-0.0690,0.0188
-0.0689,0.0188
-0.0689,0.0188
-0.0688,0.0188
-0.0688,0.0188
-0.0687,0.0188
-0.0687,0.0187
-0.0687,0.0187
-0.0686,0.0187
-0.0686,0.0187
-0.0685,0.0187
-0.0685,0.0187
-0.0684,0.0187
-0.0684,0.0187
-0.0683,0.0186
-0.0683,0.0186
-0.0682,0.0186
-0.0682,0.0186
-0.0681,0.0186
-0.0681,0.0186
-0.0681,0.0186
-0.0680,0.0186
-0.0680,0.0185
-0.0679,0.0185
-0.0679,0.0185
-0.0678,0.0185
-0.0678,0.0185
-0.0677,0.0185
-0.0677,0.0185
-0.0676,0.0185
-0.0676,0.0185
-0.0676,0.0184
-0.0675,0.0184
-0.0675,0.0184
-0.0674,0.0184
-0.0674,0.0184
-0.0673,0.0184
-0.0673,0.0184
-0.0672,0.0184
-0.0672,0.0183
-0.0672,0.0183
-0.0671,0.0183
-0.0671,0.0183
-0.0670,0.0183
-0.0670,0.0183
-0.0669,0.0183
-0.0669,0.0183
-0.0668,0.0182
-0.0668,0.0182
-0.0668,0.0182
-0.0667,0.0182
-0.0667,0.0182
-0.0666,0.0182
-0.0666,0.0182
-0.0665,0.0182
-0.0665,0.0181
-0.0664,0.0181
-0.0664,0.0181
-0.0664,0.0181
-0.0663,0.0181
-0.0663,0.0181
-0.0662,0.0181
-0.0662,0.0181
-0.0661,0.0180
-0.0661,0.0180
-0.0661,0.0180
-0.0660,0.0180
-0.0660,0.0180
-0.0659,0.0180
-0.0659,0.0180
-0.0658,0.0180
-0.0658,0.0179
-0.0658,0.0179
-0.0657,0.0179
-0.0657,0.0179
-0.0656,0.0179
-0.0656,0.0179
-0.0656,0.0179
-0.0655,0.0179
-0.0655,0.0179
-0.0654,0.0178
-0.0654,0.0178
-0.0653,0.0178
-0.0653,0.0178
-0.0653,0.0178
-0.0652,0.0178
-0.0652,0.0178
-0.0651,0.0178
-0.0651,0.0177
-0.0651,0.0177
-0.0650,0.0177
-0.0650,0.0177
-0.0649,0.0177
-0.0649,0.0177
-0.0648,0.0177
-0.0648,0.0177
-0.0648,0.0176
-0.0647,0.0176
-0.0647,0.0176
-0.0646,0.0176
-0.0646,0.0176
-0.0646,0.0176
-0.0645,0.0176
-0.0645,0.0176
-0.0644,0.0176
-0.0644,0.0175
-0.0644,0.0175
-0.0643,0.0175
-0.0643,0.0175
-0.0642,0.0175
-0.0642,0.0175
-0.0642,0.0175
-0.0641,0.0175
-0.0641,0.0175
-0.0640,0.0174
-0.0640,0.0174
-0.0640,0.0174
-0.0639,0.0174
-0.0639,0.0174
-0.0639,0.0174
-0.0638,0.0174
-0.0638,0.0174
-0.0637,0.0174
-0.0637,0.0173
-0.0637,0.0173
-0.0636,0.0173
-0.0636,0.0173
-0.0635,0.0173
-0.0635,0.0173
-0.0635,0.0173
-0.0634,0.0173
-0.0634,0.0173
-0.0633,0.0172
-0.0633,0.0172
-0.0633,0.0172
-0.0632,0.0172
-0.0632,0.0172
-0.0632,0.0172
-0.0631,0.0172
-0.0631,0.0172
-0.0630,0.0172
-0.0630,0.0171
-0.0630,0.0171
-0.0629,0.0171
-0.0629,0.0171
-0.0629,0.0171
-0.0628,0.0171
-0.0628,0.0171
-0.0627,0.0171
-0.0627,0.0171
-0.0627,0.0171
-0.0626,0.0170
-0.0626,0.0170
-0.0626,0.0170
-0.0625,0.0170
-0.0625,0.0170
-0.0624,0.0170
-0.0624,0.0170
-0.0624,0.0170
-0.0623,0.0170
-0.0623,0.0169
-0.0623,0.0169
-0.0622,0.0169
-0.0622,0.0169
-0.0621,0.0169
-0.0621,0.0169
-0.0621,0.0169
-0.0620,0.0169
-0.0620,0.0169
-0.0620,0.0169
-0.0619,0.0168
-0.0588
-0.0122
0.0484
0.0823
0.1376
0.1379
0.1502
0.1502
0.1793
0.1995
0.2048
0.2087
0.2149
0.2393
0.2439
0.2590
0.2595
0.2641
0.2678
0.2686
0.2805
0.2930
0.3014
0.3037
0.3045
0.3221
0.3223
0.3797
0.3836
0.3877
0.3882
0.3893
0.3959
0.3972
0.3980
0.3991
0.4019
0.4023
0.4127
0.4132
0.4140
0.4226
0.4241
0.4267
0.4359
0.4409
0.4592
0.4611
0.4635
0.4678
0.4729
0.4805
0.4838
0.4954
0.4955
0.4956
0.5029
0.5065
0.5113
0.5118
0.5164
0.5166
0.5205
0.5271
0.5274
0.5352
0.5372
0.5486
0.5505
0.5555
0.5645
0.5648
0.5661
0.5688
0.5691
0.5818
0.5915
0.5939
0.5953
0.6046
0.6062
0.6165
0.6189
0.6242
0.6244
0.6252
0.6261
0.6304
0.6327
0.6343
0.6368
0.6393
0.6395
0.6404
0.6426
0.6446
0.6453
0.6453
0.6455
0.6466
0.6470
0.6490
0.6527
0.6559
0.6606
0.6620
0.6658
0.6668
0.6673
0.6694
0.6738
0.6742
0.6769
0.6778
0.6817
0.6845
0.6847
0.6859
0.6883
0.6918
0.6919
0.6925
0.6943
0.6971
0.6986
0.6999
0.7050
0.7071
0.7155
0.7171
0.7178
0.7178
0.7231
0.7250
0.7313
0.7357
0.7378
0.7384
0.7429
0.7460
0.7510
0.7528
0.7547
0.7565
0.7588
0.7609
0.7638
0.7700
0.7710
0.7716
0.7718
0.7779
0.7793
0.7797
0.7837
0.7867
0.7883
0.7909
0.7919
0.7937
0.7984
0.8003
0.8025
0.8070
0.8082
0.8084
0.8113
0.8125
0.8151
0.8168
0.8203
0.8236
0.8244
0.8251
0.8267
0.8283
0.8384
0.8397
0.8428
0.8473
0.8474
0.8477
0.8483
0.8556
0.8591
0.8613
0.8632
0.8637
0.8652
0.8698
0.8711
0.8740
0.8747
0.8754
0.8768
0.8783
0.8785
0.8881
0.8951
0.9004
0.9008
0.9019
0.9068
0.9120
0.9155
0.9161
0.9171
0.9191
0.9206
0.9221
0.9301
0.9302
0.9304
0.9306
0.9335
0.9398
0.9432
0.9444
0.9448
0.9463
0.9482
0.9507
0.9534
0.9546
0.9550
0.9556
0.9610
0.9639
0.9655
0.9677
0.9684
0.9736
0.9736
0.9757
0.9781
0.9796
0.9812
0.9827
0.9831
0.9870
0.9871
0.9904
0.9906
0.9919
0.9921
0.9948
0.9954
0.9968
0.9986
0.9989
1.0008
1.0024
1.0027
1.0032
1.0045
1.0098
1.0103
1.0106
1.0139
1.0156
1.0171
1.0172
1.0210
1.0211
1.0235
1.0260
1.0264
1.0286
1.0295
1.0299
1.0320
1.0336
1.0338
1.0345
1.0363
1.0367
1.0390
1.0400
1.0400
1.0403
1.0409
1.0411
1.0420
1.0461
1.0489
1.0557
1.0560
1.0601
1.0626
1.0708
1.0715
1.0743
1.0746
1.0773
1.0794
1.0807
1.0817
1.0819
1.0829
1.0829
1.0863
1.0891
1.0918
1.0927
1.0937
1.0955
1.0965
1.0970
1.1011
1.1021
1.1030
1.1032
1.1033
1.1037
1.1045
1.1077
1.1078
1.1096
1.1117
1.1160
1.1164
1.1164
1.1177
1.1219
1.1250
1.1263
1.1267
1.1291
1.1307
1.1309
1.1313
1.1353
1.1353
1.1358
1.1362
1.1376
1.1465
1.1502
1.1547
1.1609
1.1665
1.1688
1.1701
1.1751
1.1767
1.1824
1.1828
1.1831
1.1836
1.1851
1.1869
1.1885
1.1886
1.1888
1.1888
1.1888
1.1897
1.1900
1.1938
1.1951
1.1959
1.1999
1.2005
1.2006
1.2017
1.2027
1.2027
1.2047
1.2089
1.2100
1.2104
1.2107
1.2125
1.2199
1.2203
1.2204
1.2205
1.2240
1.2322
1.2328
1.2357
1.2390
1.2395
1.2410
1.2467
1.2470
1.2493
1.2536
1.2550
1.2561
1.2565
1.2581
1.2584
1.2589
1.2595
1.2611
1.2623
1.2637
1.2652
1.2666
1.2668
1.2730
1.2736
1.2755
1.2774
1.2777
1.2788
1.2790
1.2801
1.2809
1.2815
1.2833
1.2838
1.2840
1.2846
1.2892
1.2927
1.2978
1.2988
1.3024
1.3036
1.3037
1.3051
1.3059
1.3065
1.3073
1.3092
1.3123
1.3125
1.3141
1.3146
1.3148
1.3152
1.3158
1.3211
1.3221
1.3228
1.3231
1.3242
1.3261
1.3272
1.3311
1.3321
1.3333
1.3347
1.3355
1.3370
1.3381
1.3403
1.3418
1.3421
1.3431
1.3445
1.3488
1.3489
1.3492
1.3502
1.3510
1.3543
1.3583
1.3596
1.3600
1.3618
1.3626
1.3640
1.3684
1.3693
1.3699
1.3745
1.3777
1.3779
1.3801
1.3806
1.3828
1.3833
1.3852
1.3854
1.3874
1.3930
1.3933
1.3934
1.3992
1.3995
1.4001
1.4027
1.4037
1.4037
1.4059
1.4094
1.4110
1.4119
1.4153
1.4161
1.4179
1.4186
1.4187
1.4194
1.4212
1.4222
1.4242
1.4248
1.4259
1.4264
1.4379
1.4383
1.4411
1.4415
1.4441
1.4442
1.4447
1.4484
1.4494
1.4521
1.4525
1.4539
1.4542
1.4546
1.4569
1.4599
1.4654
1.4694
1.4711
1.4729
1.4761
1.4772
1.4782
1.4785
1.4791
1.4793
1.4822
1.4825
1.4845
1.4918
1.4926
1.4926
1.4932
1.4938
1.4950
1.4980
1.4995
1.5024
1.5036
1.5063
1.5132
1.5134
1.5148
1.5161
1.5165
1.5183
1.5191
1.5193
1.5195
1.5205
1.5258
1.5319
1.5328
1.5336
1.5349
1.5352
1.5359
1.5402
1.5411
1.5414
1.5418
1.5448
1.5464
1.5502
1.5522
1.5522
1.5525
1.5528
1.5555
1.5578
1.5589
1.5590
1.5599
1.5601
1.5610
1.5612
1.5623
1.5652
1.5708
1.5800
1.5828
1.5831
1.5850
1.5871
1.5874
1.5882
1.5890
1.5918
1.5961
1.5962
1.5968
1.5969
1.5975
1.5984
1.5993
1.6019
1.6038
1.6039
1.6042
1.6077
1.6085
1.6104
1.6146
1.6153
1.6158
1.6161
1.6194
1.6216
1.6231
1.6275
1.6282
1.6284
1.6288
1.6292
1.6315
1.6318
1.6338
1.6379
1.6438
1.6439
1.6494
1.6516
1.6521
1.6590
1.6595
1.6599
1.6600
1.6660
1.6660
1.6663
1.6666
1.6671
1.6699
1.6699
1.6754
1.6765
1.6813
1.6847
1.6853
1.6909
1.6911
1.7026
1.7077
1.7091
1.7171
1.7189
1.7259
1.7269
1.7270
1.7285
1.7296
1.7325
1.7350
1.7361
1.7377
1.7379
1.7401
1.7432
1.7440
1.7453
1.7462
1.7469
1.7469
1.7491
1.7509
1.7578
1.7645
1.7677
1.7680
1.7698
1.7749
1.7754
1.7759
1.7768
1.7800
1.7869
1.7942
1.7992
1.8012
1.8080
1.8179
1.8194
1.8224
1.8231
1.8237
1.8251
1.8256
1.8270
1.8287
1.8328
1.8344
1.8347
1.8371
1.8440
1.8446
1.8461
1.8471
1.8477
1.8513
1.8522
1.8545
1.8547
1.8566
1.8585
1.8596
1.8608
1.8617
1.8628
1.8641
1.8676
1.8694
1.8709
1.8745
1.8756
1.8773
1.8824
1.8841
1.8844
1.8852
1.8871
1.8929
1.8933
1.8951
1.8953
1.8966
1.8975
1.9008
1.9044
1.9050
1.9084
1.9086
1.9099
1.9122
1.9209
1.9219
1.9275
1.9282
1.9283
1.9286
1.9303
1.9314
1.9317
1.9318
1.9371
1.9374
1.9425
1.9478
1.9480
1.9497
1.9545
1.9554
1.9562
1.9565
1.9582
1.9596
1.9623
1.9644
1.9688
1.9699
1.9729
1.9732
1.9733
1.9752
1.9760
1.9785
1.9814
1.9824
1.9858
1.9887
1.9888
1.9900
2.0014
2.0018
2.0044
2.0068
2.0128
2.0160
2.0173
2.0183
2.0186
2.0247
2.0262
2.0314
2.0380
2.0466
2.0495
2.0502
2.0558
2.0574
2.0669
2.0685
2.0687
2.0689
2.0704
2.0730
2.0795
2.0855
2.0916
2.0934
2.0975
2.0981
2.0996
2.1058
2.1063
2.1073
2.1094
2.1098
2.1106
2.1157
2.1184
2.1219
2.1298
2.1307
2.1364
2.1427
2.1428
2.1484
2.1522
2.1532
2.1544
2.1545
2.1547
2.1608
2.1647
2.1677
2.1691
2.1777
2.1821
2.1848
2.1869
2.1888
2.1915
2.1970
2.1975
2.1995
2.1996
2.1996
2.2057
2.2089
2.2163
2.2200
2.2219
2.2226
2.2236
2.2285
2.2289
2.2306
2.2320
2.2379
2.2402
2.2456
2.2460
2.2464
2.2487
2.2496
2.2511
2.2558
2.2564
2.2653
2.2700
2.2734
2.2816
2.2869
2.2882
2.2986
2.2988
2.3020
2.3032
2.3055
2.3081
2.3082
2.3101
2.3173
2.3199
2.3266
2.3283
2.3304
2.3365
2.3386
2.3390
2.3398
2.3473
2.3511
2.3537
2.3615
2.3674
2.3740
2.3745
2.3803
2.3852
2.3872
2.3880
2.3896
2.3931
2.4003
2.4023
2.4138
2.4150
2.4184
2.4282
2.4283
2.4453
2.4454
2.4556
2.4562
2.4587
2.4592
2.4612
2.4634
2.4673
2.4701
2.4710
2.4807
2.4886
2.4902
2.4948
2.4979
2.5063
2.5170
2.5174
2.5299
2.5376
2.5392
2.5526
2.5533
2.5612
2.5679
2.5781
2.5838
2.5892
2.6126
2.6134
2.6258
2.6334
2.6336
2.6348
2.6428
2.6465
2.6479
2.6648
2.6873
2.7041
2.7173
2.7205
2.7229
2.7235
2.7268
2.7378
2.7484
2.7526
2.7614
2.7658
2.7666
2.7904
2.7905
2.7991
2.8020
2.8032
2.8394
2.8403
2.8511
2.8689
2.8733
2.8797
2.9019
2.9045
2.9166
2.9181
2.9369
2.9491
2.9504
2.9522
2.9569
2.9690
3.0373
3.0600
3.0777
3.0856
3.0885
3.0946
3.1038
3.1211
3.1521
3.1767
3.2278
3.2625
3.3025
3.3216
3.4366
3.4494
3.4674
3.4841
3.5863
3.8134
3.8712
3.9327
3.9527
