1000
1000
-1.6492,0.1998
-1.5576,0.1995
-1.3413,0.1515
-1.1911,0.1428
-1.0781,0.1353
-0.9921,0.1322
-0.9247,0.1302
-0.8695,0.1284
-0.8228,0.1257
-0.7831,0.1233
-0.7485,0.1210
-0.7178,0.1187
-0.6907,0.1169
-0.6665,0.1151
-0.6446,0.1129
-0.6246,0.1109
-0.6063,0.1092
-0.5896,0.1077
-0.5740,0.1063
-0.5596,0.1049
-0.5462,0.1035
-0.5337,0.1021
-0.5219,0.1008
-0.5108,0.0995
-0.5004,0.0981
-0.4905,0.0968
-0.4811,0.0955
-0.4722,0.0943
-0.4637,0.0932
-0.4557,0.0921
-0.4480,0.0911
-0.4408,0.0901
-0.4339,0.0893
-0.4272,0.0884
-0.4209,0.0875
-0.4148,0.0867
-0.4089,0.0859
-0.4033,0.0851
-0.3978,0.0844
-0.3926,0.0836
-0.3875,0.0828
-0.3827,0.0821
-0.3780,0.0813
-0.3734,0.0807
-0.3690,0.0800
-0.3648,0.0794
-0.3606,0.0787
-0.3566,0.0781
-0.3527,0.0775
-0.3490,0.0769
-0.3453,0.0763
-0.3417,0.0757
-0.3383,0.0751
-0.3349,0.0746
-0.3316,0.0740
-0.3284,0.0735
-0.3253,0.0729
-0.3223,0.0724
-0.3193,0.0720
-0.3165,0.0715
-0.3137,0.0711
-0.3110,0.0706
-0.3083,0.0702
-0.3058,0.0698
-0.3033,0.0694
-0.3008,0.0690
-0.2984,0.0686
-0.2960,0.0682
-0.2937,0.0678
-0.2915,0.0674
-0.2893,0.0671
-0.2871,0.0667
-0.2850,0.0663
-0.2829,0.0659
-0.2809,0.0656
-0.2789,0.0652
-0.2769,0.0649
-0.2750,0.0646
-0.2732,0.0643
-0.2713,0.0639
-0.2695,0.0636
-0.2677,0.0633
-0.2660,0.0630
-0.2642,0.0627
-0.2625,0.0623
-0.2609,0.0620
-0.2592,0.0617
-0.2576,0.0614
-0.2560,0.0611
-0.2544,0.0607
-0.2529,0.0604
-0.2514,0.0601
-0.2499,0.0598
-0.2484,0.0595
-0.2470,0.0592
-0.2456,0.0589
-0.2442,0.0586
-0.2428,0.0583
-0.2414,0.0581
-0.2401,0.0578
-0.2388,0.0575
-0.2375,0.0573
-0.2363,0.0570
-0.2350,0.0568
-0.2338,0.0565
-0.2325,0.0563
-0.2313,0.0560
-0.2302,0.0558
-0.2290,0.0555
-0.2278,0.0553
-0.2267,0.0551
-0.2256,0.0548
-0.2245,0.0546
-0.2234,0.0543
-0.2223,0.0541
-0.2212,0.0539
-0.2202,0.0537
-0.2191,0.0534
-0.2181,0.0532
-0.2171,0.0530
-0.2161,0.0528
-0.2151,0.0525
-0.2141,0.0523
-0.2132,0.0521
-0.2122,0.0519
-0.2113,0.0517
-0.2103,0.0515
-0.2094,0.0513
-0.2085,0.0511
-0.2076,0.0508
-0.2067,0.0506
-0.2059,0.0504
-0.2050,0.0502
-0.2041,0.0500
-0.2033,0.0498
-0.2025,0.0497
-0.2016,0.0495
-0.2008,0.0493
-0.2000,0.0491
-0.1992,0.0489
-0.1984,0.0487
-0.1977,0.0486
-0.1969,0.0484
-0.1961,0.0482
-0.1954,0.0480
-0.1946,0.0478
-0.1939,0.0477
-0.1931,0.0475
-0.1924,0.0473
-0.1917,0.0472
-0.1910,0.0470
-0.1903,0.0468
-0.1896,0.0467
-0.1889,0.0465
-0.1882,0.0464
-0.1876,0.0462
-0.1869,0.0461
-0.1863,0.0459
-0.1856,0.0458
-0.1850,0.0456
-0.1843,0.0455
-0.1837,0.0453
-0.1831,0.0452
-0.1824,0.0450
-0.1818,0.0449
-0.1812,0.0448
-0.1806,0.0446
-0.1800,0.0445
-0.1794,0.0444
-0.1789,0.0442
-0.1783,0.0441
-0.1777,0.0440
-0.1771,0.0439
-0.1766,0.0437
-0.1760,0.0436
-0.1755,0.0435
-0.1749,0.0433
-0.1744,0.0432
-0.1738,0.0431
-0.1733,0.0430
-0.1728,0.0429
-0.1722,0.0427
-0.1717,0.0426
-0.1712,0.0425
-0.1707,0.0424
-0.1702,0.0423
-0.1697,0.0422
-0.1692,0.0421
-0.1687,0.0419
-0.1682,0.0418
-0.1677,0.0417
-0.1673,0.0416
-0.1668,0.0415
-0.1663,0.0414
-0.1658,0.0413
-0.1654,0.0412
-0.1649,0.0411
-0.1645,0.0410
-0.1640,0.0409
-0.1636,0.0408
-0.1631,0.0407
-0.1627,0.0406
-0.1622,0.0405
-0.1618,0.0404
-0.1614,0.0403
-0.1609,0.0402
-0.1605,0.0401
-0.1601,0.0400
-0.1597,0.0399
-0.1592,0.0398
-0.1588,0.0397
-0.1584,0.0396
-0.1580,0.0395
-0.1576,0.0394
-0.1572,0.0394
-0.1568,0.0393
-0.1564,0.0392
-0.1560,0.0391
-0.1556,0.0390
-0.1552,0.0389
-0.1548,0.0388
-0.1545,0.0387
-0.1541,0.0386
-0.1537,0.0386
-0.1533,0.0385
-0.1530,0.0384
-0.1526,0.0383
-0.1522,0.0382
-0.1519,0.0382
-0.1515,0.0381
-0.1511,0.0380
-0.1508,0.0379
-0.1504,0.0378
-0.1501,0.0378
-0.1497,0.0377
-0.1494,0.0376
-0.1490,0.0375
-0.1487,0.0374
-0.1484,0.0374
-0.1480,0.0373
-0.1477,0.0372
-0.1474,0.0371
-0.1470,0.0371
-0.1467,0.0370
-0.1464,0.0369
-0.1460,0.0368
-0.1457,0.0368
-0.1454,0.0367
-0.1451,0.0366
-0.1448,0.0365
-0.1444,0.0365
-0.1441,0.0364
-0.1438,0.0363
-0.1435,0.0363
-0.1432,0.0362
-0.1429,0.0361
-0.1426,0.0360
-0.1423,0.0360
-0.1420,0.0359
-0.1417,0.0358
-0.1414,0.0358
-0.1411,0.0357
-0.1408,0.0356
-0.1405,0.0356
-0.1402,0.0355
-0.1399,0.0354
-0.1396,0.0353
-0.1393,0.0353
-0.1390,0.0352
-0.1388,0.0351
-0.1385,0.0351
-0.1382,0.0350
-0.1379,0.0349
-0.1376,0.0349
-0.1374,0.0348
-0.1371,0.0347
-0.1368,0.0347
-0.1365,0.0346
-0.1363,0.0346
-0.1360,0.0345
-0.1357,0.0344
-0.1355,0.0344
-0.1352,0.0343
-0.1349,0.0342
-0.1347,0.0342
-0.1344,0.0341
-0.1342,0.0341
-0.1339,0.0340
-0.1336,0.0339
-0.1334,0.0339
-0.1331,0.0338
-0.1329,0.0338
-0.1326,0.0337
-0.1324,0.0337
-0.1321,0.0336
-0.1319,0.0335
-0.1316,0.0335
-0.1314,0.0334
-0.1312,0.0334
-0.1309,0.0333
-0.1307,0.0333
-0.1304,0.0332
-0.1302,0.0332
-0.1300,0.0331
-0.1297,0.0330
-0.1295,0.0330
-0.1293,0.0329
-0.1290,0.0329
-0.1288,0.0328
-0.1286,0.0328
-0.1283,0.0327
-0.1281,0.0327
-0.1279,0.0326
-0.1277,0.0326
-0.1275,0.0325
-0.1272,0.0325
-0.1270,0.0324
-0.1268,0.0324
-0.1266,0.0324
-0.1264,0.0323
-0.1261,0.0323
-0.1259,0.0322
-0.1257,0.0322
-0.1255,0.0321
-0.1253,0.0321
-0.1251,0.0320
-0.1249,0.0320
-0.1246,0.0319
-0.1244,0.0319
-0.1242,0.0318
-0.1240,0.0318
-0.1238,0.0317
-0.1236,0.0317
-0.1234,0.0317
-0.1232,0.0316
-0.1230,0.0316
-0.1228,0.0315
-0.1226,0.0315
-0.1224,0.0314
-0.1222,0.0314
-0.1220,0.0313
-0.1218,0.0313
-0.1216,0.0312
-0.1214,0.0312
-0.1212,0.0311
-0.1210,0.0311
-0.1208,0.0311
-0.1206,0.0310
-0.1204,0.0310
-0.1202,0.0309
-0.1201,0.0309
-0.1199,0.0308
-0.1197,0.0308
-0.1195,0.0307
-0.1193,0.0307
-0.1191,0.0306
-0.1189,0.0306
-0.1187,0.0306
-0.1186,0.0305
-0.1184,0.0305
-0.1182,0.0304
-0.1180,0.0304
-0.1178,0.0303
-0.1176,0.0303
-0.1175,0.0302
-0.1173,0.0302
-0.1171,0.0302
-0.1169,0.0301
-0.1167,0.0301
-0.1166,0.0300
-0.1164,0.0300
-0.1162,0.0299
-0.1161,0.0299
-0.1159,0.0299
-0.1157,0.0298
-0.1155,0.0298
-0.1154,0.0297
-0.1152,0.0297
-0.1150,0.0297
-0.1149,0.0296
-0.1147,0.0296
-0.1145,0.0295
-0.1144,0.0295
-0.1142,0.0295
-0.1140,0.0294
-0.1139,0.0294
-0.1137,0.0293
-0.1135,0.0293
-0.1134,0.0293
-0.1132,0.0292
-0.1131,0.0292
-0.1129,0.0291
-0.1127,0.0291
-0.1126,0.0291
-0.1124,0.0290
-0.1123,0.0290
-0.1121,0.0289
-0.1119,0.0289
-0.1118,0.0289
-0.1116,0.0288
-0.1115,0.0288
-0.1113,0.0287
-0.1112,0.0287
-0.1110,0.0287
-0.1109,0.0286
-0.1107,0.0286
-0.1106,0.0286
-0.1104,0.0285
-0.1103,0.0285
-0.1101,0.0284
-0.1100,0.0284
-0.1098,0.0284
-0.1097,0.0283
-0.1095,0.0283
-0.1094,0.0283
-0.1092,0.0282
-0.1091,0.0282
-0.1089,0.0282
-0.1088,0.0281
-0.1086,0.0281
-0.1085,0.0281
-0.1084,0.0280
-0.1082,0.0280
-0.1081,0.0279
-0.1079,0.0279
-0.1078,0.0279
-0.1076,0.0278
-0.1075,0.0278
-0.1074,0.0278
-0.1072,0.0277
-0.1071,0.0277
-0.1070,0.0277
-0.1068,0.0276
-0.1067,0.0276
-0.1065,0.0276
-0.1064,0.0275
-0.1063,0.0275
-0.1061,0.0275
-0.1060,0.0274
-0.1059,0.0274
-0.1057,0.0274
-0.1056,0.0273
-0.1055,0.0273
-0.1053,0.0273
-0.1052,0.0272
-0.1051,0.0272
-0.1049,0.0272
-0.1048,0.0271
-0.1047,0.0271
-0.1046,0.0271
-0.1044,0.0270
-0.1043,0.0270
-0.1042,0.0270
-0.1040,0.0269
-0.1039,0.0269
-0.1038,0.0269
-0.1037,0.0268
-0.1035,0.0268
-0.1034,0.0268
-0.1033,0.0267
-0.1032,0.0267
-0.1030,0.0267
-0.1029,0.0267
-0.1028,0.0266
-0.1027,0.0266
-0.1026,0.0266
-0.1024,0.0265
-0.1023,0.0265
-0.1022,0.0265
-0.1021,0.0264
-0.1019,0.0264
-0.1018,0.0264
-0.1017,0.0264
-0.1016,0.0263
-0.1015,0.0263
-0.1014,0.0263
-0.1012,0.0262
-0.1011,0.0262
-0.1010,0.0262
-0.1009,0.0262
-0.1008,0.0261
-0.1007,0.0261
-0.1005,0.0261
-0.1004,0.0260
-0.1003,0.0260
-0.1002,0.0260
-0.1001,0.0260
-0.1000,0.0259
-0.0998,0.0259
-0.0997,0.0259
-0.0996,0.0259
-0.0995,0.0258
-0.0994,0.0258
-0.0993,0.0258
-0.0992,0.0257
-0.0991,0.0257
-0.0990,0.0257
-0.0988,0.0257
-0.0987,0.0256
-0.0986,0.0256
-0.0985,0.0256
-0.0984,0.0256
-0.0983,0.0255
-0.0982,0.0255
-0.0981,0.0255
-0.0980,0.0255
-0.0979,0.0254
-0.0978,0.0254
-0.0977,0.0254
-0.0975,0.0254
-0.0974,0.0253
-0.0973,0.0253
-0.0972,0.0253
-0.0971,0.0253
-0.0970,0.0252
-0.0969,0.0252
-0.0968,0.0252
-0.0967,0.0252
-0.0966,0.0251
-0.0965,0.0251
-0.0964,0.0251
-0.0963,0.0251
-0.0962,0.0250
-0.0961,0.0250
-0.0960,0.0250
-0.0959,0.0250
-0.0958,0.0249
-0.0957,0.0249
-0.0956,0.0249
-0.0955,0.0249
-0.0954,0.0248
-0.0953,0.0248
-0.0952,0.0248
-0.0951,0.0248
-0.0950,0.0247
-0.0949,0.0247
-0.0948,0.0247
-0.0947,0.0247
-0.0946,0.0246
-0.0945,0.0246
-0.0944,0.0246
-0.0943,0.0246
-0.0942,0.0246
-0.0941,0.0245
-0.0940,0.0245
-0.0939,0.0245
-0.0938,0.0245
-0.0937,0.0244
-0.0936,0.0244
-0.0935,0.0244
-0.0934,0.0244
-0.0933,0.0243
-0.0933,0.0243
-0.0932,0.0243
-0.0931,0.0243
-0.0930,0.0242
-0.0929,0.0242
-0.0928,0.0242
-0.0927,0.0242
-0.0926,0.0242
-0.0925,0.0241
-0.0924,0.0241
-0.0923,0.0241
-0.0922,0.0241
-0.0921,0.0240
-0.0921,0.0240
-0.0920,0.0240
-0.0919,0.0240
-0.0918,0.0240
-0.0917,0.0239
-0.0916,0.0239
-0.0915,0.0239
-0.0914,0.0239
-0.0913,0.0238
-0.0913,0.0238
-0.0912,0.0238
-0.0911,0.0238
-0.0910,0.0238
-0.0909,0.0237
-0.0908,0.0237
-0.0907,0.0237
-0.0906,0.0237
-0.0906,0.0237
-0.0905,0.0236
-0.0904,0.0236
-0.0903,0.0236
-0.0902,0.0236
-0.0901,0.0235
-0.0900,0.0235
-0.0900,0.0235
-0.0899,0.0235
-0.0898,0.0235
-0.0897,0.0234
-0.0896,0.0234
-0.0895,0.0234
-0.0895,0.0234
-0.0894,0.0234
-0.0893,0.0233
-0.0892,0.0233
-0.0891,0.0233
-0.0890,0.0233
-0.0890,0.0233
-0.0889,0.0232
-0.0888,0.0232
-0.0887,0.0232
-0.0886,0.0232
-0.0886,0.0232
-0.0885,0.0231
-0.0884,0.0231
-0.0883,0.0231
-0.0882,0.0231
-0.0882,0.0231
-0.0881,0.0230
-0.0880,0.0230
-0.0879,0.0230
-0.0878,0.0230
-0.0878,0.0230
-0.0877,0.0229
-0.0876,0.0229
-0.0875,0.0229
-0.0874,0.0229
-0.0874,0.0229
-0.0873,0.0229
-0.0872,0.0228
-0.0871,0.0228
-0.0871,0.0228
-0.0870,0.0228
-0.0869,0.0228
-0.0868,0.0227
-0.0868,0.0227
-0.0867,0.0227
-0.0866,0.0227
-0.0865,0.0227
-0.0865,0.0226
-0.0864,0.0226
-0.0863,0.0226
-0.0862,0.0226
-0.0862,0.0226
-0.0861,0.0225
-0.0860,0.0225
-0.0859,0.0225
-0.0859,0.0225
-0.0858,0.0225
-0.0857,0.0225
-0.0856,0.0224
-0.0856,0.0224
-0.0855,0.0224
-0.0854,0.0224
-0.0853,0.0224
-0.0853,0.0223
-0.0852,0.0223
-0.0851,0.0223
-0.0851,0.0223
-0.0850,0.0223
-0.0849,0.0223
-0.0848,0.0222
-0.0848,0.0222
-0.0847,0.0222
-0.0846,0.0222
-0.0846,0.0222
-0.0845,0.0222
-0.0844,0.0221
-0.0843,0.0221
-0.0843,0.0221
-0.0842,0.0221
-0.0841,0.0221
-0.0841,0.0220
-0.0840,0.0220
-0.0839,0.0220
-0.0839,0.0220
-0.0838,0.0220
-0.0837,0.0220
-0.0836,0.0219
-0.0836,0.0219
-0.0835,0.0219
-0.0834,0.0219
-0.0834,0.0219
-0.0833,0.0219
-0.0832,0.0218
-0.0832,0.0218
-0.0831,0.0218
-0.0830,0.0218
-0.0830,0.0218
-0.0829,0.0218
-0.0828,0.0217
-0.0828,0.0217
-0.0827,0.0217
-0.0826,0.0217
-0.0826,0.0217
-0.0825,0.0217
-0.0824,0.0217
-0.0824,0.0216
-0.0823,0.0216
-0.0822,0.0216
-0.0822,0.0216
-0.0821,0.0216
-0.0821,0.0216
-0.0820,0.0215
-0.0819,0.0215
-0.0819,0.0215
-0.0818,0.0215
-0.0817,0.0215
-0.0817,0.0215
-0.0816,0.0215
-0.0815,0.0214
-0.0815,0.0214
-0.0814,0.0214
-0.0813,0.0214
-0.0813,0.0214
-0.0812,0.0214
-0.0812,0.0213
-0.0811,0.0213
-0.0810,0.0213
-0.0810,0.0213
-0.0809,0.0213
-0.0808,0.0213
-0.0808,0.0213
-0.0807,0.0212
-0.0807,0.0212
-0.0806,0.0212
-0.0805,0.0212
-0.0805,0.0212
-0.0804,0.0212
-0.0804,0.0212
-0.0803,0.0211
-0.0802,0.0211
-0.0802,0.0211
-0.0801,0.0211
-0.0801,0.0211
-0.0800,0.0211
-0.0799,0.0210
-0.0799,0.0210
-0.0798,0.0210
-0.0798,0.0210
-0.0797,0.0210
-0.0796,0.0210
-0.0796,0.0210
-0.0795,0.0209
-0.0795,0.0209
-0.0794,0.0209
-0.0793,0.0209
-0.0793,0.0209
-0.0792,0.0209
-0.0792,0.0209
-0.0791,0.0208
-0.0790,0.0208
-0.0790,0.0208
-0.0789,0.0208
-0.0789,0.0208
-0.0788,0.0208
-0.0788,0.0208
-0.0787,0.0207
-0.0786,0.0207
-0.0786,0.0207
-0.0785,0.0207
-0.0785,0.0207
-0.0784,0.0207
-0.0784,0.0207
-0.0783,0.0206
-0.0782,0.0206
-0.0782,0.0206
-0.0781,0.0206
-0.0781,0.0206
-0.0780,0.0206
-0.0780,0.0206
-0.0779,0.0205
-0.0778,0.0205
-0.0778,0.0205
-0.0777,0.0205
-0.0777,0.0205
-0.0776,0.0205
-0.0776,0.0205
-0.0775,0.0205
-0.0775,0.0204
-0.0774,0.0204
-0.0773,0.0204
-0.0773,0.0204
-0.0772,0.0204
-0.0772,0.0204
-0.0771,0.0204
-0.0771,0.0203
-0.0770,0.0203
-0.0770,0.0203
-0.0769,0.0203
-0.0769,0.0203
-0.0768,0.0203
-0.0767,0.0203
-0.0767,0.0203
-0.0766,0.0202
-0.0766,0.0202
-0.0765,0.0202
-0.0765,0.0202
-0.0764,0.0202
-0.0764,0.0202
-0.0763,0.0202
-0.0763,0.0201
-0.0762,0.0201
-0.0762,0.0201
-0.0761,0.0201
-0.0761,0.0201
-0.0760,0.0201
-0.0760,0.0201
-0.0759,0.0201
-0.0759,0.0200
-0.0758,0.0200
-0.0757,0.0200
-0.0757,0.0200
-0.0756,0.0200
-0.0756,0.0200
-0.0755,0.0200
-0.0755,0.0200
-0.0754,0.0199
-0.0754,0.0199
-0.0753,0.0199
-0.0753,0.0199
-0.0752,0.0199
-0.0752,0.0199
-0.0751,0.0199
-0.0751,0.0199
-0.0750,0.0198
-0.0750,0.0198
-0.0749,0.0198
-0.0749,0.0198
-0.0748,0.0198
-0.0748,0.0198
-0.0747,0.0198
-0.0747,0.0198
-0.0746,0.0197
-0.0746,0.0197
-0.0745,0.0197
-0.0745,0.0197
-0.0744,0.0197
-0.0744,0.0197
-0.0743,0.0197
-0.0743,0.0197
-0.0742,0.0197
-0.0742,0.0196
-0.0741,0.0196
-0.0741,0.0196
-0.0741,0.0196
-0.0740,0.0196
-0.0740,0.0196
-0.0739,0.0196
-0.0739,0.0196
-0.0738,0.0195
-0.0738,0.0195
-0.0737,0.0195
-0.0737,0.0195
-0.0736,0.0195
-0.0736,0.0195
-0.0735,0.0195
-0.0735,0.0195
-0.0734,0.0195
-0.0734,0.0194
-0.0733,0.0194
-0.0733,0.0194
-0.0732,0.0194
-0.0732,0.0194
-0.0731,0.0194
-0.0731,0.0194
-0.0731,0.0194
-0.0730,0.0193
-0.0730,0.0193
-0.0729,0.0193
-0.0729,0.0193
-0.0728,0.0193
-0.0728,0.0193
-0.0727,0.0193
-0.0727,0.0193
-0.0726,0.0193
-0.0726,0.0192
-0.0725,0.0192
-0.0725,0.0192
-0.0725,0.0192
-0.0724,0.0192
-0.0724,0.0192
-0.0723,0.0192
-0.0723,0.0192
-0.0722,0.0192
-0.0722,0.0191
-0.0721,0.0191
-0.0721,0.0191
-0.0720,0.0191
-0.0720,0.0191
-0.0720,0.0191
-0.0719,0.0191
-0.0719,0.0191
-0.0718,0.0191
-0.0718,0.0190
-0.0717,0.0190
-0.0717,0.0190
-0.0716,0.0190
-0.0716,0.0190
-0.0716,0.0190
-0.0715,0.0190
-0.0715,0.0190
-0.0714,0.0190
-0.0714,0.0189
-0.0713,0.0189
-0.0713,0.0189
-0.0712,0.0189
-0.0712,0.0189
-0.0712,0.0189
-0.0711,0.0189
-0.0711,0.0189
-0.0710,0.0189
-0.0710,0.0188
-0.0709,0.0188
-0.0709,0.0188
-0.0709,0.0188
-0.0708,0.0188
-0.0708,0.0188
-0.0707,0.0188
-0.0707,0.0188
-0.0706,0.0188
-0.0706,0.0187
-0.0706,0.0187
-0.0705,0.0187
-0.0705,0.0187
-0.0704,0.0187
-0.0704,0.0187
-0.0703,0.0187
-0.0703,0.0187
-0.0703,0.0187
-0.0702,0.0186
-0.0702,0.0186
-0.0701,0.0186
-0.0701,0.0186
-0.0701,0.0186
-0.0700,0.0186
-0.0700,0.0186
-0.0699,0.0186
-0.0699,0.0186
-0.0698,0.0186
-0.0698,0.0185
-0.0698,0.0185
-0.0697,0.0185
-0.0697,0.0185
-0.0696,0.0185
-0.0696,0.0185
-0.0696,0.0185
-0.0695,0.0185
-0.0695,0.0185
-0.0694,0.0185
-0.0694,0.0184
-0.0694,0.0184
-0.0693,0.0184
-0.0693,0.0184
-0.0692,0.0184
-0.0692,0.0184
-0.0692,0.0184
-0.0691,0.0184
-0.0691,0.0184
-0.0690,0.0184
-0.0690,0.0183
-0.0690,0.0183
-0.0689,0.0183
-0.0689,0.0183
-0.0688,0.0183
-0.0688,0.0183
-0.0688,0.0183
-0.0687,0.0183
-0.0687,0.0183
-0.0686,0.0183
-0.0686,0.0182
-0.0686,0.0182
-0.0685,0.0182
-0.0685,0.0182
-0.0684,0.0182
-0.0684,0.0182
-0.0684,0.0182
-0.0683,0.0182
-0.0683,0.0182
-0.0682,0.0182
-0.0682,0.0181
-0.0682,0.0181
-0.0681,0.0181
-0.0681,0.0181
-0.0681,0.0181
-0.0680,0.0181
-0.0680,0.0181
-0.0679,0.0181
-0.0679,0.0181
-0.0679,0.0181
-0.0678,0.0180
-0.0678,0.0180
-0.0677,0.0180
-0.0677,0.0180
-0.0677,0.0180
-0.0676,0.0180
-0.0676,0.0180
-0.0676,0.0180
-0.0675,0.0180
-0.0675,0.0180
-0.0674,0.0180
-0.0674,0.0179
-0.0674,0.0179
-0.0673,0.0179
-0.0673,0.0179
-0.0673,0.0179
-0.2354
-0.0437
-0.0183
-0.0077
0.0093
0.0176
0.0637
0.0752
0.1180
0.1847
0.1904
0.2042
0.2376
0.2525
0.2525
0.2801
0.2837
0.3031
0.3191
0.3240
0.3364
0.3375
0.3543
0.3671
0.3690
0.3706
0.3753
0.3835
0.3907
0.3935
0.3956
0.4060
0.4079
0.4290
0.4317
0.4328
0.4459
0.4467
0.4572
0.4578
0.4586
0.4645
0.4662
0.4850
0.5003
0.5054
0.5114
0.5289
0.5331
0.5437
0.5625
0.5633
0.5639
0.5684
0.5749
0.5802
0.5974
0.6009
0.6040
0.6088
0.6226
0.6252
0.6256
0.6320
0.6327
0.6359
0.6418
0.6444
0.6455
0.6472
0.6493
0.6503
0.6547
0.6567
0.6576
0.6589
0.6683
0.6731
0.6741
0.6758
0.6787
0.6855
0.6964
0.7014
0.7042
0.7047
0.7064
0.7069
0.7076
0.7102
0.7112
0.7148
0.7152
0.7164
0.7203
0.7216
0.7222
0.7230
0.7268
0.7271
0.7290
0.7306
0.7335
0.7340
0.7353
0.7390
0.7444
0.7486
0.7501
0.7517
0.7538
0.7563
0.7611
0.7621
0.7651
0.7651
0.7677
0.7716
0.7734
0.7750
0.7808
0.7827
0.7857
0.7868
0.7873
0.7873
0.7901
0.7935
0.7937
0.7987
0.8035
0.8140
0.8144
0.8147
0.8160
0.8163
0.8172
0.8214
0.8224
0.8249
0.8275
0.8385
0.8406
0.8435
0.8446
0.8465
0.8480
0.8521
0.8611
0.8645
0.8660
0.8674
0.8680
0.8715
0.8719
0.8733
0.8751
0.8789
0.8814
0.8821
0.8856
0.8876
0.8895
0.8966
0.8967
0.8998
0.8998
0.9016
0.9084
0.9106
0.9123
0.9170
0.9183
0.9185
0.9229
0.9253
0.9285
0.9294
0.9306
0.9322
0.9370
0.9388
0.9398
0.9422
0.9440
0.9452
0.9533
0.9558
0.9559
0.9573
0.9576
0.9584
0.9592
0.9605
0.9608
0.9628
0.9653
0.9655
0.9656
0.9695
0.9695
0.9728
0.9729
0.9770
0.9791
0.9825
0.9825
0.9850
0.9874
0.9883
0.9892
0.9898
0.9965
0.9966
0.9989
1.0027
1.0085
1.0118
1.0121
1.0139
1.0174
1.0188
1.0257
1.0258
1.0268
1.0281
1.0283
1.0289
1.0302
1.0315
1.0385
1.0467
1.0497
1.0509
1.0552
1.0562
1.0608
1.0627
1.0650
1.0661
1.0728
1.0731
1.0790
1.0793
1.0793
1.0798
1.0825
1.0844
1.0853
1.0865
1.0867
1.0871
1.0897
1.0911
1.0994
1.0997
1.1003
1.1038
1.1045
1.1051
1.1069
1.1086
1.1142
1.1155
1.1168
1.1192
1.1230
1.1256
1.1280
1.1299
1.1326
1.1343
1.1357
1.1389
1.1431
1.1453
1.1461
1.1467
1.1467
1.1497
1.1527
1.1537
1.1543
1.1550
1.1569
1.1575
1.1597
1.1628
1.1632
1.1653
1.1663
1.1666
1.1673
1.1678
1.1685
1.1737
1.1748
1.1751
1.1754
1.1765
1.1775
1.1791
1.1794
1.1796
1.1797
1.1814
1.1815
1.1860
1.1870
1.1877
1.1884
1.1904
1.1920
1.1921
1.1951
1.1958
1.1971
1.1996
1.2003
1.2003
1.2036
1.2050
1.2083
1.2100
1.2115
1.2140
1.2140
1.2145
1.2150
1.2151
1.2169
1.2172
1.2181
1.2203
1.2210
1.2227
1.2273
1.2278
1.2298
1.2304
1.2328
1.2338
1.2377
1.2417
1.2429
1.2434
1.2439
1.2443
1.2480
1.2505
1.2522
1.2597
1.2604
1.2613
1.2619
1.2651
1.2678
1.2687
1.2697
1.2698
1.2717
1.2727
1.2752
1.2764
1.2768
1.2778
1.2835
1.2840
1.2841
1.2865
1.2884
1.2886
1.2909
1.2927
1.2929
1.2930
1.2954
1.2961
1.2998
1.3005
1.3007
1.3064
1.3075
1.3100
1.3115
1.3118
1.3139
1.3140
1.3153
1.3163
1.3199
1.3211
1.3215
1.3218
1.3284
1.3297
1.3303
1.3364
1.3427
1.3444
1.3463
1.3484
1.3492
1.3493
1.3496
1.3500
1.3508
1.3522
1.3525
1.3528
1.3541
1.3636
1.3645
1.3667
1.3697
1.3698
1.3709
1.3716
1.3717
1.3742
1.3748
1.3749
1.3772
1.3789
1.3855
1.3880
1.3898
1.3934
1.3938
1.3944
1.3948
1.3950
1.3950
1.3968
1.3968
1.4004
1.4017
1.4024
1.4047
1.4050
1.4056
1.4071
1.4102
1.4105
1.4106
1.4117
1.4119
1.4132
1.4149
1.4150
1.4155
1.4155
1.4174
1.4187
1.4193
1.4266
1.4287
1.4321
1.4335
1.4341
1.4352
1.4405
1.4419
1.4429
1.4449
1.4464
1.4474
1.4476
1.4477
1.4525
1.4586
1.4588
1.4602
1.4634
1.4638
1.4642
1.4651
1.4659
1.4686
1.4739
1.4760
1.4772
1.4785
1.4816
1.4870
1.4894
1.4908
1.4962
1.5001
1.5053
1.5065
1.5065
1.5068
1.5076
1.5102
1.5118
1.5123
1.5137
1.5140
1.5153
1.5155
1.5160
1.5161
1.5169
1.5174
1.5182
1.5191
1.5241
1.5253
1.5269
1.5288
1.5342
1.5359
1.5360
1.5362
1.5366
1.5371
1.5374
1.5388
1.5455
1.5468
1.5479
1.5483
1.5485
1.5553
1.5576
1.5607
1.5619
1.5633
1.5671
1.5671
1.5689
1.5693
1.5695
1.5724
1.5761
1.5783
1.5793
1.5819
1.5826
1.5837
1.5845
1.5855
1.5864
1.5872
1.5913
1.5926
1.5946
1.5962
1.5964
1.5968
1.5996
1.6016
1.6030
1.6037
1.6042
1.6056
1.6075
1.6095
1.6105
1.6106
1.6123
1.6139
1.6147
1.6157
1.6164
1.6167
1.6179
1.6197
1.6200
1.6213
1.6251
1.6255
1.6321
1.6324
1.6339
1.6356
1.6366
1.6377
1.6388
1.6391
1.6410
1.6412
1.6415
1.6420
1.6458
1.6466
1.6489
1.6490
1.6530
1.6547
1.6601
1.6639
1.6681
1.6686
1.6706
1.6706
1.6723
1.6726
1.6738
1.6754
1.6767
1.6778
1.6795
1.6803
1.6808
1.6822
1.6832
1.6857
1.6858
1.6870
1.6873
1.6890
1.6890
1.6897
1.6911
1.6922
1.6923
1.6925
1.6933
1.6948
1.6952
1.6961
1.6969
1.6984
1.7019
1.7020
1.7041
1.7082
1.7106
1.7129
1.7136
1.7143
1.7149
1.7159
1.7174
1.7189
1.7202
1.7204
1.7209
1.7225
1.7237
1.7257
1.7258
1.7279
1.7292
1.7292
1.7314
1.7325
1.7390
1.7398
1.7441
1.7458
1.7478
1.7530
1.7543
1.7551
1.7589
1.7617
1.7637
1.7648
1.7655
1.7662
1.7666
1.7678
1.7686
1.7704
1.7709
1.7722
1.7724
1.7727
1.7750
1.7758
1.7764
1.7838
1.7854
1.7864
1.7874
1.7885
1.7885
1.7892
1.7909
1.7915
1.7933
1.7954
1.7961
1.7980
1.7988
1.8006
1.8018
1.8092
1.8108
1.8120
1.8132
1.8160
1.8169
1.8178
1.8226
1.8237
1.8249
1.8258
1.8320
1.8339
1.8358
1.8369
1.8387
1.8399
1.8401
1.8403
1.8417
1.8431
1.8466
1.8502
1.8511
1.8574
1.8577
1.8577
1.8587
1.8620
1.8628
1.8629
1.8633
1.8643
1.8647
1.8652
1.8660
1.8687
1.8713
1.8767
1.8802
1.8816
1.8849
1.8894
1.8905
1.8911
1.8947
1.8960
1.9010
1.9054
1.9068
1.9072
1.9076
1.9089
1.9116
1.9122
1.9139
1.9170
1.9198
1.9222
1.9250
1.9297
1.9313
1.9349
1.9359
1.9454
1.9455
1.9457
1.9496
1.9537
1.9566
1.9570
1.9577
1.9606
1.9613
1.9652
1.9680
1.9684
1.9701
1.9756
1.9778
1.9788
1.9829
1.9833
1.9905
1.9905
1.9928
1.9956
2.0072
2.0082
2.0139
2.0177
2.0207
2.0214
2.0236
2.0278
2.0323
2.0361
2.0408
2.0437
2.0465
2.0499
2.0504
2.0515
2.0541
2.0544
2.0564
2.0580
2.0612
2.0665
2.0675
2.0701
2.0754
2.0839
2.0882
2.0892
2.0921
2.0925
2.0927
2.0958
2.0973
2.0980
2.0999
2.1049
2.1064
2.1108
2.1158
2.1158
2.1196
2.1258
2.1292
2.1367
2.1378
2.1383
2.1408
2.1471
2.1479
2.1484
2.1512
2.1512
2.1564
2.1564
2.1586
2.1631
2.1636
2.1653
2.1710
2.1735
2.1784
2.1801
2.1860
2.1868
2.1892
2.1966
2.1967
2.1969
2.2013
2.2041
2.2063
2.2153
2.2263
2.2357
2.2364
2.2420
2.2523
2.2554
2.2569
2.2588
2.2651
2.2694
2.2753
2.2761
2.2783
2.2799
2.2807
2.2830
2.2853
2.2912
2.2934
2.2938
2.2947
2.2954
2.3023
2.3124
2.3131
2.3194
2.3267
2.3268
2.3344
2.3423
2.3431
2.3454
2.3470
2.3509
2.3580
2.3630
2.3633
2.3742
2.3796
2.3854
2.3962
2.3968
2.4047
2.4060
2.4082
2.4125
2.4322
2.4369
2.4379
2.4468
2.4493
2.4498
2.4502
2.4517
2.4617
2.4656
2.4687
2.4691
2.4694
2.4793
2.4796
2.4973
2.4993
2.5072
2.5261
2.5297
2.5301
2.5361
2.5406
2.5438
2.5469
2.5600
2.5725
2.5812
2.6028
2.6053
2.6091
2.6176
2.6196
2.6322
2.6380
2.6421
2.6462
2.6467
2.6498
2.6566
2.6739
2.6782
2.6832
2.6856
2.7090
2.7096
2.7149
2.7184
2.7252
2.7575
2.7609
2.7780
2.7820
2.7951
2.7952
2.8114
2.8175
2.8195
2.8198
2.8242
2.8257
2.8399
2.8759
2.8846
2.9025
2.9348
2.9476
2.9552
2.9597
2.9653
2.9669
2.9670
2.9727
2.9748
2.9775
2.9777
2.9873
2.9947
3.0039
3.0240
3.0410
3.0640
3.1188
3.1438
3.1533
3.1542
3.1829
3.2571
3.2785
3.2852
3.2984
3.3187
3.3831
3.4021
3.4345
3.4563
3.5311
3.5470
3.5505
3.5621
3.5633
3.6087
3.6378
3.6595
3.8183
