1000
1000
-1.4686,0.1941
-1.3765,0.1918
-1.1643,0.1520
-1.0213,0.1452
-0.9168,0.1409
-0.8356,0.1367
-0.7721,0.1330
-0.7204,0.1289
-0.6771,0.1247
-0.6402,0.1205
-0.6086,0.1172
-0.5811,0.1144
-0.5568,0.1119
-0.5350,0.1092
-0.5153,0.1067
-0.4974,0.1042
-0.4811,0.1018
-0.4661,0.0995
-0.4523,0.0973
-0.4396,0.0953
-0.4279,0.0935
-0.4170,0.0918
-0.4069,0.0901
-0.3975,0.0887
-0.3887,0.0873
-0.3804,0.0859
-0.3726,0.0846
-0.3652,0.0834
-0.3582,0.0822
-0.3515,0.0811
-0.3451,0.0799
-0.3391,0.0788
-0.3333,0.0777
-0.3277,0.0766
-0.3225,0.0756
-0.3174,0.0747
-0.3126,0.0737
-0.3080,0.0728
-0.3036,0.0719
-0.2993,0.0711
-0.2952,0.0703
-0.2913,0.0695
-0.2875,0.0688
-0.2839,0.0681
-0.2804,0.0674
-0.2770,0.0667
-0.2738,0.0661
-0.2706,0.0655
-0.2675,0.0649
-0.2646,0.0643
-0.2617,0.0637
-0.2589,0.0631
-0.2562,0.0626
-0.2536,0.0621
-0.2511,0.0615
-0.2486,0.0610
-0.2462,0.0605
-0.2439,0.0601
-0.2416,0.0596
-0.2394,0.0591
-0.2372,0.0587
-0.2351,0.0582
-0.2331,0.0578
-0.2311,0.0574
-0.2291,0.0570
-0.2272,0.0566
-0.2254,0.0563
-0.2236,0.0559
-0.2218,0.0555
-0.2201,0.0552
-0.2184,0.0548
-0.2167,0.0545
-0.2151,0.0541
-0.2135,0.0538
-0.2119,0.0535
-0.2104,0.0531
-0.2089,0.0528
-0.2075,0.0525
-0.2060,0.0522
-0.2046,0.0519
-0.2032,0.0516
-0.2019,0.0512
-0.2006,0.0510
-0.1993,0.0507
-0.1980,0.0504
-0.1967,0.0501
-0.1955,0.0499
-0.1943,0.0496
-0.1931,0.0493
-0.1920,0.0491
-0.1908,0.0488
-0.1897,0.0486
-0.1886,0.0484
-0.1875,0.0481
-0.1865,0.0479
-0.1854,0.0477
-0.1844,0.0474
-0.1834,0.0472
-0.1824,0.0470
-0.1814,0.0468
-0.1804,0.0465
-0.1794,0.0463
-0.1785,0.0461
-0.1776,0.0459
-0.1766,0.0456
-0.1757,0.0454
-0.1748,0.0452
-0.1740,0.0450
-0.1731,0.0448
-0.1722,0.0446
-0.1714,0.0444
-0.1705,0.0442
-0.1697,0.0440
-0.1689,0.0438
-0.1681,0.0435
-0.1673,0.0433
-0.1665,0.0431
-0.1657,0.0429
-0.1649,0.0427
-0.1642,0.0425
-0.1634,0.0423
-0.1627,0.0421
-0.1619,0.0419
-0.1612,0.0417
-0.1605,0.0416
-0.1598,0.0414
-0.1591,0.0412
-0.1584,0.0410
-0.1577,0.0408
-0.1570,0.0406
-0.1563,0.0405
-0.1557,0.0403
-0.1550,0.0401
-0.1544,0.0399
-0.1537,0.0398
-0.1531,0.0396
-0.1525,0.0394
-0.1518,0.0393
-0.1512,0.0391
-0.1506,0.0390
-0.1500,0.0388
-0.1494,0.0386
-0.1488,0.0385
-0.1483,0.0383
-0.1477,0.0382
-0.1471,0.0380
-0.1465,0.0379
-0.1460,0.0377
-0.1454,0.0376
-0.1449,0.0374
-0.1443,0.0373
-0.1438,0.0372
-0.1433,0.0370
-0.1428,0.0369
-0.1422,0.0368
-0.1417,0.0366
-0.1412,0.0365
-0.1407,0.0364
-0.1402,0.0362
-0.1397,0.0361
-0.1392,0.0360
-0.1387,0.0358
-0.1382,0.0357
-0.1377,0.0356
-0.1373,0.0355
-0.1368,0.0354
-0.1363,0.0352
-0.1359,0.0351
-0.1354,0.0350
-0.1349,0.0349
-0.1345,0.0347
-0.1340,0.0346
-0.1336,0.0345
-0.1331,0.0344
-0.1327,0.0343
-0.1323,0.0341
-0.1318,0.0340
-0.1314,0.0339
-0.1310,0.0338
-0.1305,0.0337
-0.1301,0.0336
-0.1297,0.0335
-0.1293,0.0334
-0.1289,0.0332
-0.1285,0.0331
-0.1281,0.0330
-0.1277,0.0329
-0.1273,0.0328
-0.1269,0.0327
-0.1265,0.0326
-0.1261,0.0325
-0.1258,0.0324
-0.1254,0.0323
-0.1250,0.0322
-0.1246,0.0321
-0.1242,0.0320
-0.1239,0.0319
-0.1235,0.0318
-0.1231,0.0317
-0.1228,0.0316
-0.1224,0.0315
-0.1220,0.0314
-0.1217,0.0313
-0.1213,0.0312
-0.1210,0.0311
-0.1206,0.0310
-0.1203,0.0309
-0.1199,0.0308
-0.1196,0.0307
-0.1192,0.0306
-0.1189,0.0305
-0.1185,0.0304
-0.1182,0.0303
-0.1179,0.0302
-0.1175,0.0301
-0.1172,0.0300
-0.1169,0.0299
-0.1166,0.0298
-0.1162,0.0297
-0.1159,0.0296
-0.1156,0.0295
-0.1153,0.0294
-0.1149,0.0294
-0.1146,0.0293
-0.1143,0.0292
-0.1140,0.0291
-0.1137,0.0290
-0.1134,0.0289
-0.1131,0.0288
-0.1128,0.0287
-0.1125,0.0286
-0.1122,0.0286
-0.1119,0.0285
-0.1116,0.0284
-0.1113,0.0283
-0.1110,0.0282
-0.1107,0.0281
-0.1104,0.0281
-0.1101,0.0280
-0.1098,0.0279
-0.1095,0.0278
-0.1092,0.0277
-0.1089,0.0277
-0.1086,0.0276
-0.1084,0.0275
-0.1081,0.0274
-0.1078,0.0273
-0.1075,0.0273
-0.1072,0.0272
-0.1070,0.0271
-0.1067,0.0270
-0.1064,0.0269
-0.1061,0.0268
-0.1059,0.0268
-0.1056,0.0267
-0.1053,0.0266
-0.1050,0.0265
-0.1048,0.0264
-0.1045,0.0264
-0.1042,0.0263
-0.1040,0.0262
-0.1037,0.0261
-0.1035,0.0261
-0.1032,0.0260
-0.1029,0.0259
-0.1027,0.0258
-0.1024,0.0258
-0.1022,0.0257
-0.1019,0.0256
-0.1017,0.0255
-0.1014,0.0255
-0.1012,0.0254
-0.1009,0.0253
-0.1007,0.0253
-0.1004,0.0252
-0.1002,0.0251
-0.0999,0.0250
-0.0997,0.0250
-0.0994,0.0249
-0.0992,0.0248
-0.0990,0.0248
-0.0987,0.0247
-0.0985,0.0246
-0.0982,0.0245
-0.0980,0.0245
-0.0978,0.0244
-0.0975,0.0243
-0.0973,0.0243
-0.0970,0.0242
-0.0968,0.0241
-0.0966,0.0241
-0.0963,0.0240
-0.0961,0.0239
-0.0959,0.0238
-0.0956,0.0238
-0.0954,0.0237
-0.0952,0.0236
-0.0950,0.0236
-0.0947,0.0235
-0.0945,0.0234
-0.0943,0.0234
-0.0940,0.0233
-0.0938,0.0232
-0.0936,0.0232
-0.0934,0.0231
-0.0931,0.0230
-0.0929,0.0230
-0.0927,0.0229
-0.0925,0.0228
-0.0923,0.0227
-0.0920,0.0227
-0.0918,0.0226
-0.0916,0.0225
-0.0914,0.0225
-0.0911,0.0224
-0.0909,0.0223
-0.0907,0.0223
-0.0905,0.0222
-0.0903,0.0221
-0.0901,0.0221
-0.0898,0.0220
-0.0896,0.0219
-0.0894,0.0219
-0.0892,0.0218
-0.0890,0.0217
-0.0888,0.0217
-0.0886,0.0216
-0.0884,0.0215
-0.0881,0.0215
-0.0879,0.0214
-0.0877,0.0213
-0.0875,0.0213
-0.0873,0.0212
-0.0871,0.0211
-0.0869,0.0211
-0.0867,0.0210
-0.0865,0.0210
-0.0863,0.0209
-0.0861,0.0208
-0.0859,0.0208
-0.0857,0.0207
-0.0855,0.0206
-0.0853,0.0206
-0.0851,0.0205
-0.0849,0.0205
-0.0847,0.0204
-0.0845,0.0203
-0.0843,0.0203
-0.0841,0.0202
-0.0839,0.0201
-0.0837,0.0201
-0.0835,0.0200
-0.0833,0.0200
-0.0831,0.0199
-0.0829,0.0198
-0.0827,0.0198
-0.0825,0.0197
-0.0823,0.0197
-0.0821,0.0196
-0.0819,0.0195
-0.0817,0.0195
-0.0815,0.0194
-0.0813,0.0194
-0.0811,0.0193
-0.0809,0.0192
-0.0807,0.0192
-0.0805,0.0191
-0.0803,0.0191
-0.0801,0.0190
-0.0799,0.0190
-0.0797,0.0189
-0.0796,0.0189
-0.0794,0.0188
-0.0792,0.0187
-0.0790,0.0187
-0.0788,0.0186
-0.0786,0.0186
-0.0784,0.0185
-0.0782,0.0185
-0.0781,0.0184
-0.0779,0.0184
-0.0777,0.0183
-0.0775,0.0183
-0.0773,0.0182
-0.0771,0.0182
-0.0769,0.0181
-0.0768,0.0181
-0.0766,0.0180
-0.0764,0.0180
-0.0762,0.0179
-0.0760,0.0179
-0.0758,0.0178
-0.0757,0.0178
-0.0755,0.0177
-0.0753,0.0177
-0.0751,0.0176
-0.0749,0.0176
-0.0747,0.0175
-0.0746,0.0175
-0.0744,0.0174
-0.0742,0.0173
-0.0740,0.0173
-0.0738,0.0172
-0.0736,0.0172
-0.0735,0.0171
-0.0733,0.0171
-0.0731,0.0170
-0.0729,0.0170
-0.0727,0.0169
-0.0726,0.0169
-0.0724,0.0168
-0.0722,0.0168
-0.0720,0.0167
-0.0718,0.0167
-0.0716,0.0166
-0.0715,0.0166
-0.0713,0.0165
-0.0711,0.0165
-0.0709,0.0164
-0.0707,0.0164
-0.0706,0.0163
-0.0704,0.0163
-0.0702,0.0162
-0.0700,0.0162
-0.0698,0.0161
-0.0697,0.0161
-0.0695,0.0160
-0.0693,0.0160
-0.0691,0.0159
-0.0690,0.0159
-0.0688,0.0158
-0.0686,0.0158
-0.0684,0.0157
-0.0682,0.0157
-0.0681,0.0156
-0.0679,0.0156
-0.0677,0.0155
-0.0675,0.0155
-0.0674,0.0154
-0.0672,0.0154
-0.0670,0.0153
-0.0668,0.0153
-0.0667,0.0153
-0.0665,0.0152
-0.0663,0.0152
-0.0661,0.0151
-0.0660,0.0151
-0.0658,0.0150
-0.0656,0.0150
-0.0654,0.0149
-0.0653,0.0149
-0.0651,0.0148
-0.0649,0.0148
-0.0648,0.0147
-0.0646,0.0147
-0.0644,0.0147
-0.0642,0.0146
-0.0641,0.0146
-0.0639,0.0145
-0.0637,0.0145
-0.0635,0.0144
-0.0634,0.0144
-0.0632,0.0143
-0.0630,0.0143
-0.0628,0.0142
-0.0627,0.0142
-0.0625,0.0141
-0.0623,0.0141
-0.0621,0.0140
-0.0620,0.0140
-0.0618,0.0139
-0.0616,0.0139
-0.0614,0.0138
-0.0613,0.0138
-0.0611,0.0137
-0.0609,0.0137
-0.0607,0.0136
-0.0606,0.0136
-0.0604,0.0135
-0.0602,0.0135
-0.0600,0.0134
-0.0599,0.0134
-0.0597,0.0133
-0.0595,0.0133
-0.0593,0.0132
-0.0592,0.0132
-0.0590,0.0131
-0.0588,0.0131
-0.0586,0.0130
-0.0584,0.0130
-0.0583,0.0129
-0.0581,0.0129
-0.0579,0.0128
-0.0577,0.0128
-0.0576,0.0127
-0.0574,0.0127
-0.0572,0.0126
-0.0570,0.0126
-0.0568,0.0125
-0.0567,0.0125
-0.0565,0.0124
-0.0563,0.0124
-0.0561,0.0123
-0.0559,0.0123
-0.0558,0.0122
-0.0556,0.0122
-0.0554,0.0121
-0.0552,0.0121
-0.0550,0.0120
-0.0549,0.0120
-0.0547,0.0119
-0.0545,0.0119
-0.0543,0.0118
-0.0541,0.0118
-0.0539,0.0117
-0.0538,0.0117
-0.0536,0.0116
-0.0534,0.0116
-0.0532,0.0115
-0.0530,0.0115
-0.0528,0.0114
-0.0527,0.0114
-0.0525,0.0113
-0.0523,0.0113
-0.0521,0.0112
-0.0519,0.0112
-0.0517,0.0111
-0.0515,0.0111
-0.0514,0.0110
-0.0512,0.0110
-0.0510,0.0109
-0.0508,0.0109
-0.0506,0.0108
-0.0504,0.0108
-0.0502,0.0107
-0.0501,0.0107
-0.0499,0.0106
-0.0497,0.0106
-0.0495,0.0105
-0.0493,0.0105
-0.0491,0.0104
-0.0489,0.0104
-0.0487,0.0103
-0.0485,0.0103
-0.0483,0.0102
-0.0482,0.0102
-0.0480,0.0101
-0.0478,0.0101
-0.0476,0.0100
-0.0474,0.0100
-0.0472,0.0099
-0.0470,0.0099
-0.0468,0.0098
-0.0466,0.0098
-0.0464,0.0097
-0.0462,0.0097
-0.0460,0.0097
-0.0459,0.0096
-0.0457,0.0096
-0.0455,0.0095
-0.0453,0.0095
-0.0451,0.0094
-0.0449,0.0094
-0.0447,0.0093
-0.0445,0.0093
-0.0443,0.0093
-0.0441,0.0092
-0.0439,0.0092
-0.0437,0.0091
-0.0435,0.0091
-0.0433,0.0090
-0.0431,0.0090
-0.0429,0.0089
-0.0427,0.0089
-0.0425,0.0089
-0.0423,0.0088
-0.0421,0.0088
-0.0419,0.0087
-0.0417,0.0087
-0.0415,0.0086
-0.0413,0.0086
-0.0410,0.0085
-0.0408,0.0085
-0.0406,0.0084
-0.0404,0.0084
-0.0402,0.0083
-0.0400,0.0083
-0.0398,0.0082
-0.0395,0.0082
-0.0393,0.0081
-0.0391,0.0081
-0.0389,0.0081
-0.0387,0.0080
-0.0384,0.0080
-0.0382,0.0079
-0.0380,0.0079
-0.0378,0.0078
-0.0376,0.0078
-0.0373,0.0077
-0.0371,0.0077
-0.0369,0.0076
-0.0366,0.0076
-0.0364,0.0075
-0.0362,0.0075
-0.0360,0.0074
-0.0357,0.0074
-0.0355,0.0073
-0.0353,0.0073
-0.0350,0.0072
-0.0348,0.0072
-0.0345,0.0071
-0.0343,0.0071
-0.0341,0.0070
-0.0338,0.0070
-0.0336,0.0069
-0.0333,0.0069
-0.0331,0.0068
-0.0328,0.0068
-0.0326,0.0067
-0.0323,0.0067
-0.0320,0.0066
-0.0318,0.0065
-0.0315,0.0065
-0.0313,0.0064
-0.0310,0.0064
-0.0307,0.0063
-0.0305,0.0063
-0.0302,0.0062
-0.0299,0.0062
-0.0296,0.0061
-0.0294,0.0061
-0.0291,0.0060
-0.0288,0.0060
-0.0285,0.0059
-0.0282,0.0059
-0.0279,0.0058
-0.0276,0.0057
-0.0273,0.0057
-0.0270,0.0056
-0.0267,0.0056
-0.0264,0.0055
-0.0261,0.0055
-0.0258,0.0054
-0.0254,0.0054
-0.0251,0.0053
-0.0248,0.0052
-0.0244,0.0052
-0.0241,0.0051
-0.0238,0.0050
-0.0234,0.0050
-0.0231,0.0049
-0.0227,0.0049
-0.0223,0.0048
-0.0220,0.0047
-0.0216,0.0047
-0.0212,0.0046
-0.0208,0.0045
-0.0204,0.0045
-0.0200,0.0044
-0.0196,0.0043
-0.0192,0.0043
-0.0188,0.0042
-0.0184,0.0041
-0.0179,0.0041
-0.0175,0.0040
-0.0170,0.0040
-0.0166,0.0039
-0.0161,0.0038
-0.0156,0.0038
-0.0151,0.0037
-0.0146,0.0037
-0.0141,0.0036
-0.0135,0.0035
-0.0129,0.0035
-0.0123,0.0034
-0.0117,0.0033
-0.0110,0.0032
-0.0103,0.0031
-0.0095,0.0030
-0.0087,0.0028
-0.0078,0.0027
0.0000,0.0000
0.0000,0.0000
0.0000,0.0000
0.0000,0.0000
0.0000,0.0000
0.0000,0.0000
0.0000,0.0000
0.0000,0.0000
0.0000,0.0000
0.0000,0.0000
0.0000,0.0000
0.0000,0.0000
0.0000,0.0000
0.0000,0.0000
0.0000,0.0000
0.0000,0.0000
0.0000,0.0000
0.0000,0.0000
0.0000,0.0000
0.0000,0.0000
0.0000,0.0000
0.0000,0.0000
0.0000,0.0000
0.0000,0.0000
0.0000,0.0000
0.0000,0.0000
0.0000,0.0000
0.0000,0.0000
0.0000,0.0000
0.0000,0.0000
0.0000,0.0000
0.0000,0.0000
0.0000,0.0000
0.0000,0.0000
0.0000,0.0000
0.0000,0.0000
0.0000,0.0000
0.0000,0.0000
0.0000,0.0000
0.0000,0.0000
0.0000,0.0000
0.0000,0.0000
0.0000,0.0000
0.0000,0.0000
0.0000,0.0000
0.0000,0.0000
0.0000,0.0000
0.0000,0.0000
0.0000,0.0000
0.0000,0.0000
0.0000,0.0000
0.0000,0.0000
0.0000,0.0000
0.0000,0.0000
0.0000,0.0000
0.0000,0.0000
0.0000,0.0000
0.0000,0.0000
0.0000,0.0000
0.0000,0.0000
0.0000,0.0000
0.0000,0.0000
0.0000,0.0000
0.0000,0.0000
0.0000,0.0000
0.0000,0.0000
0.0000,0.0000
0.0000,0.0000
0.0000,0.0000
0.0000,0.0000
0.0000,0.0000
0.0000,0.0000
0.0000,0.0000
0.0000,0.0000
0.0000,0.0000
0.0000,0.0000
0.0000,0.0000
0.0000,0.0000
0.0000,0.0000
0.0000,0.0000
0.0000,0.0000
0.0000,0.0000
0.0000,0.0000
0.0000,0.0000
0.0000,0.0000
0.0000,0.0000
0.0000,0.0000
0.0000,0.0000
0.0000,0.0000
0.0000,0.0000
0.0000,0.0000
0.0000,0.0000
0.0000,0.0000
0.0000,0.0000
0.0000,0.0000
0.0000,0.0000
0.0000,0.0000
0.0000,0.0000
0.0000,0.0000
0.0000,0.0000
0.0000,0.0000
0.0000,0.0000
0.0000,0.0000
0.0000,0.0000
0.0000,0.0000
0.0000,0.0000
0.0000,0.0000
0.0000,0.0000
0.0000,0.0000
0.0000,0.0000
0.0000,0.0000
0.0000,0.0000
0.0000,0.0000
0.0000,0.0000
0.0000,0.0000
0.0000,0.0000
0.0000,0.0000
0.0000,0.0000
0.0000,0.0000
0.0000,0.0000
0.0000,0.0000
0.0000,0.0000
0.0000,0.0000
0.0000,0.0000
0.0000,0.0000
0.0000,0.0000
0.0000,0.0000
0.0000,0.0000
0.0000,0.0000
0.0000,0.0000
0.0000,0.0000
0.0000,0.0000
0.0000,0.0000
0.0000,0.0000
0.0000,0.0000
0.0000,0.0000
0.0000,0.0000
0.0000,0.0000
0.0000,0.0000
0.0000,0.0000
0.0000,0.0000
0.0000,0.0000
0.0000,0.0000
0.0000,0.0000
0.0000,0.0000
0.0000,0.0000
0.0000,0.0000
0.0000,0.0000
0.0000,0.0000
0.0000,0.0000
0.0000,0.0000
0.0000,0.0000
0.0000,0.0000
0.0000,0.0000
0.0000,0.0000
0.0000,0.0000
0.0000,0.0000
0.0000,0.0000
0.0000,0.0000
0.0000,0.0000
0.0000,0.0000
0.0000,0.0000
0.0000,0.0000
0.0000,0.0000
0.0000,0.0000
0.0000,0.0000
0.0000,0.0000
0.0000,0.0000
0.0000,0.0000
0.0000,0.0000
0.0000,0.0000
0.0000,0.0000
0.0000,0.0000
0.0000,0.0000
0.0000,0.0000
0.0000,0.0000
0.0000,0.0000
0.0000,0.0000
0.0000,0.0000
0.0000,0.0000
0.0000,0.0000
0.0000,0.0000
0.0000,0.0000
0.0000,0.0000
0.0000,0.0000
0.0000,0.0000
0.0000,0.0000
0.0000,0.0000
0.0000,0.0000
0.0000,0.0000
0.0000,0.0000
0.0000,0.0000
0.0000,0.0000
0.0000,0.0000
0.0000,0.0000
0.0000,0.0000
0.0000,0.0000
0.0000,0.0000
0.0000,0.0000
0.0000,0.0000
0.0000,0.0000
0.0000,0.0000
0.0000,0.0000
0.0000,0.0000
0.0000,0.0000
0.0000,0.0000
0.0000,0.0000
0.0000,0.0000
0.0000,0.0000
0.0000,0.0000
0.0000,0.0000
0.0000,0.0000
0.0000,0.0000
0.0000,0.0000
0.0000,0.0000
0.0000,0.0000
0.0000,0.0000
0.0000,0.0000
0.0000,0.0000
0.0000,0.0000
0.0000,0.0000
0.0000,0.0000
0.0000,0.0000
0.0000,0.0000
0.0000,0.0000
0.0000,0.0000
0.0000,0.0000
0.0000,0.0000
0.0000,0.0000
0.0000,0.0000
0.0000,0.0000
0.0000,0.0000
0.0000,0.0000
0.0000,0.0000
0.0000,0.0000
0.0000,0.0000
0.0000,0.0000
0.0000,0.0000
0.0000,0.0000
0.0000,0.0000
0.0000,0.0000
0.0000,0.0000
0.0000,0.0000
0.0000,0.0000
0.0000,0.0000
0.0000,0.0000
0.0000,0.0000
0.0000,0.0000
0.0000,0.0000
0.0000,0.0000
0.0000,0.0000
0.0000,0.0000
0.0000,0.0000
0.0000,0.0000
0.0000,0.0000
0.0000,0.0000
0.0000,0.0000
0.0000,0.0000
0.0000,0.0000
0.0000,0.0000
0.0000,0.0000
0.0000,0.0000
0.0000,0.0000
0.0000,0.0000
0.0000,0.0000
0.0000,0.0000
0.0000,0.0000
0.0000,0.0000
0.0000,0.0000
0.0000,0.0000
0.0000,0.0000
0.0000,0.0000
0.0000,0.0000
0.0000,0.0000
0.0000,0.0000
0.0000,0.0000
0.0000,0.0000
0.0000,0.0000
0.0000,0.0000
0.0000,0.0000
0.0000,0.0000
0.0000,0.0000
0.0000,0.0000
0.0000,0.0000
0.0000,0.0000
0.0000,0.0000
0.0000,0.0000
0.0000,0.0000
0.0000,0.0000
0.0000,0.0000
0.0000,0.0000
0.0000,0.0000
0.0000,0.0000
0.0000,0.0000
0.0000,0.0000
0.0000,0.0000
0.0000,0.0000
0.0000,0.0000
0.0000,0.0000
0.0000,0.0000
0.0000,0.0000
0.0000,0.0000
0.0000,0.0000
0.0000,0.0000
0.0000,0.0000
0.0000,0.0000
0.0000,0.0000
0.0000,0.0000
0.0000,0.0000
0.0000,0.0000
0.0000,0.0000
0.0000,0.0000
0.0000,0.0000
0.0000,0.0000
0.0000,0.0000
0.0000,0.0000
0.0000,0.0000
0.0000,0.0000
0.0000,0.0000
-0.4016
-0.2956
-0.2691
-0.2123
-0.1469
-0.1264
-0.0878
-0.0578
-0.0524
0.0519
0.0723
0.0765
0.0882
0.0946
0.1021
0.1383
0.1397
0.1545
0.1834
0.1952
0.1987
0.2076
0.2137
0.2170
0.2245
0.2288
0.2453
0.2514
0.2639
0.2692
0.2704
0.2796
0.2871
0.2942
0.3079
0.3107
0.3363
0.3378
0.3407
0.3450
0.3533
0.3610
0.3692
0.3789
0.4170
0.4199
0.4282
0.4311
0.4324
0.4371
0.4376
0.4426
0.4430
0.4468
0.4546
0.4564
0.4571
0.4610
0.4613
0.4661
0.4773
0.4859
0.4896
0.4913
0.5050
0.5093
0.5167
0.5179
0.5182
0.5190
0.5304
0.5416
0.5555
0.5610
0.5668
0.5686
0.5713
0.5771
0.5859
0.5890
0.5927
0.5933
0.5994
0.6005
0.6059
0.6072
0.6072
0.6136
0.6165
0.6213
0.6214
0.6216
0.6239
0.6260
0.6433
0.6437
0.6446
0.6485
0.6527
0.6539
0.6562
0.6597
0.6626
0.6650
0.6656
0.6672
0.6713
0.6713
0.6750
0.6750
0.6762
0.6814
0.6819
0.6832
0.6974
0.6996
0.6996
0.7022
0.7033
0.7079
0.7090
0.7132
0.7165
0.7211
0.7298
0.7313
0.7317
0.7331
0.7354
0.7381
0.7386
0.7405
0.7417
0.7451
0.7460
0.7487
0.7502
0.7515
0.7521
0.7526
0.7528
0.7529
0.7590
0.7596
0.7598
0.7601
0.7672
0.7703
0.7737
0.7746
0.7801
0.7889
0.7890
0.7912
0.7924
0.7952
0.8020
0.8022
0.8046
0.8049
0.8049
0.8071
0.8073
0.8084
0.8086
0.8105
0.8138
0.8202
0.8210
0.8228
0.8234
0.8307
0.8330
0.8472
0.8502
0.8586
0.8592
0.8614
0.8644
0.8651
0.8664
0.8683
0.8684
0.8691
0.8735
0.8754
0.8789
0.8830
0.8851
0.8856
0.8933
0.8950
0.8951
0.8971
0.8971
0.8983
0.9033
0.9057
0.9076
0.9116
0.9202
0.9209
0.9212
0.9221
0.9242
0.9281
0.9296
0.9308
0.9319
0.9332
0.9344
0.9365
0.9368
0.9403
0.9408
0.9442
0.9450
0.9456
0.9518
0.9539
0.9565
0.9583
0.9587
0.9613
0.9643
0.9693
0.9697
0.9721
0.9736
0.9778
0.9782
0.9806
0.9826
0.9830
0.9832
0.9841
0.9880
0.9887
0.9916
0.9937
0.9985
0.9989
1.0010
1.0013
1.0045
1.0058
1.0067
1.0069
1.0094
1.0101
1.0123
1.0210
1.0215
1.0215
1.0221
1.0236
1.0245
1.0249
1.0257
1.0265
1.0284
1.0300
1.0302
1.0339
1.0377
1.0385
1.0394
1.0412
1.0469
1.0492
1.0500
1.0502
1.0508
1.0522
1.0527
1.0535
1.0592
1.0601
1.0637
1.0646
1.0669
1.0682
1.0687
1.0689
1.0709
1.0719
1.0729
1.0730
1.0741
1.0772
1.0790
1.0823
1.0829
1.0840
1.0870
1.0905
1.0928
1.0937
1.1000
1.1002
1.1011
1.1029
1.1072
1.1098
1.1117
1.1136
1.1157
1.1209
1.1262
1.1283
1.1317
1.1330
1.1337
1.1341
1.1348
1.1357
1.1357
1.1375
1.1378
1.1418
1.1458
1.1513
1.1556
1.1562
1.1562
1.1576
1.1604
1.1621
1.1639
1.1640
1.1649
1.1697
1.1707
1.1709
1.1746
1.1750
1.1809
1.1873
1.1877
1.1886
1.1889
1.1892
1.1894
1.1923
1.1949
1.1987
1.1987
1.2003
1.2034
1.2051
1.2064
1.2132
1.2183
1.2198
1.2199
1.2205
1.2215
1.2224
1.2224
1.2288
1.2306
1.2307
1.2423
1.2426
1.2433
1.2436
1.2448
1.2497
1.2514
1.2552
1.2584
1.2591
1.2592
1.2629
1.2733
1.2779
1.2821
1.2829
1.2859
1.2872
1.2873
1.2913
1.2931
1.2938
1.2945
1.3021
1.3027
1.3031
1.3036
1.3048
1.3059
1.3088
1.3095
1.3100
1.3110
1.3187
1.3277
1.3303
1.3312
1.3322
1.3328
1.3334
1.3339
1.3339
1.3383
1.3402
1.3404
1.3412
1.3427
1.3434
1.3457
1.3471
1.3477
1.3479
1.3520
1.3525
1.3532
1.3549
1.3552
1.3553
1.3682
1.3691
1.3706
1.3721
1.3731
1.3764
1.3793
1.3835
1.3848
1.3876
1.3890
1.3904
1.3906
1.3923
1.3929
1.3951
1.3958
1.3958
1.4014
1.4036
1.4099
1.4104
1.4119
1.4129
1.4169
1.4206
1.4263
1.4334
1.4386
1.4418
1.4441
1.4468
1.4470
1.4483
1.4490
1.4494
1.4500
1.4535
1.4536
1.4564
1.4592
1.4604
1.4608
1.4637
1.4648
1.4655
1.4683
1.4687
1.4700
1.4725
1.4780
1.4788
1.4794
1.4826
1.4896
1.4938
1.4971
1.5025
1.5034
1.5078
1.5095
1.5098
1.5107
1.5233
1.5245
1.5257
1.5262
1.5279
1.5313
1.5318
1.5330
1.5330
1.5349
1.5366
1.5444
1.5453
1.5460
1.5475
1.5480
1.5484
1.5510
1.5512
1.5572
1.5573
1.5574
1.5646
1.5673
1.5690
1.5743
1.5745
1.5861
1.5865
1.5877
1.5882
1.5920
1.5963
1.5970
1.5985
1.5987
1.5996
1.6010
1.6022
1.6036
1.6053
1.6054
1.6059
1.6129
1.6132
1.6142
1.6157
1.6169
1.6175
1.6206
1.6237
1.6245
1.6253
1.6254
1.6313
1.6320
1.6338
1.6369
1.6376
1.6456
1.6470
1.6472
1.6507
1.6515
1.6521
1.6629
1.6649
1.6717
1.6724
1.6728
1.6744
1.6762
1.6816
1.6833
1.6857
1.6890
1.6898
1.6909
1.6946
1.6947
1.7009
1.7010
1.7055
1.7080
1.7099
1.7109
1.7203
1.7213
1.7216
1.7226
1.7241
1.7248
1.7263
1.7268
1.7322
1.7328
1.7358
1.7367
1.7404
1.7423
1.7450
1.7456
1.7476
1.7509
1.7530
1.7530
1.7548
1.7600
1.7629
1.7639
1.7651
1.7742
1.7749
1.7769
1.7793
1.7797
1.7846
1.7854
1.7873
1.7884
1.7911
1.7958
1.7985
1.8007
1.8016
1.8072
1.8093
1.8192
1.8197
1.8233
1.8255
1.8275
1.8351
1.8356
1.8397
1.8415
1.8510
1.8515
1.8516
1.8552
1.8627
1.8674
1.8719
1.8727
1.8728
1.8775
1.8776
1.8803
1.8805
1.8810
1.8828
1.8834
1.8880
1.8885
1.8889
1.8897
1.8927
1.8948
1.8970
1.8984
1.8987
1.9025
1.9041
1.9047
1.9047
1.9070
1.9079
1.9082
1.9082
1.9091
1.9113
1.9119
1.9161
1.9175
1.9177
1.9179
1.9203
1.9296
1.9297
1.9313
1.9348
1.9400
1.9420
1.9428
1.9507
1.9605
1.9684
1.9692
1.9704
1.9705
1.9716
1.9787
1.9797
1.9831
1.9835
1.9859
1.9876
1.9937
1.9938
1.9948
1.9961
1.9968
1.9970
2.0037
2.0095
2.0096
2.0098
2.0133
2.0136
2.0154
2.0164
2.0191
2.0194
2.0203
2.0230
2.0231
2.0258
2.0287
2.0293
2.0312
2.0324
2.0348
2.0350
2.0378
2.0430
2.0487
2.0517
2.0625
2.0649
2.0677
2.0706
2.0750
2.0765
2.0782
2.0788
2.0788
2.0799
2.0868
2.0901
2.0920
2.0946
2.0962
2.0968
2.1048
2.1084
2.1088
2.1117
2.1122
2.1136
2.1140
2.1141
2.1171
2.1172
2.1180
2.1225
2.1243
2.1259
2.1306
2.1313
2.1314
2.1354
2.1394
2.1411
2.1421
2.1432
2.1461
2.1463
2.1512
2.1541
2.1544
2.1549
2.1593
2.1624
2.1686
2.1689
2.1752
2.1759
2.1799
2.1802
2.1803
2.1810
2.1843
2.1854
2.1872
2.1873
2.1877
2.1879
2.1896
2.1900
2.1951
2.2031
2.2155
2.2169
2.2195
2.2198
2.2210
2.2220
2.2240
2.2258
2.2266
2.2296
2.2397
2.2407
2.2455
2.2466
2.2549
2.2553
2.2598
2.2605
2.2682
2.2739
2.2826
2.2856
2.2894
2.2999
2.3006
2.3042
2.3059
2.3067
2.3097
2.3104
2.3130
2.3149
2.3178
2.3179
2.3206
2.3215
2.3235
2.3253
2.3333
2.3405
2.3501
2.3537
2.3676
2.3705
2.3713
2.3759
2.3770
2.3807
2.3825
2.3865
2.3880
2.3917
2.4029
2.4060
2.4132
2.4183
2.4236
2.4255
2.4294
2.4313
2.4356
2.4431
2.4452
2.4456
2.4475
2.4585
2.4634
2.4704
2.4732
2.4735
2.4768
2.4834
2.4849
2.4873
2.4881
2.4973
2.4995
2.5066
2.5100
2.5121
2.5238
2.5258
2.5262
2.5271
2.5332
2.5340
2.5443
2.5462
2.5560
2.5585
2.5783
2.5944
2.5955
2.5997
2.6010
2.6033
2.6077
2.6179
2.6181
2.6199
2.6216
2.6281
2.6307
2.6341
2.6375
2.6462
2.6464
2.6519
2.6536
2.6573
2.6679
2.6801
2.6876
2.6969
2.7034
2.7105
2.7182
2.7183
2.7184
2.7282
2.7282
2.7361
2.7410
2.7452
2.7482
2.7491
2.7571
2.7578
2.7595
2.7633
2.7647
2.7649
2.7651
2.7723
2.7889
2.7922
2.7955
2.8027
2.8053
2.8076
2.8147
2.8266
2.8343
2.8368
2.8488
2.8493
2.8526
2.8607
2.8768
2.8810
2.8992
2.9066
2.9140
2.9342
2.9381
2.9591
2.9878
2.9944
3.0216
3.0318
3.0438
3.0461
3.0935
3.1005
3.1080
3.1412
3.1448
3.1485
3.1552
3.1581
3.1658
3.1907
3.1920
3.2168
3.2169
3.2193
3.2204
3.2376
3.2565
3.2596
3.2604
3.2780
3.2915
3.2987
3.3279
3.3397
3.3403
3.3533
3.4011
3.4046
3.4230
3.4776
3.4940
3.4969
3.5102
3.5234
3.5250
3.5433
3.5533
3.5928
3.6107
3.6616
3.6657
3.6801
3.7192
3.7277
3.7548
3.7923
3.8294
3.8313
3.8438
3.8804
3.8839
3.9278
3.9560
3.9639
3.9875
4.1624
4.1854
4.2013
4.2232
4.3189
4.3827
4.4591
4.5404
6.0928
