1000
1000
-1.5841,0.1826
-1.4938,0.1817
-1.2737,0.1386
-1.1258,0.1374
-1.0163,0.1341
-0.9317,0.1307
-0.8646,0.1274
-0.8095,0.1246
-0.7635,0.1223
-0.7246,0.1202
-0.6910,0.1181
-0.6616,0.1163
-0.6355,0.1143
-0.6120,0.1125
-0.5908,0.1106
-0.5714,0.1085
-0.5537,0.1063
-0.5375,0.1042
-0.5224,0.1024
-0.5086,0.1006
-0.4957,0.0989
-0.4838,0.0973
-0.4726,0.0958
-0.4622,0.0944
-0.4524,0.0929
-0.4431,0.0916
-0.4344,0.0903
-0.4261,0.0890
-0.4183,0.0879
-0.4108,0.0868
-0.4037,0.0857
-0.3969,0.0846
-0.3903,0.0836
-0.3841,0.0826
-0.3782,0.0817
-0.3725,0.0808
-0.3670,0.0799
-0.3618,0.0791
-0.3568,0.0783
-0.3519,0.0774
-0.3473,0.0766
-0.3428,0.0759
-0.3384,0.0751
-0.3343,0.0744
-0.3302,0.0737
-0.3263,0.0730
-0.3226,0.0724
-0.3190,0.0718
-0.3154,0.0712
-0.3120,0.0706
-0.3087,0.0701
-0.3055,0.0695
-0.3024,0.0690
-0.2993,0.0684
-0.2963,0.0679
-0.2934,0.0673
-0.2906,0.0668
-0.2879,0.0663
-0.2852,0.0658
-0.2826,0.0653
-0.2801,0.0649
-0.2776,0.0644
-0.2752,0.0640
-0.2729,0.0636
-0.2706,0.0632
-0.2684,0.0628
-0.2662,0.0624
-0.2641,0.0620
-0.2621,0.0616
-0.2601,0.0613
-0.2581,0.0609
-0.2562,0.0606
-0.2543,0.0602
-0.2524,0.0599
-0.2506,0.0596
-0.2489,0.0593
-0.2471,0.0590
-0.2454,0.0586
-0.2438,0.0583
-0.2421,0.0580
-0.2405,0.0577
-0.2390,0.0574
-0.2374,0.0572
-0.2359,0.0569
-0.2344,0.0566
-0.2329,0.0563
-0.2315,0.0560
-0.2301,0.0558
-0.2287,0.0555
-0.2273,0.0553
-0.2260,0.0550
-0.2247,0.0547
-0.2234,0.0545
-0.2221,0.0542
-0.2208,0.0540
-0.2196,0.0537
-0.2183,0.0535
-0.2171,0.0532
-0.2159,0.0530
-0.2148,0.0527
-0.2136,0.0525
-0.2125,0.0522
-0.2113,0.0520
-0.2102,0.0518
-0.2092,0.0516
-0.2081,0.0513
-0.2070,0.0511
-0.2060,0.0509
-0.2050,0.0507
-0.2040,0.0504
-0.2030,0.0502
-0.2020,0.0500
-0.2010,0.0498
-0.2000,0.0496
-0.1991,0.0494
-0.1982,0.0492
-0.1973,0.0490
-0.1963,0.0488
-0.1955,0.0486
-0.1946,0.0484
-0.1937,0.0482
-0.1928,0.0480
-0.1920,0.0478
-0.1911,0.0477
-0.1903,0.0475
-0.1895,0.0473
-0.1887,0.0471
-0.1879,0.0469
-0.1871,0.0467
-0.1863,0.0466
-0.1855,0.0464
-0.1848,0.0462
-0.1840,0.0460
-0.1833,0.0459
-0.1825,0.0457
-0.1818,0.0455
-0.1811,0.0454
-0.1804,0.0452
-0.1797,0.0450
-0.1790,0.0449
-0.1783,0.0447
-0.1776,0.0446
-0.1769,0.0444
-0.1763,0.0443
-0.1756,0.0441
-0.1749,0.0439
-0.1743,0.0438
-0.1737,0.0437
-0.1730,0.0435
-0.1724,0.0434
-0.1718,0.0432
-0.1712,0.0431
-0.1706,0.0429
-0.1700,0.0428
-0.1694,0.0427
-0.1688,0.0426
-0.1682,0.0424
-0.1676,0.0423
-0.1671,0.0422
-0.1665,0.0420
-0.1660,0.0419
-0.1654,0.0418
-0.1649,0.0417
-0.1643,0.0415
-0.1638,0.0414
-0.1633,0.0413
-0.1627,0.0412
-0.1622,0.0411
-0.1617,0.0409
-0.1612,0.0408
-0.1607,0.0407
-0.1602,0.0406
-0.1597,0.0405
-0.1592,0.0404
-0.1587,0.0403
-0.1582,0.0402
-0.1577,0.0400
-0.1572,0.0399
-0.1568,0.0398
-0.1563,0.0397
-0.1558,0.0396
-0.1554,0.0395
-0.1549,0.0394
-0.1545,0.0393
-0.1540,0.0392
-0.1536,0.0391
-0.1531,0.0390
-0.1527,0.0389
-0.1522,0.0388
-0.1518,0.0387
-0.1514,0.0386
-0.1510,0.0385
-0.1505,0.0384
-0.1501,0.0383
-0.1497,0.0382
-0.1493,0.0381
-0.1489,0.0380
-0.1485,0.0379
-0.1481,0.0378
-0.1477,0.0377
-0.1473,0.0376
-0.1469,0.0375
-0.1465,0.0374
-0.1461,0.0374
-0.1457,0.0373
-0.1454,0.0372
-0.1450,0.0371
-0.1446,0.0370
-0.1442,0.0369
-0.1439,0.0369
-0.1435,0.0368
-0.1431,0.0367
-0.1428,0.0366
-0.1424,0.0365
-0.1421,0.0364
-0.1417,0.0364
-0.1414,0.0363
-0.1410,0.0362
-0.1407,0.0361
-0.1403,0.0360
-0.1400,0.0360
-0.1396,0.0359
-0.1393,0.0358
-0.1390,0.0357
-0.1386,0.0357
-0.1383,0.0356
-0.1380,0.0355
-0.1377,0.0354
-0.1373,0.0353
-0.1370,0.0353
-0.1367,0.0352
-0.1364,0.0351
-0.1361,0.0351
-0.1357,0.0350
-0.1354,0.0349
-0.1351,0.0348
-0.1348,0.0348
-0.1345,0.0347
-0.1342,0.0346
-0.1339,0.0346
-0.1336,0.0345
-0.1333,0.0344
-0.1330,0.0344
-0.1327,0.0343
-0.1324,0.0342
-0.1321,0.0342
-0.1318,0.0341
-0.1316,0.0340
-0.1313,0.0340
-0.1310,0.0339
-0.1307,0.0338
-0.1304,0.0338
-0.1302,0.0337
-0.1299,0.0336
-0.1296,0.0336
-0.1293,0.0335
-0.1291,0.0334
-0.1288,0.0334
-0.1285,0.0333
-0.1283,0.0333
-0.1280,0.0332
-0.1277,0.0331
-0.1275,0.0331
-0.1272,0.0330
-0.1270,0.0330
-0.1267,0.0329
-0.1264,0.0328
-0.1262,0.0328
-0.1259,0.0327
-0.1257,0.0327
-0.1254,0.0326
-0.1252,0.0326
-0.1249,0.0325
-0.1247,0.0325
-0.1245,0.0324
-0.1242,0.0323
-0.1240,0.0323
-0.1237,0.0322
-0.1235,0.0322
-0.1233,0.0321
-0.1230,0.0321
-0.1228,0.0320
-0.1226,0.0320
-0.1223,0.0319
-0.1221,0.0319
-0.1219,0.0318
-0.1216,0.0318
-0.1214,0.0317
-0.1212,0.0317
-0.1210,0.0316
-0.1207,0.0316
-0.1205,0.0315
-0.1203,0.0314
-0.1201,0.0314
-0.1199,0.0313
-0.1196,0.0313
-0.1194,0.0312
-0.1192,0.0312
-0.1190,0.0311
-0.1188,0.0311
-0.1186,0.0310
-0.1183,0.0310
-0.1181,0.0309
-0.1179,0.0309
-0.1177,0.0308
-0.1175,0.0308
-0.1173,0.0308
-0.1171,0.0307
-0.1169,0.0307
-0.1167,0.0306
-0.1165,0.0306
-0.1163,0.0305
-0.1161,0.0305
-0.1159,0.0304
-0.1157,0.0304
-0.1155,0.0303
-0.1153,0.0303
-0.1151,0.0302
-0.1149,0.0302
-0.1147,0.0301
-0.1145,0.0301
-0.1143,0.0301
-0.1141,0.0300
-0.1140,0.0300
-0.1138,0.0299
-0.1136,0.0299
-0.1134,0.0298
-0.1132,0.0298
-0.1130,0.0298
-0.1128,0.0297
-0.1127,0.0297
-0.1125,0.0296
-0.1123,0.0296
-0.1121,0.0295
-0.1119,0.0295
-0.1118,0.0295
-0.1116,0.0294
-0.1114,0.0294
-0.1112,0.0293
-0.1111,0.0293
-0.1109,0.0293
-0.1107,0.0292
-0.1105,0.0292
-0.1104,0.0291
-0.1102,0.0291
-0.1100,0.0290
-0.1098,0.0290
-0.1097,0.0290
-0.1095,0.0289
-0.1093,0.0289
-0.1092,0.0288
-0.1090,0.0288
-0.1088,0.0288
-0.1087,0.0287
-0.1085,0.0287
-0.1083,0.0286
-0.1082,0.0286
-0.1080,0.0286
-0.1078,0.0285
-0.1077,0.0285
-0.1075,0.0284
-0.1074,0.0284
-0.1072,0.0284
-0.1070,0.0283
-0.1069,0.0283
-0.1067,0.0283
-0.1066,0.0282
-0.1064,0.0282
-0.1063,0.0281
-0.1061,0.0281
-0.1059,0.0281
-0.1058,0.0280
-0.1056,0.0280
-0.1055,0.0279
-0.1053,0.0279
-0.1052,0.0279
-0.1050,0.0278
-0.1049,0.0278
-0.1047,0.0278
-0.1046,0.0277
-0.1044,0.0277
-0.1043,0.0276
-0.1041,0.0276
-0.1040,0.0276
-0.1038,0.0275
-0.1037,0.0275
-0.1035,0.0275
-0.1034,0.0274
-0.1033,0.0274
-0.1031,0.0273
-0.1030,0.0273
-0.1028,0.0273
-0.1027,0.0272
-0.1025,0.0272
-0.1024,0.0272
-0.1023,0.0271
-0.1021,0.0271
-0.1020,0.0271
-0.1018,0.0270
-0.1017,0.0270
-0.1016,0.0270
-0.1014,0.0269
-0.1013,0.0269
-0.1012,0.0269
-0.1010,0.0268
-0.1009,0.0268
-0.1007,0.0268
-0.1006,0.0267
-0.1005,0.0267
-0.1003,0.0267
-0.1002,0.0266
-0.1001,0.0266
-0.0999,0.0266
-0.0998,0.0265
-0.0997,0.0265
-0.0995,0.0264
-0.0994,0.0264
-0.0993,0.0264
-0.0992,0.0263
-0.0990,0.0263
-0.0989,0.0263
-0.0988,0.0262
-0.0986,0.0262
-0.0985,0.0262
-0.0984,0.0261
-0.0982,0.0261
-0.0981,0.0261
-0.0980,0.0260
-0.0979,0.0260
-0.0977,0.0260
-0.0976,0.0259
-0.0975,0.0259
-0.0974,0.0259
-0.0972,0.0258
-0.0971,0.0258
-0.0970,0.0258
-0.0969,0.0257
-0.0967,0.0257
-0.0966,0.0257
-0.0965,0.0256
-0.0964,0.0256
-0.0963,0.0256
-0.0961,0.0255
-0.0960,0.0255
-0.0959,0.0255
-0.0958,0.0255
-0.0957,0.0254
-0.0955,0.0254
-0.0954,0.0254
-0.0953,0.0253
-0.0952,0.0253
-0.0951,0.0253
-0.0949,0.0252
-0.0948,0.0252
-0.0947,0.0252
-0.0946,0.0251
-0.0945,0.0251
-0.0944,0.0251
-0.0942,0.0250
-0.0941,0.0250
-0.0940,0.0250
-0.0939,0.0249
-0.0938,0.0249
-0.0937,0.0249
-0.0936,0.0249
-0.0934,0.0248
-0.0933,0.0248
-0.0932,0.0248
-0.0931,0.0247
-0.0930,0.0247
-0.0929,0.0247
-0.0928,0.0246
-0.0927,0.0246
-0.0926,0.0246
-0.0924,0.0246
-0.0923,0.0245
-0.0922,0.0245
-0.0921,0.0245
-0.0920,0.0244
-0.0919,0.0244
-0.0918,0.0244
-0.0917,0.0243
-0.0916,0.0243
-0.0915,0.0243
-0.0914,0.0243
-0.0913,0.0242
-0.0912,0.0242
-0.0911,0.0242
-0.0910,0.0242
-0.0908,0.0241
-0.0907,0.0241
-0.0906,0.0241
-0.0905,0.0240
-0.0904,0.0240
-0.0903,0.0240
-0.0902,0.0240
-0.0901,0.0239
-0.0900,0.0239
-0.0899,0.0239
-0.0898,0.0238
-0.0897,0.0238
-0.0896,0.0238
-0.0895,0.0238
-0.0894,0.0237
-0.0893,0.0237
-0.0892,0.0237
-0.0891,0.0237
-0.0890,0.0236
-0.0889,0.0236
-0.0888,0.0236
-0.0887,0.0236
-0.0886,0.0235
-0.0885,0.0235
-0.0884,0.0235
-0.0883,0.0234
-0.0882,0.0234
-0.0882,0.0234
-0.0881,0.0234
-0.0880,0.0233
-0.0879,0.0233
-0.0878,0.0233
-0.0877,0.0233
-0.0876,0.0232
-0.0875,0.0232
-0.0874,0.0232
-0.0873,0.0232
-0.0872,0.0231
-0.0871,0.0231
-0.0870,0.0231
-0.0869,0.0231
-0.0868,0.0230
-0.0867,0.0230
-0.0867,0.0230
-0.0866,0.0230
-0.0865,0.0229
-0.0864,0.0229
-0.0863,0.0229
-0.0862,0.0228
-0.0861,0.0228
-0.0860,0.0228
-0.0859,0.0228
-0.0858,0.0227
-0.0857,0.0227
-0.0857,0.0227
-0.0856,0.0227
-0.0855,0.0227
-0.0854,0.0226
-0.0853,0.0226
-0.0852,0.0226
-0.0851,0.0226
-0.0850,0.0225
-0.0850,0.0225
-0.0849,0.0225
-0.0848,0.0225
-0.0847,0.0224
-0.0846,0.0224
-0.0845,0.0224
-0.0844,0.0224
-0.0844,0.0223
-0.0843,0.0223
-0.0842,0.0223
-0.0841,0.0223
-0.0840,0.0222
-0.0839,0.0222
-0.0838,0.0222
-0.0838,0.0222
-0.0837,0.0221
-0.0836,0.0221
-0.0835,0.0221
-0.0834,0.0221
-0.0833,0.0220
-0.0833,0.0220
-0.0832,0.0220
-0.0831,0.0220
-0.0830,0.0219
-0.0829,0.0219
-0.0828,0.0219
-0.0828,0.0219
-0.0827,0.0218
-0.0826,0.0218
-0.0825,0.0218
-0.0824,0.0218
-0.0824,0.0218
-0.0823,0.0217
-0.0822,0.0217
-0.0821,0.0217
-0.0820,0.0217
-0.0820,0.0216
-0.0819,0.0216
-0.0818,0.0216
-0.0817,0.0216
-0.0817,0.0215
-0.0816,0.0215
-0.0815,0.0215
-0.0814,0.0215
-0.0813,0.0215
-0.0813,0.0214
-0.0812,0.0214
-0.0811,0.0214
-0.0810,0.0214
-0.0810,0.0213
-0.0809,0.0213
-0.0808,0.0213
-0.0807,0.0213
-0.0806,0.0213
-0.0806,0.0212
-0.0805,0.0212
-0.0804,0.0212
-0.0803,0.0212
-0.0803,0.0212
-0.0802,0.0211
-0.0801,0.0211
-0.0800,0.0211
-0.0800,0.0211
-0.0799,0.0210
-0.0798,0.0210
-0.0797,0.0210
-0.0797,0.0210
-0.0796,0.0210
-0.0795,0.0209
-0.0795,0.0209
-0.0794,0.0209
-0.0793,0.0209
-0.0792,0.0209
-0.0792,0.0208
-0.0791,0.0208
-0.0790,0.0208
-0.0789,0.0208
-0.0789,0.0208
-0.0788,0.0207
-0.0787,0.0207
-0.0787,0.0207
-0.0786,0.0207
-0.0785,0.0207
-0.0785,0.0206
-0.0784,0.0206
-0.0783,0.0206
-0.0782,0.0206
-0.0782,0.0206
-0.0781,0.0205
-0.0780,0.0205
-0.0780,0.0205
-0.0779,0.0205
-0.0778,0.0205
-0.0778,0.0204
-0.0777,0.0204
-0.0776,0.0204
-0.0775,0.0204
-0.0775,0.0204
-0.0774,0.0203
-0.0773,0.0203
-0.0773,0.0203
-0.0772,0.0203
-0.0771,0.0203
-0.0771,0.0203
-0.0770,0.0202
-0.0769,0.0202
-0.0769,0.0202
-0.0768,0.0202
-0.0767,0.0202
-0.0767,0.0201
-0.0766,0.0201
-0.0765,0.0201
-0.0765,0.0201
-0.0764,0.0201
-0.0763,0.0200
-0.0763,0.0200
-0.0762,0.0200
-0.0761,0.0200
-0.0761,0.0200
-0.0760,0.0200
-0.0759,0.0199
-0.0759,0.0199
-0.0758,0.0199
-0.0758,0.0199
-0.0757,0.0199
-0.0756,0.0198
-0.0756,0.0198
-0.0755,0.0198
-0.0754,0.0198
-0.0754,0.0198
-0.0753,0.0198
-0.0752,0.0197
-0.0752,0.0197
-0.0751,0.0197
-0.0751,0.0197
-0.0750,0.0197
-0.0749,0.0196
-0.0749,0.0196
-0.0748,0.0196
-0.0747,0.0196
-0.0747,0.0196
-0.0746,0.0196
-0.0746,0.0195
-0.0745,0.0195
-0.0744,0.0195
-0.0744,0.0195
-0.0743,0.0195
-0.0742,0.0195
-0.0742,0.0194
-0.0741,0.0194
-0.0741,0.0194
-0.0740,0.0194
-0.0739,0.0194
-0.0739,0.0193
-0.0738,0.0193
-0.0738,0.0193
-0.0737,0.0193
-0.0736,0.0193
-0.0736,0.0193
-0.0735,0.0192
-0.0734,0.0192
-0.0734,0.0192
-0.0733,0.0192
-0.0733,0.0192
-0.0732,0.0192
-0.0732,0.0191
-0.0731,0.0191
-0.0730,0.0191
-0.0730,0.0191
-0.0729,0.0191
-0.0729,0.0191
-0.0728,0.0190
-0.0727,0.0190
-0.0727,0.0190
-0.0726,0.0190
-0.0726,0.0190
-0.0725,0.0189
-0.0724,0.0189
-0.0724,0.0189
-0.0723,0.0189
-0.0723,0.0189
-0.0722,0.0189
-0.0722,0.0188
-0.0721,0.0188
-0.0720,0.0188
-0.0720,0.0188
-0.0719,0.0188
-0.0719,0.0188
-0.0718,0.0187
-0.0718,0.0187
-0.0717,0.0187
-0.0716,0.0187
-0.0716,0.0187
-0.0715,0.0187
-0.0715,0.0186
-0.0714,0.0186
-0.0714,0.0186
-0.0713,0.0186
-0.0712,0.0186
-0.0712,0.0186
-0.0711,0.0185
-0.0711,0.0185
-0.0710,0.0185
-0.0710,0.0185
-0.0709,0.0185
-0.0709,0.0185
-0.0708,0.0184
-0.0707,0.0184
-0.0707,0.0184
-0.0706,0.0184
-0.0706,0.0184
-0.0705,0.0184
-0.0705,0.0183
-0.0704,0.0183
-0.0704,0.0183
-0.0703,0.0183
-0.0702,0.0183
-0.0702,0.0183
-0.0701,0.0183
-0.0701,0.0182
-0.0700,0.0182
-0.0700,0.0182
-0.0699,0.0182
-0.0699,0.0182
-0.0698,0.0182
-0.0698,0.0181
-0.0697,0.0181
-0.0697,0.0181
-0.0696,0.0181
-0.0695,0.0181
-0.0695,0.0181
-0.0694,0.0180
-0.0694,0.0180
-0.0693,0.0180
-0.0693,0.0180
-0.0692,0.0180
-0.0692,0.0180
-0.0691,0.0179
-0.0691,0.0179
-0.0690,0.0179
-0.0690,0.0179
-0.0689,0.0179
-0.0689,0.0179
-0.0688,0.0179
-0.0688,0.0178
-0.0687,0.0178
-0.0687,0.0178
-0.0686,0.0178
-0.0685,0.0178
-0.0685,0.0178
-0.0684,0.0177
-0.0684,0.0177
-0.0683,0.0177
-0.0683,0.0177
-0.0682,0.0177
-0.0682,0.0177
-0.0681,0.0176
-0.0681,0.0176
-0.0680,0.0176
-0.0680,0.0176
-0.0679,0.0176
-0.0679,0.0176
-0.0678,0.0176
-0.0678,0.0175
-0.0677,0.0175
-0.0677,0.0175
-0.0676,0.0175
-0.0676,0.0175
-0.0675,0.0175
-0.0675,0.0174
-0.0674,0.0174
-0.0674,0.0174
-0.0673,0.0174
-0.0673,0.0174
-0.0672,0.0174
-0.0672,0.0174
-0.0671,0.0173
-0.0671,0.0173
-0.0670,0.0173
-0.0670,0.0173
-0.0669,0.0173
-0.0669,0.0173
-0.0668,0.0172
-0.0668,0.0172
-0.0667,0.0172
-0.0667,0.0172
-0.0667,0.0172
-0.0666,0.0172
-0.0666,0.0172
-0.0665,0.0171
-0.0665,0.0171
-0.0664,0.0171
-0.0664,0.0171
-0.0663,0.0171
-0.0663,0.0171
-0.0662,0.0171
-0.0662,0.0170
-0.0661,0.0170
-0.0661,0.0170
-0.0660,0.0170
-0.0660,0.0170
-0.0659,0.0170
-0.0659,0.0169
-0.0658,0.0169
-0.0658,0.0169
-0.0657,0.0169
-0.0657,0.0169
-0.0657,0.0169
-0.0656,0.0169
-0.0656,0.0168
-0.0655,0.0168
-0.0655,0.0168
-0.0654,0.0168
-0.0654,0.0168
-0.0653,0.0168
-0.0653,0.0168
-0.0652,0.0167
-0.0652,0.0167
-0.0651,0.0167
-0.0651,0.0167
-0.0650,0.0167
-0.0650,0.0167
-0.0650,0.0167
-0.0649,0.0166
-0.0649,0.0166
-0.0648,0.0166
-0.0648,0.0166
-0.0647,0.0166
-0.0647,0.0166
-0.0646,0.0166
-0.0646,0.0165
-0.0645,0.0165
-0.0645,0.0165
-0.0645,0.0165
-0.0644,0.0165
-0.0644,0.0165
-0.0643,0.0164
-0.0643,0.0164
-0.0642,0.0164
-0.0642,0.0164
-0.0641,0.0164
-0.0641,0.0164
-0.0641,0.0164
-0.0640,0.0163
-0.0640,0.0163
-0.0639,0.0163
-0.0639,0.0163
-0.0638,0.0163
-0.0638,0.0163
-0.0637,0.0163
-0.0637,0.0163
-0.0637,0.0162
-0.0636,0.0162
-0.0636,0.0162
-0.0635,0.0162
-0.0635,0.0162
-0.0634,0.0162
-0.0634,0.0162
-0.0634,0.0161
-0.0633,0.0161
-0.0633,0.0161
-0.0632,0.0161
-0.0632,0.0161
-0.0631,0.0161
-0.0631,0.0161
-0.0630,0.0160
-0.0630,0.0160
-0.0630,0.0160
-0.0629,0.0160
-0.0629,0.0160
-0.0628,0.0160
-0.0628,0.0160
-0.0627,0.0159
-0.0627,0.0159
-0.0627,0.0159
-0.0626,0.0159
-0.0626,0.0159
-0.0625,0.0159
-0.0625,0.0159
-0.0625,0.0158
-0.0624,0.0158
-0.0624,0.0158
-0.0623,0.0158
-0.0623,0.0158
-0.0622,0.0158
-0.0622,0.0158
-0.0622,0.0157
-0.0621,0.0157
-0.0621,0.0157
-0.0620,0.0157
-0.0620,0.0157
-0.0620,0.0157
-0.0619,0.0157
-0.0619,0.0157
-0.0618,0.0156
-0.0618,0.0156
-0.0617,0.0156
-0.0617,0.0156
-0.0617,0.0156
-0.0616,0.0156
-0.0616,0.0156
-0.0615,0.0156
-0.0615,0.0155
-0.0615,0.0155
-0.0614,0.0155
-0.0614,0.0155
-0.0613,0.0155
-0.0613,0.0155
-0.0613,0.0155
-0.0612,0.0154
-0.0612,0.0154
-0.0611,0.0154
-0.0611,0.0154
-0.0611,0.0154
-0.0610,0.0154
-0.0610,0.0154
-0.0609,0.0154
-0.0609,0.0153
-0.0609,0.0153
-0.0608,0.0153
-0.0608,0.0153
-0.0607,0.0153
-0.0607,0.0153
-0.0607,0.0153
-0.0606,0.0153
-0.0606,0.0152
-0.0605,0.0152
-0.0605,0.0152
-0.0605,0.0152
-0.0604,0.0152
-0.0604,0.0152
-0.0603,0.0152
-0.0603,0.0152
-0.0603,0.0151
-0.0602,0.0151
-0.0602,0.0151
-0.0601,0.0151
-0.0601,0.0151
-0.0601,0.0151
-0.0600,0.0151
-0.0600,0.0151
-0.0600,0.0150
-0.0599,0.0150
-0.0599,0.0150
-0.0598,0.0150
-0.0598,0.0150
-0.0598,0.0150
-0.0597,0.0150
-0.0597,0.0150
-0.2606
-0.2279
-0.2058
-0.1760
-0.1487
-0.1433
-0.0554
-0.0512
0.0153
0.0708
0.1199
0.1240
0.1322
0.1392
0.1472
0.1538
0.1556
0.1569
0.1745
0.1812
0.1953
0.2146
0.2275
0.2383
0.2507
0.2607
0.2690
0.2714
0.2749
0.2828
0.2855
0.2857
0.3050
0.3075
0.3374
0.3434
0.3547
0.3606
0.3621
0.3729
0.3765
0.3806
0.3857
0.3937
0.4047
0.4096
0.4209
0.4371
0.4432
0.4442
0.4446
0.4446
0.4457
0.4474
0.4504
0.4511
0.4569
0.4629
0.4636
0.4756
0.4802
0.4806
0.4819
0.4827
0.4907
0.4908
0.5014
0.5096
0.5153
0.5168
0.5226
0.5229
0.5241
0.5294
0.5346
0.5396
0.5439
0.5442
0.5456
0.5510
0.5604
0.5613
0.5624
0.5625
0.5647
0.5690
0.5822
0.5858
0.5862
0.5871
0.5975
0.5983
0.6055
0.6102
0.6113
0.6135
0.6166
0.6197
0.6220
0.6244
0.6281
0.6491
0.6534
0.6554
0.6555
0.6569
0.6587
0.6609
0.6684
0.6691
0.6720
0.6812
0.6842
0.6848
0.6851
0.6888
0.6907
0.6942
0.6947
0.7002
0.7012
0.7014
0.7060
0.7068
0.7090
0.7091
0.7107
0.7111
0.7183
0.7203
0.7278
0.7315
0.7381
0.7391
0.7432
0.7436
0.7454
0.7471
0.7477
0.7497
0.7525
0.7527
0.7590
0.7600
0.7601
0.7630
0.7648
0.7666
0.7692
0.7722
0.7730
0.7784
0.7818
0.7839
0.7852
0.7904
0.7910
0.7928
0.7944
0.7957
0.7987
0.7993
0.7993
0.7994
0.8009
0.8021
0.8062
0.8090
0.8119
0.8160
0.8173
0.8204
0.8206
0.8210
0.8219
0.8229
0.8258
0.8264
0.8273
0.8282
0.8324
0.8331
0.8362
0.8364
0.8370
0.8379
0.8396
0.8397
0.8420
0.8435
0.8484
0.8491
0.8495
0.8496
0.8526
0.8533
0.8542
0.8548
0.8613
0.8614
0.8617
0.8638
0.8641
0.8683
0.8707
0.8723
0.8736
0.8739
0.8752
0.8761
0.8783
0.8791
0.8791
0.8802
0.8865
0.8938
0.8983
0.8990
0.9010
0.9016
0.9026
0.9065
0.9091
0.9110
0.9166
0.9172
0.9175
0.9203
0.9209
0.9214
0.9227
0.9253
0.9268
0.9276
0.9282
0.9301
0.9378
0.9384
0.9416
0.9434
0.9440
0.9469
0.9488
0.9502
0.9521
0.9533
0.9586
0.9663
0.9678
0.9700
0.9703
0.9707
0.9719
0.9769
0.9812
0.9818
0.9818
0.9819
0.9827
0.9833
0.9835
0.9837
0.9851
0.9852
0.9861
0.9885
0.9918
0.9928
0.9959
0.9990
0.9998
1.0016
1.0018
1.0019
1.0036
1.0051
1.0055
1.0070
1.0073
1.0131
1.0134
1.0161
1.0166
1.0210
1.0221
1.0239
1.0319
1.0351
1.0370
1.0370
1.0377
1.0377
1.0395
1.0453
1.0475
1.0489
1.0499
1.0506
1.0509
1.0512
1.0527
1.0582
1.0629
1.0637
1.0690
1.0697
1.0716
1.0749
1.0758
1.0762
1.0765
1.0767
1.0786
1.0788
1.0789
1.0812
1.0820
1.0821
1.0832
1.0883
1.0885
1.0901
1.0961
1.1030
1.1077
1.1089
1.1096
1.1113
1.1114
1.1128
1.1131
1.1145
1.1146
1.1148
1.1159
1.1173
1.1185
1.1194
1.1199
1.1232
1.1235
1.1264
1.1277
1.1302
1.1315
1.1351
1.1364
1.1374
1.1396
1.1432
1.1440
1.1450
1.1479
1.1483
1.1492
1.1492
1.1513
1.1541
1.1542
1.1547
1.1549
1.1576
1.1616
1.1625
1.1637
1.1643
1.1649
1.1665
1.1668
1.1670
1.1675
1.1676
1.1738
1.1763
1.1783
1.1805
1.1810
1.1824
1.1839
1.1848
1.1873
1.1951
1.1953
1.1955
1.1956
1.1972
1.1981
1.1981
1.1988
1.1988
1.2023
1.2050
1.2103
1.2110
1.2133
1.2148
1.2157
1.2164
1.2166
1.2177
1.2178
1.2182
1.2294
1.2311
1.2331
1.2338
1.2372
1.2413
1.2455
1.2458
1.2463
1.2485
1.2493
1.2494
1.2495
1.2504
1.2525
1.2549
1.2578
1.2624
1.2624
1.2625
1.2635
1.2649
1.2649
1.2686
1.2686
1.2694
1.2705
1.2715
1.2742
1.2746
1.2750
1.2762
1.2768
1.2848
1.2863
1.2866
1.2871
1.2884
1.2909
1.2912
1.2943
1.2963
1.2967
1.3016
1.3018
1.3020
1.3053
1.3058
1.3059
1.3180
1.3188
1.3200
1.3209
1.3225
1.3235
1.3245
1.3251
1.3256
1.3327
1.3355
1.3357
1.3381
1.3446
1.3456
1.3463
1.3490
1.3499
1.3541
1.3550
1.3558
1.3569
1.3572
1.3573
1.3602
1.3626
1.3632
1.3634
1.3648
1.3651
1.3655
1.3696
1.3718
1.3721
1.3732
1.3752
1.3761
1.3764
1.3765
1.3792
1.3793
1.3801
1.3819
1.3819
1.3822
1.3839
1.3867
1.3875
1.3922
1.3927
1.3941
1.3958
1.3972
1.3987
1.3991
1.4002
1.4011
1.4032
1.4035
1.4039
1.4041
1.4054
1.4057
1.4070
1.4076
1.4079
1.4097
1.4130
1.4173
1.4217
1.4237
1.4252
1.4299
1.4304
1.4331
1.4334
1.4375
1.4394
1.4394
1.4400
1.4409
1.4423
1.4462
1.4463
1.4474
1.4498
1.4503
1.4521
1.4540
1.4544
1.4612
1.4617
1.4628
1.4634
1.4681
1.4698
1.4698
1.4699
1.4708
1.4732
1.4743
1.4752
1.4753
1.4838
1.4866
1.4875
1.4934
1.4947
1.4951
1.4953
1.4975
1.4980
1.4996
1.5015
1.5058
1.5087
1.5100
1.5156
1.5183
1.5221
1.5225
1.5259
1.5271
1.5299
1.5306
1.5347
1.5362
1.5367
1.5377
1.5383
1.5384
1.5472
1.5472
1.5475
1.5489
1.5528
1.5535
1.5546
1.5552
1.5624
1.5638
1.5673
1.5673
1.5714
1.5765
1.5769
1.5775
1.5798
1.5836
1.5852
1.5855
1.5947
1.5979
1.6000
1.6056
1.6060
1.6081
1.6141
1.6179
1.6226
1.6229
1.6230
1.6283
1.6292
1.6301
1.6360
1.6379
1.6384
1.6411
1.6420
1.6441
1.6441
1.6459
1.6467
1.6477
1.6478
1.6510
1.6588
1.6613
1.6631
1.6634
1.6662
1.6702
1.6710
1.6736
1.6744
1.6777
1.6791
1.6799
1.6828
1.6831
1.6881
1.6916
1.6932
1.6933
1.6963
1.7015
1.7027
1.7049
1.7069
1.7091
1.7140
1.7155
1.7162
1.7185
1.7186
1.7241
1.7303
1.7341
1.7357
1.7358
1.7372
1.7386
1.7399
1.7417
1.7429
1.7466
1.7487
1.7573
1.7584
1.7591
1.7595
1.7596
1.7615
1.7634
1.7651
1.7692
1.7737
1.7844
1.7851
1.7865
1.7875
1.7877
1.7907
1.7910
1.7924
1.7935
1.7946
1.8015
1.8050
1.8065
1.8089
1.8117
1.8130
1.8134
1.8153
1.8154
1.8190
1.8240
1.8260
1.8275
1.8337
1.8365
1.8367
1.8386
1.8387
1.8401
1.8428
1.8446
1.8458
1.8488
1.8499
1.8516
1.8536
1.8563
1.8570
1.8572
1.8640
1.8643
1.8643
1.8671
1.8682
1.8701
1.8718
1.8723
1.8726
1.8726
1.8729
1.8755
1.8762
1.8780
1.8781
1.8808
1.8849
1.8865
1.8924
1.8955
1.9038
1.9052
1.9068
1.9095
1.9159
1.9171
1.9183
1.9238
1.9246
1.9265
1.9288
1.9323
1.9372
1.9408
1.9444
1.9445
1.9454
1.9460
1.9467
1.9493
1.9530
1.9554
1.9565
1.9601
1.9605
1.9645
1.9699
1.9716
1.9788
1.9816
1.9885
1.9963
1.9963
1.9987
2.0013
2.0015
2.0026
2.0051
2.0051
2.0062
2.0070
2.0084
2.0087
2.0180
2.0204
2.0213
2.0243
2.0247
2.0274
2.0278
2.0305
2.0406
2.0406
2.0409
2.0422
2.0437
2.0453
2.0470
2.0557
2.0588
2.0614
2.0621
2.0654
2.0673
2.0691
2.0733
2.0758
2.0767
2.0848
2.0879
2.0935
2.0941
2.0942
2.1014
2.1023
2.1183
2.1265
2.1325
2.1400
2.1437
2.1440
2.1526
2.1546
2.1655
2.1764
2.1792
2.1821
2.1882
2.1884
2.1898
2.1908
2.1982
2.2000
2.2040
2.2042
2.2125
2.2143
2.2182
2.2185
2.2201
2.2326
2.2350
2.2479
2.2505
2.2505
2.2547
2.2553
2.2577
2.2607
2.2628
2.2721
2.2748
2.2823
2.2828
2.2956
2.2966
2.2973
2.2982
2.3048
2.3056
2.3061
2.3079
2.3117
2.3118
2.3168
2.3236
2.3320
2.3357
2.3377
2.3381
2.3466
2.3553
2.3581
2.3588
2.3692
2.3732
2.3758
2.3765
2.3875
2.3878
2.3898
2.4043
2.4083
2.4085
2.4087
2.4091
2.4187
2.4228
2.4252
2.4291
2.4352
2.4354
2.4370
2.4530
2.4583
2.4590
2.4631
2.4644
2.4724
2.4741
2.4903
2.4944
2.5023
2.5090
2.5204
2.5208
2.5220
2.5229
2.5230
2.5237
2.5371
2.5376
2.5427
2.5438
2.5484
2.5505
2.5570
2.5583
2.5606
2.5619
2.5649
2.5657
2.5711
2.5712
2.5718
2.5734
2.5746
2.6001
2.6104
2.6208
2.6235
2.6366
2.6484
2.6597
2.6617
2.6647
2.6723
2.6728
2.6788
2.6858
2.6887
2.6954
2.7097
2.7222
2.7420
2.7807
2.7860
2.7977
2.8006
2.8032
2.8037
2.8229
2.8238
2.8258
2.8417
2.8423
2.8461
2.8497
2.8547
2.8714
2.8722
2.8723
2.8893
2.8980
2.9179
2.9322
2.9376
2.9388
2.9432
2.9669
2.9799
2.9856
3.0007
3.0178
3.0219
3.0413
3.0834
3.1094
3.1145
3.1181
3.1338
3.1338
3.1345
3.1393
3.1420
3.1614
3.1812
3.1983
3.2057
3.2509
3.2838
3.3039
3.3703
3.3989
3.4237
3.4249
3.4287
3.5944
3.6925
3.9117
4.0443
4.7296
