1000
1000
-1.7047,0.1985
-1.6078,0.1994
-1.3848,0.1523
-1.2322,0.1432
-1.1191,0.1387
-1.0323,0.1367
-0.9637,0.1351
-0.9075,0.1339
-0.8603,0.1321
-0.8198,0.1297
-0.7847,0.1276
-0.7539,0.1254
-0.7263,0.1233
-0.7015,0.1214
-0.6789,0.1192
-0.6582,0.1170
-0.6391,0.1145
-0.6214,0.1122
-0.6051,0.1099
-0.5898,0.1077
-0.5757,0.1057
-0.5625,0.1038
-0.5501,0.1019
-0.5384,0.1001
-0.5274,0.0984
-0.5171,0.0969
-0.5073,0.0954
-0.4981,0.0940
-0.4893,0.0927
-0.4810,0.0914
-0.4731,0.0902
-0.4656,0.0891
-0.4585,0.0880
-0.4517,0.0871
-0.4452,0.0861
-0.4389,0.0852
-0.4329,0.0844
-0.4271,0.0835
-0.4216,0.0827
-0.4163,0.0820
-0.4112,0.0813
-0.4063,0.0806
-0.4016,0.0800
-0.3970,0.0794
-0.3925,0.0788
-0.3883,0.0782
-0.3841,0.0777
-0.3801,0.0771
-0.3762,0.0766
-0.3724,0.0761
-0.3687,0.0755
-0.3651,0.0750
-0.3616,0.0745
-0.3582,0.0739
-0.3549,0.0734
-0.3517,0.0730
-0.3486,0.0725
-0.3456,0.0721
-0.3426,0.0716
-0.3397,0.0712
-0.3369,0.0708
-0.3341,0.0704
-0.3314,0.0700
-0.3288,0.0695
-0.3262,0.0691
-0.3237,0.0687
-0.3212,0.0683
-0.3188,0.0680
-0.3165,0.0676
-0.3142,0.0672
-0.3119,0.0668
-0.3097,0.0665
-0.3075,0.0661
-0.3054,0.0658
-0.3033,0.0654
-0.3013,0.0651
-0.2993,0.0648
-0.2973,0.0645
-0.2954,0.0642
-0.2935,0.0639
-0.2917,0.0636
-0.2899,0.0633
-0.2881,0.0630
-0.2863,0.0627
-0.2846,0.0624
-0.2829,0.0621
-0.2813,0.0619
-0.2797,0.0616
-0.2780,0.0613
-0.2765,0.0610
-0.2749,0.0607
-0.2734,0.0605
-0.2719,0.0602
-0.2704,0.0599
-0.2689,0.0597
-0.2675,0.0594
-0.2661,0.0591
-0.2647,0.0589
-0.2633,0.0586
-0.2619,0.0584
-0.2606,0.0581
-0.2593,0.0579
-0.2580,0.0576
-0.2567,0.0574
-0.2554,0.0572
-0.2541,0.0569
-0.2529,0.0567
-0.2516,0.0565
-0.2504,0.0562
-0.2492,0.0560
-0.2481,0.0558
-0.2469,0.0556
-0.2457,0.0554
-0.2446,0.0552
-0.2435,0.0550
-0.2424,0.0547
-0.2413,0.0545
-0.2402,0.0543
-0.2391,0.0541
-0.2381,0.0539
-0.2370,0.0537
-0.2360,0.0535
-0.2350,0.0533
-0.2340,0.0532
-0.2330,0.0530
-0.2320,0.0528
-0.2310,0.0526
-0.2301,0.0524
-0.2291,0.0522
-0.2282,0.0521
-0.2273,0.0519
-0.2263,0.0517
-0.2254,0.0515
-0.2245,0.0514
-0.2236,0.0512
-0.2228,0.0510
-0.2219,0.0509
-0.2210,0.0507
-0.2202,0.0505
-0.2193,0.0503
-0.2185,0.0502
-0.2177,0.0500
-0.2168,0.0499
-0.2160,0.0497
-0.2152,0.0495
-0.2144,0.0494
-0.2136,0.0492
-0.2129,0.0491
-0.2121,0.0490
-0.2113,0.0488
-0.2106,0.0487
-0.2099,0.0485
-0.2091,0.0484
-0.2084,0.0483
-0.2077,0.0481
-0.2070,0.0480
-0.2063,0.0479
-0.2056,0.0477
-0.2049,0.0476
-0.2042,0.0475
-0.2035,0.0474
-0.2028,0.0472
-0.2022,0.0471
-0.2015,0.0470
-0.2009,0.0469
-0.2002,0.0467
-0.1996,0.0466
-0.1989,0.0465
-0.1983,0.0464
-0.1976,0.0463
-0.1970,0.0461
-0.1964,0.0460
-0.1958,0.0459
-0.1952,0.0458
-0.1946,0.0457
-0.1940,0.0456
-0.1934,0.0454
-0.1928,0.0453
-0.1922,0.0452
-0.1917,0.0451
-0.1911,0.0450
-0.1905,0.0449
-0.1900,0.0448
-0.1894,0.0446
-0.1888,0.0445
-0.1883,0.0444
-0.1878,0.0443
-0.1872,0.0442
-0.1867,0.0441
-0.1861,0.0440
-0.1856,0.0439
-0.1851,0.0438
-0.1846,0.0437
-0.1841,0.0436
-0.1836,0.0435
-0.1830,0.0434
-0.1825,0.0433
-0.1820,0.0432
-0.1816,0.0431
-0.1811,0.0430
-0.1806,0.0429
-0.1801,0.0428
-0.1796,0.0427
-0.1791,0.0426
-0.1787,0.0425
-0.1782,0.0424
-0.1777,0.0423
-0.1773,0.0422
-0.1768,0.0421
-0.1764,0.0420
-0.1759,0.0419
-0.1755,0.0418
-0.1750,0.0418
-0.1746,0.0417
-0.1741,0.0416
-0.1737,0.0415
-0.1733,0.0414
-0.1728,0.0413
-0.1724,0.0412
-0.1720,0.0411
-0.1716,0.0411
-0.1711,0.0410
-0.1707,0.0409
-0.1703,0.0408
-0.1699,0.0407
-0.1695,0.0407
-0.1691,0.0406
-0.1687,0.0405
-0.1683,0.0404
-0.1679,0.0403
-0.1675,0.0403
-0.1671,0.0402
-0.1668,0.0401
-0.1664,0.0401
-0.1660,0.0400
-0.1656,0.0399
-0.1652,0.0398
-0.1649,0.0398
-0.1645,0.0397
-0.1641,0.0396
-0.1638,0.0396
-0.1634,0.0395
-0.1630,0.0394
-0.1627,0.0393
-0.1623,0.0393
-0.1620,0.0392
-0.1616,0.0391
-0.1613,0.0391
-0.1609,0.0390
-0.1606,0.0389
-0.1602,0.0389
-0.1599,0.0388
-0.1596,0.0387
-0.1592,0.0387
-0.1589,0.0386
-0.1586,0.0385
-0.1582,0.0385
-0.1579,0.0384
-0.1576,0.0383
-0.1572,0.0383
-0.1569,0.0382
-0.1566,0.0382
-0.1563,0.0381
-0.1560,0.0380
-0.1556,0.0380
-0.1553,0.0379
-0.1550,0.0378
-0.1547,0.0378
-0.1544,0.0377
-0.1541,0.0376
-0.1538,0.0376
-0.1535,0.0375
-0.1532,0.0375
-0.1529,0.0374
-0.1526,0.0373
-0.1523,0.0373
-0.1520,0.0372
-0.1517,0.0372
-0.1514,0.0371
-0.1511,0.0370
-0.1508,0.0370
-0.1505,0.0369
-0.1502,0.0369
-0.1499,0.0368
-0.1497,0.0367
-0.1494,0.0367
-0.1491,0.0366
-0.1488,0.0366
-0.1485,0.0365
-0.1483,0.0365
-0.1480,0.0364
-0.1477,0.0363
-0.1474,0.0363
-0.1472,0.0362
-0.1469,0.0362
-0.1466,0.0361
-0.1464,0.0361
-0.1461,0.0360
-0.1458,0.0359
-0.1456,0.0359
-0.1453,0.0358
-0.1451,0.0358
-0.1448,0.0357
-0.1445,0.0357
-0.1443,0.0356
-0.1440,0.0356
-0.1438,0.0355
-0.1435,0.0354
-0.1433,0.0354
-0.1430,0.0353
-0.1428,0.0353
-0.1425,0.0352
-0.1423,0.0352
-0.1420,0.0351
-0.1418,0.0351
-0.1415,0.0350
-0.1413,0.0350
-0.1411,0.0349
-0.1408,0.0349
-0.1406,0.0348
-0.1403,0.0347
-0.1401,0.0347
-0.1399,0.0346
-0.1396,0.0346
-0.1394,0.0345
-0.1392,0.0345
-0.1389,0.0344
-0.1387,0.0344
-0.1385,0.0343
-0.1383,0.0343
-0.1380,0.0342
-0.1378,0.0342
-0.1376,0.0341
-0.1374,0.0341
-0.1371,0.0341
-0.1369,0.0340
-0.1367,0.0340
-0.1365,0.0339
-0.1363,0.0339
-0.1360,0.0338
-0.1358,0.0338
-0.1356,0.0337
-0.1354,0.0337
-0.1352,0.0336
-0.1350,0.0336
-0.1348,0.0335
-0.1345,0.0335
-0.1343,0.0334
-0.1341,0.0334
-0.1339,0.0333
-0.1337,0.0333
-0.1335,0.0332
-0.1333,0.0332
-0.1331,0.0331
-0.1329,0.0331
-0.1327,0.0330
-0.1325,0.0330
-0.1323,0.0329
-0.1321,0.0329
-0.1319,0.0328
-0.1317,0.0328
-0.1315,0.0327
-0.1313,0.0327
-0.1311,0.0327
-0.1309,0.0326
-0.1307,0.0326
-0.1305,0.0325
-0.1303,0.0325
-0.1301,0.0324
-0.1299,0.0324
-0.1297,0.0323
-0.1295,0.0323
-0.1293,0.0322
-0.1292,0.0322
-0.1290,0.0322
-0.1288,0.0321
-0.1286,0.0321
-0.1284,0.0320
-0.1282,0.0320
-0.1280,0.0319
-0.1279,0.0319
-0.1277,0.0319
-0.1275,0.0318
-0.1273,0.0318
-0.1271,0.0317
-0.1269,0.0317
-0.1268,0.0316
-0.1266,0.0316
-0.1264,0.0316
-0.1262,0.0315
-0.1261,0.0315
-0.1259,0.0314
-0.1257,0.0314
-0.1255,0.0313
-0.1254,0.0313
-0.1252,0.0313
-0.1250,0.0312
-0.1248,0.0312
-0.1247,0.0311
-0.1245,0.0311
-0.1243,0.0311
-0.1242,0.0310
-0.1240,0.0310
-0.1238,0.0309
-0.1237,0.0309
-0.1235,0.0309
-0.1233,0.0308
-0.1232,0.0308
-0.1230,0.0308
-0.1228,0.0307
-0.1227,0.0307
-0.1225,0.0306
-0.1224,0.0306
-0.1222,0.0306
-0.1220,0.0305
-0.1219,0.0305
-0.1217,0.0305
-0.1216,0.0304
-0.1214,0.0304
-0.1212,0.0303
-0.1211,0.0303
-0.1209,0.0303
-0.1208,0.0302
-0.1206,0.0302
-0.1204,0.0302
-0.1203,0.0301
-0.1201,0.0301
-0.1200,0.0301
-0.1198,0.0300
-0.1197,0.0300
-0.1195,0.0299
-0.1194,0.0299
-0.1192,0.0299
-0.1191,0.0298
-0.1189,0.0298
-0.1188,0.0298
-0.1186,0.0297
-0.1185,0.0297
-0.1183,0.0297
-0.1182,0.0296
-0.1180,0.0296
-0.1179,0.0296
-0.1177,0.0295
-0.1176,0.0295
-0.1175,0.0295
-0.1173,0.0294
-0.1172,0.0294
-0.1170,0.0294
-0.1169,0.0293
-0.1167,0.0293
-0.1166,0.0293
-0.1165,0.0292
-0.1163,0.0292
-0.1162,0.0292
-0.1160,0.0292
-0.1159,0.0291
-0.1158,0.0291
-0.1156,0.0291
-0.1155,0.0290
-0.1153,0.0290
-0.1152,0.0290
-0.1151,0.0289
-0.1149,0.0289
-0.1148,0.0289
-0.1147,0.0288
-0.1145,0.0288
-0.1144,0.0288
-0.1143,0.0287
-0.1141,0.0287
-0.1140,0.0287
-0.1139,0.0286
-0.1137,0.0286
-0.1136,0.0286
-0.1135,0.0286
-0.1133,0.0285
-0.1132,0.0285
-0.1131,0.0285
-0.1129,0.0284
-0.1128,0.0284
-0.1127,0.0284
-0.1126,0.0283
-0.1124,0.0283
-0.1123,0.0283
-0.1122,0.0283
-0.1120,0.0282
-0.1119,0.0282
-0.1118,0.0282
-0.1117,0.0281
-0.1115,0.0281
-0.1114,0.0281
-0.1113,0.0281
-0.1112,0.0280
-0.1110,0.0280
-0.1109,0.0280
-0.1108,0.0279
-0.1107,0.0279
-0.1105,0.0279
-0.1104,0.0278
-0.1103,0.0278
-0.1102,0.0278
-0.1101,0.0278
-0.1099,0.0277
-0.1098,0.0277
-0.1097,0.0277
-0.1096,0.0277
-0.1095,0.0276
-0.1093,0.0276
-0.1092,0.0276
-0.1091,0.0275
-0.1090,0.0275
-0.1089,0.0275
-0.1087,0.0275
-0.1086,0.0274
-0.1085,0.0274
-0.1084,0.0274
-0.1083,0.0274
-0.1082,0.0273
-0.1081,0.0273
-0.1079,0.0273
-0.1078,0.0272
-0.1077,0.0272
-0.1076,0.0272
-0.1075,0.0272
-0.1074,0.0271
-0.1073,0.0271
-0.1071,0.0271
-0.1070,0.0271
-0.1069,0.0270
-0.1068,0.0270
-0.1067,0.0270
-0.1066,0.0270
-0.1065,0.0269
-0.1064,0.0269
-0.1063,0.0269
-0.1061,0.0269
-0.1060,0.0268
-0.1059,0.0268
-0.1058,0.0268
-0.1057,0.0268
-0.1056,0.0267
-0.1055,0.0267
-0.1054,0.0267
-0.1053,0.0267
-0.1052,0.0266
-0.1051,0.0266
-0.1050,0.0266
-0.1049,0.0266
-0.1048,0.0265
-0.1046,0.0265
-0.1045,0.0265
-0.1044,0.0265
-0.1043,0.0264
-0.1042,0.0264
-0.1041,0.0264
-0.1040,0.0264
-0.1039,0.0263
-0.1038,0.0263
-0.1037,0.0263
-0.1036,0.0263
-0.1035,0.0262
-0.1034,0.0262
-0.1033,0.0262
-0.1032,0.0262
-0.1031,0.0262
-0.1030,0.0261
-0.1029,0.0261
-0.1028,0.0261
-0.1027,0.0261
-0.1026,0.0260
-0.1025,0.0260
-0.1024,0.0260
-0.1023,0.0260
-0.1022,0.0259
-0.1021,0.0259
-0.1020,0.0259
-0.1019,0.0259
-0.1018,0.0258
-0.1017,0.0258
-0.1016,0.0258
-0.1015,0.0258
-0.1014,0.0258
-0.1013,0.0257
-0.1012,0.0257
-0.1011,0.0257
-0.1011,0.0257
-0.1010,0.0256
-0.1009,0.0256
-0.1008,0.0256
-0.1007,0.0256
-0.1006,0.0256
-0.1005,0.0255
-0.1004,0.0255
-0.1003,0.0255
-0.1002,0.0255
-0.1001,0.0254
-0.1000,0.0254
-0.0999,0.0254
-0.0998,0.0254
-0.0997,0.0254
-0.0997,0.0253
-0.0996,0.0253
-0.0995,0.0253
-0.0994,0.0253
-0.0993,0.0253
-0.0992,0.0252
-0.0991,0.0252
-0.0990,0.0252
-0.0989,0.0252
-0.0988,0.0251
-0.0988,0.0251
-0.0987,0.0251
-0.0986,0.0251
-0.0985,0.0251
-0.0984,0.0250
-0.0983,0.0250
-0.0982,0.0250
-0.0981,0.0250
-0.0980,0.0250
-0.0980,0.0249
-0.0979,0.0249
-0.0978,0.0249
-0.0977,0.0249
-0.0976,0.0249
-0.0975,0.0248
-0.0974,0.0248
-0.0974,0.0248
-0.0973,0.0248
-0.0972,0.0248
-0.0971,0.0247
-0.0970,0.0247
-0.0969,0.0247
-0.0968,0.0247
-0.0968,0.0247
-0.0967,0.0246
-0.0966,0.0246
-0.0965,0.0246
-0.0964,0.0246
-0.0963,0.0246
-0.0963,0.0245
-0.0962,0.0245
-0.0961,0.0245
-0.0960,0.0245
-0.0959,0.0245
-0.0959,0.0245
-0.0958,0.0244
-0.0957,0.0244
-0.0956,0.0244
-0.0955,0.0244
-0.0954,0.0244
-0.0954,0.0243
-0.0953,0.0243
-0.0952,0.0243
-0.0951,0.0243
-0.0950,0.0243
-0.0950,0.0242
-0.0949,0.0242
-0.0948,0.0242
-0.0947,0.0242
-0.0946,0.0242
-0.0946,0.0242
-0.0945,0.0241
-0.0944,0.0241
-0.0943,0.0241
-0.0943,0.0241
-0.0942,0.0241
-0.0941,0.0241
-0.0940,0.0240
-0.0939,0.0240
-0.0939,0.0240
-0.0938,0.0240
-0.0937,0.0240
-0.0936,0.0239
-0.0936,0.0239
-0.0935,0.0239
-0.0934,0.0239
-0.0933,0.0239
-0.0933,0.0239
-0.0932,0.0238
-0.0931,0.0238
-0.0930,0.0238
-0.0929,0.0238
-0.0929,0.0238
-0.0928,0.0238
-0.0927,0.0237
-0.0926,0.0237
-0.0926,0.0237
-0.0925,0.0237
-0.0924,0.0237
-0.0924,0.0237
-0.0923,0.0236
-0.0922,0.0236
-0.0921,0.0236
-0.0921,0.0236
-0.0920,0.0236
-0.0919,0.0236
-0.0918,0.0235
-0.0918,0.0235
-0.0917,0.0235
-0.0916,0.0235
-0.0915,0.0235
-0.0915,0.0235
-0.0914,0.0234
-0.0913,0.0234
-0.0913,0.0234
-0.0912,0.0234
-0.0911,0.0234
-0.0910,0.0234
-0.0910,0.0233
-0.0909,0.0233
-0.0908,0.0233
-0.0908,0.0233
-0.0907,0.0233
-0.0906,0.0233
-0.0905,0.0232
-0.0905,0.0232
-0.0904,0.0232
-0.0903,0.0232
-0.0903,0.0232
-0.0902,0.0232
-0.0901,0.0231
-0.0901,0.0231
-0.0900,0.0231
-0.0899,0.0231
-0.0898,0.0231
-0.0898,0.0231
-0.0897,0.0230
-0.0896,0.0230
-0.0896,0.0230
-0.0895,0.0230
-0.0894,0.0230
-0.0894,0.0230
-0.0893,0.0230
-0.0892,0.0229
-0.0892,0.0229
-0.0891,0.0229
-0.0890,0.0229
-0.0890,0.0229
-0.0889,0.0229
-0.0888,0.0228
-0.0888,0.0228
-0.0887,0.0228
-0.0886,0.0228
-0.0886,0.0228
-0.0885,0.0228
-0.0884,0.0227
-0.0884,0.0227
-0.0883,0.0227
-0.0882,0.0227
-0.0882,0.0227
-0.0881,0.0227
-0.0880,0.0226
-0.0880,0.0226
-0.0879,0.0226
-0.0878,0.0226
-0.0878,0.0226
-0.0877,0.0226
-0.0876,0.0226
-0.0876,0.0225
-0.0875,0.0225
-0.0874,0.0225
-0.0874,0.0225
-0.0873,0.0225
-0.0873,0.0225
-0.0872,0.0224
-0.0871,0.0224
-0.0871,0.0224
-0.0870,0.0224
-0.0869,0.0224
-0.0869,0.0224
-0.0868,0.0224
-0.0867,0.0223
-0.0867,0.0223
-0.0866,0.0223
-0.0866,0.0223
-0.0865,0.0223
-0.0864,0.0223
-0.0864,0.0222
-0.0863,0.0222
-0.0862,0.0222
-0.0862,0.0222
-0.0861,0.0222
-0.0861,0.0222
-0.0860,0.0222
-0.0859,0.0221
-0.0859,0.0221
-0.0858,0.0221
-0.0858,0.0221
-0.0857,0.0221
-0.0856,0.0221
-0.0856,0.0221
-0.0855,0.0220
-0.0855,0.0220
-0.0854,0.0220
-0.0853,0.0220
-0.0853,0.0220
-0.0852,0.0220
-0.0852,0.0220
-0.0851,0.0219
-0.0850,0.0219
-0.0850,0.0219
-0.0849,0.0219
-0.0849,0.0219
-0.0848,0.0219
-0.0847,0.0219
-0.0847,0.0218
-0.0846,0.0218
-0.0846,0.0218
-0.0845,0.0218
-0.0844,0.0218
-0.0844,0.0218
-0.0843,0.0218
-0.0843,0.0217
-0.0842,0.0217
-0.0842,0.0217
-0.0841,0.0217
-0.0840,0.0217
-0.0840,0.0217
-0.0839,0.0217
-0.0839,0.0216
-0.0838,0.0216
-0.0838,0.0216
-0.0837,0.0216
-0.0836,0.0216
-0.0836,0.0216
-0.0835,0.0216
-0.0835,0.0216
-0.0834,0.0215
-0.0834,0.0215
-0.0833,0.0215
-0.0833,0.0215
-0.0832,0.0215
-0.0831,0.0215
-0.0831,0.0215
-0.0830,0.0214
-0.0830,0.0214
-0.0829,0.0214
-0.0829,0.0214
-0.0828,0.0214
-0.0828,0.0214
-0.0827,0.0214
-0.0826,0.0214
-0.0826,0.0213
-0.0825,0.0213
-0.0825,0.0213
-0.0824,0.0213
-0.0824,0.0213
-0.0823,0.0213
-0.0823,0.0213
-0.0822,0.0213
-0.0822,0.0212
-0.0821,0.0212
-0.0820,0.0212
-0.0820,0.0212
-0.0819,0.0212
-0.0819,0.0212
-0.0818,0.0212
-0.0818,0.0211
-0.0817,0.0211
-0.0817,0.0211
-0.0816,0.0211
-0.0816,0.0211
-0.0815,0.0211
-0.0815,0.0211
-0.0814,0.0211
-0.0814,0.0211
-0.0813,0.0210
-0.0813,0.0210
-0.0812,0.0210
-0.0812,0.0210
-0.0811,0.0210
-0.0810,0.0210
-0.0810,0.0210
-0.0809,0.0210
-0.0809,0.0209
-0.0808,0.0209
-0.0808,0.0209
-0.0807,0.0209
-0.0807,0.0209
-0.0806,0.0209
-0.0806,0.0209
-0.0805,0.0209
-0.0805,0.0208
-0.0804,0.0208
-0.0804,0.0208
-0.0803,0.0208
-0.0803,0.0208
-0.0802,0.0208
-0.0802,0.0208
-0.0801,0.0208
-0.0801,0.0207
-0.0800,0.0207
-0.0800,0.0207
-0.0799,0.0207
-0.0799,0.0207
-0.0798,0.0207
-0.0798,0.0207
-0.0797,0.0207
-0.0797,0.0206
-0.0796,0.0206
-0.0796,0.0206
-0.0795,0.0206
-0.0795,0.0206
-0.0794,0.0206
-0.0794,0.0206
-0.0793,0.0206
-0.0793,0.0206
-0.0792,0.0205
-0.0792,0.0205
-0.0791,0.0205
-0.0791,0.0205
-0.0790,0.0205
-0.0790,0.0205
-0.0789,0.0205
-0.0789,0.0205
-0.0788,0.0205
-0.0788,0.0204
-0.0788,0.0204
-0.0787,0.0204
-0.0787,0.0204
-0.0786,0.0204
-0.0786,0.0204
-0.0785,0.0204
-0.0785,0.0204
-0.0784,0.0204
-0.0784,0.0203
-0.0783,0.0203
-0.0783,0.0203
-0.0782,0.0203
-0.0782,0.0203
-0.0781,0.0203
-0.0781,0.0203
-0.0780,0.0203
-0.0780,0.0203
-0.0779,0.0202
-0.0779,0.0202
-0.0779,0.0202
-0.0778,0.0202
-0.0778,0.0202
-0.0777,0.0202
-0.0777,0.0202
-0.0776,0.0202
-0.0776,0.0202
-0.0775,0.0201
-0.0775,0.0201
-0.0774,0.0201
-0.0774,0.0201
-0.0774,0.0201
-0.0773,0.0201
-0.0773,0.0201
-0.0772,0.0201
-0.0772,0.0201
-0.0771,0.0200
-0.0771,0.0200
-0.0770,0.0200
-0.0770,0.0200
-0.0769,0.0200
-0.0769,0.0200
-0.0769,0.0200
-0.0768,0.0200
-0.0768,0.0200
-0.0767,0.0200
-0.0767,0.0199
-0.0766,0.0199
-0.0766,0.0199
-0.0765,0.0199
-0.0765,0.0199
-0.0765,0.0199
-0.0764,0.0199
-0.0764,0.0199
-0.0763,0.0199
-0.0763,0.0199
-0.0762,0.0198
-0.0762,0.0198
-0.0762,0.0198
-0.0761,0.0198
-0.0761,0.0198
-0.0760,0.0198
-0.0760,0.0198
-0.0759,0.0198
-0.0759,0.0198
-0.0759,0.0198
-0.0758,0.0197
-0.0758,0.0197
-0.0757,0.0197
-0.0757,0.0197
-0.0756,0.0197
-0.0756,0.0197
-0.0756,0.0197
-0.0755,0.0197
-0.0755,0.0197
-0.0754,0.0196
-0.0754,0.0196
-0.0753,0.0196
-0.0753,0.0196
-0.0753,0.0196
-0.0752,0.0196
-0.0752,0.0196
-0.0751,0.0196
-0.0751,0.0196
-0.0750,0.0196
0.1835
0.2163
0.2253
0.2284
0.2369
0.2450
0.3141
0.3158
0.3326
0.3521
0.3608
0.3915
0.4019
0.4175
0.4269
0.4450
0.4710
0.4770
0.4793
0.4879
0.4893
0.4897
0.5034
0.5049
0.5059
0.5083
0.5188
0.5256
0.5391
0.5580
0.5652
0.5659
0.5686
0.5710
0.5727
0.5809
0.5985
0.5986
0.6027
0.6137
0.6273
0.6293
0.6356
0.6371
0.6410
0.6413
0.6462
0.6508
0.6509
0.6728
0.6770
0.6778
0.6836
0.6841
0.6855
0.6915
0.6943
0.6947
0.6963
0.6968
0.6998
0.7022
0.7065
0.7105
0.7162
0.7178
0.7194
0.7202
0.7298
0.7318
0.7341
0.7363
0.7420
0.7424
0.7478
0.7489
0.7494
0.7528
0.7546
0.7590
0.7603
0.7632
0.7639
0.7679
0.7720
0.7801
0.7841
0.7873
0.7908
0.7930
0.7946
0.7954
0.7963
0.7978
0.8052
0.8060
0.8150
0.8154
0.8180
0.8184
0.8309
0.8310
0.8316
0.8316
0.8354
0.8388
0.8423
0.8430
0.8450
0.8474
0.8484
0.8532
0.8550
0.8553
0.8642
0.8679
0.8737
0.8745
0.8771
0.8785
0.8798
0.8841
0.8866
0.8868
0.8982
0.9030
0.9049
0.9054
0.9080
0.9086
0.9097
0.9114
0.9120
0.9151
0.9157
0.9211
0.9223
0.9240
0.9270
0.9270
0.9345
0.9390
0.9407
0.9422
0.9447
0.9469
0.9477
0.9480
0.9503
0.9509
0.9535
0.9570
0.9591
0.9621
0.9636
0.9701
0.9737
0.9766
0.9803
0.9838
0.9846
0.9849
0.9859
0.9860
0.9872
0.9879
0.9892
0.9910
0.9951
0.9955
1.0001
1.0008
1.0050
1.0120
1.0182
1.0189
1.0196
1.0198
1.0204
1.0295
1.0313
1.0320
1.0388
1.0394
1.0418
1.0432
1.0466
1.0539
1.0552
1.0554
1.0580
1.0595
1.0618
1.0626
1.0630
1.0642
1.0655
1.0670
1.0671
1.0698
1.0711
1.0755
1.0771
1.0779
1.0796
1.0811
1.0818
1.0877
1.0896
1.0946
1.0949
1.0950
1.0990
1.1000
1.1002
1.1010
1.1014
1.1044
1.1059
1.1069
1.1071
1.1074
1.1082
1.1092
1.1115
1.1126
1.1128
1.1148
1.1149
1.1157
1.1171
1.1186
1.1213
1.1233
1.1246
1.1266
1.1267
1.1279
1.1299
1.1320
1.1328
1.1353
1.1372
1.1395
1.1461
1.1467
1.1478
1.1521
1.1543
1.1544
1.1552
1.1556
1.1564
1.1571
1.1589
1.1596
1.1617
1.1626
1.1643
1.1655
1.1664
1.1671
1.1701
1.1709
1.1727
1.1730
1.1760
1.1769
1.1771
1.1785
1.1794
1.1796
1.1833
1.1849
1.1893
1.1927
1.1950
1.2013
1.2025
1.2025
1.2047
1.2052
1.2068
1.2087
1.2092
1.2094
1.2114
1.2208
1.2212
1.2225
1.2266
1.2270
1.2271
1.2310
1.2312
1.2316
1.2333
1.2364
1.2387
1.2392
1.2421
1.2433
1.2447
1.2457
1.2504
1.2512
1.2519
1.2587
1.2596
1.2605
1.2607
1.2632
1.2645
1.2648
1.2665
1.2670
1.2673
1.2681
1.2686
1.2694
1.2696
1.2700
1.2705
1.2728
1.2738
1.2758
1.2784
1.2785
1.2786
1.2828
1.2833
1.2835
1.2835
1.2836
1.2837
1.2842
1.2848
1.2860
1.2861
1.2895
1.2935
1.2949
1.2949
1.2963
1.2966
1.2967
1.2972
1.2992
1.2997
1.3016
1.3041
1.3047
1.3096
1.3115
1.3127
1.3130
1.3139
1.3145
1.3220
1.3253
1.3254
1.3270
1.3291
1.3327
1.3340
1.3365
1.3379
1.3382
1.3387
1.3407
1.3408
1.3431
1.3438
1.3447
1.3456
1.3462
1.3540
1.3541
1.3548
1.3568
1.3578
1.3598
1.3604
1.3627
1.3628
1.3632
1.3633
1.3651
1.3656
1.3662
1.3681
1.3683
1.3700
1.3712
1.3712
1.3713
1.3716
1.3717
1.3730
1.3762
1.3769
1.3804
1.3818
1.3826
1.3846
1.3850
1.3855
1.3866
1.3871
1.3874
1.3875
1.3880
1.3884
1.3887
1.3915
1.3929
1.3931
1.3945
1.3952
1.4022
1.4029
1.4030
1.4039
1.4041
1.4060
1.4088
1.4105
1.4107
1.4110
1.4125
1.4143
1.4152
1.4156
1.4157
1.4178
1.4179
1.4187
1.4190
1.4196
1.4219
1.4222
1.4224
1.4241
1.4268
1.4279
1.4308
1.4309
1.4325
1.4326
1.4346
1.4349
1.4349
1.4368
1.4370
1.4379
1.4381
1.4406
1.4431
1.4440
1.4446
1.4447
1.4465
1.4473
1.4477
1.4501
1.4545
1.4561
1.4577
1.4584
1.4587
1.4598
1.4608
1.4619
1.4621
1.4637
1.4650
1.4650
1.4679
1.4697
1.4697
1.4698
1.4703
1.4716
1.4723
1.4737
1.4751
1.4770
1.4792
1.4824
1.4839
1.4844
1.4870
1.4872
1.4876
1.4894
1.4916
1.4921
1.4932
1.4967
1.5011
1.5015
1.5031
1.5034
1.5037
1.5052
1.5062
1.5067
1.5094
1.5109
1.5112
1.5117
1.5139
1.5150
1.5163
1.5166
1.5177
1.5185
1.5211
1.5217
1.5221
1.5238
1.5265
1.5285
1.5299
1.5319
1.5325
1.5345
1.5366
1.5379
1.5432
1.5451
1.5451
1.5483
1.5486
1.5488
1.5516
1.5517
1.5533
1.5615
1.5615
1.5623
1.5641
1.5667
1.5681
1.5742
1.5756
1.5771
1.5786
1.5824
1.5855
1.5856
1.5862
1.5862
1.5864
1.5918
1.5945
1.5953
1.5988
1.5999
1.6003
1.6007
1.6077
1.6118
1.6130
1.6134
1.6155
1.6171
1.6200
1.6210
1.6264
1.6267
1.6288
1.6288
1.6293
1.6310
1.6310
1.6329
1.6359
1.6370
1.6410
1.6439
1.6489
1.6538
1.6555
1.6561
1.6565
1.6583
1.6583
1.6603
1.6612
1.6657
1.6661
1.6665
1.6671
1.6681
1.6693
1.6699
1.6705
1.6719
1.6719
1.6725
1.6726
1.6731
1.6742
1.6753
1.6780
1.6792
1.6795
1.6816
1.6840
1.6857
1.6885
1.6906
1.6929
1.6939
1.6939
1.6958
1.7008
1.7011
1.7028
1.7050
1.7077
1.7086
1.7106
1.7119
1.7151
1.7187
1.7187
1.7196
1.7206
1.7211
1.7267
1.7274
1.7284
1.7286
1.7305
1.7326
1.7336
1.7372
1.7400
1.7403
1.7407
1.7412
1.7414
1.7414
1.7419
1.7453
1.7455
1.7489
1.7490
1.7511
1.7514
1.7516
1.7526
1.7531
1.7542
1.7564
1.7568
1.7599
1.7602
1.7606
1.7619
1.7651
1.7653
1.7671
1.7680
1.7696
1.7698
1.7710
1.7713
1.7714
1.7716
1.7727
1.7738
1.7802
1.7808
1.7838
1.7890
1.7929
1.7939
1.7947
1.7993
1.7998
1.8031
1.8093
1.8119
1.8154
1.8241
1.8255
1.8263
1.8286
1.8313
1.8340
1.8396
1.8438
1.8458
1.8485
1.8506
1.8515
1.8530
1.8538
1.8541
1.8543
1.8549
1.8577
1.8601
1.8604
1.8627
1.8631
1.8631
1.8670
1.8677
1.8719
1.8746
1.8772
1.8800
1.8814
1.8830
1.8845
1.8856
1.8860
1.8889
1.8917
1.8934
1.8941
1.8968
1.8982
1.8984
1.9015
1.9025
1.9036
1.9049
1.9059
1.9101
1.9142
1.9147
1.9220
1.9226
1.9246
1.9252
1.9264
1.9275
1.9319
1.9327
1.9328
1.9330
1.9340
1.9350
1.9375
1.9402
1.9459
1.9529
1.9572
1.9591
1.9616
1.9619
1.9637
1.9643
1.9668
1.9680
1.9697
1.9701
1.9706
1.9710
1.9726
1.9751
1.9752
1.9765
1.9770
1.9797
1.9822
1.9831
1.9838
1.9845
1.9859
1.9921
1.9932
1.9980
1.9996
1.9997
2.0027
2.0087
2.0139
2.0147
2.0204
2.0226
2.0274
2.0303
2.0368
2.0369
2.0407
2.0427
2.0434
2.0493
2.0498
2.0550
2.0556
2.0582
2.0622
2.0623
2.0623
2.0636
2.0637
2.0698
2.0709
2.0763
2.0780
2.0789
2.0797
2.0798
2.0808
2.0811
2.0815
2.0830
2.0841
2.0853
2.0907
2.0933
2.0988
2.1053
2.1064
2.1085
2.1183
2.1184
2.1198
2.1279
2.1295
2.1319
2.1328
2.1347
2.1351
2.1377
2.1396
2.1397
2.1459
2.1542
2.1555
2.1578
2.1626
2.1629
2.1645
2.1731
2.1756
2.1777
2.1828
2.1868
2.1899
2.1979
2.2052
2.2122
2.2149
2.2177
2.2186
2.2188
2.2248
2.2268
2.2274
2.2293
2.2314
2.2330
2.2360
2.2393
2.2398
2.2426
2.2428
2.2467
2.2508
2.2525
2.2565
2.2578
2.2579
2.2588
2.2607
2.2637
2.2646
2.2653
2.2660
2.2660
2.2678
2.2828
2.2867
2.2915
2.2961
2.3020
2.3029
2.3108
2.3126
2.3152
2.3171
2.3183
2.3184
2.3186
2.3204
2.3219
2.3228
2.3252
2.3372
2.3404
2.3408
2.3413
2.3419
2.3456
2.3485
2.3593
2.3621
2.3771
2.3783
2.3811
2.3880
2.3978
2.4112
2.4115
2.4161
2.4194
2.4197
2.4242
2.4322
2.4323
2.4385
2.4449
2.4463
2.4475
2.4497
2.4569
2.4582
2.4671
2.4676
2.4922
2.5094
2.5146
2.5238
2.5259
2.5374
2.5392
2.5462
2.5482
2.5576
2.5578
2.5579
2.5601
2.5657
2.5741
2.5743
2.5784
2.5790
2.5926
2.5988
2.5990
2.6236
2.6258
2.6333
2.6454
2.6550
2.6595
2.6627
2.6717
2.6910
2.6988
2.7076
2.7139
2.7200
2.7201
2.7245
2.7260
2.7320
2.7481
2.7688
2.7692
2.7821
2.7860
2.7863
2.7902
2.7914
2.8223
2.8342
2.8638
2.8716
2.8956
2.8959
2.8974
2.9317
2.9378
2.9642
2.9721
2.9785
3.0026
3.0613
3.0730
3.0831
3.1113
3.1454
3.2454
3.3648
3.3852
3.4093
3.4638
3.5022
3.5698
3.8002
3.8955
